433
406
160
371
411
398
385
398
429
377
371
341
441
379
434
375
401
374
179
421
386
412
424
166
384
410
373
388
403
162
369
424
392
387
381
148
408
363
352
399
387
401
377
391
409
151
390
362
365
439
128
385
408
425
414
366
404
390
381
371
389
405
369
391
153
167
371
406
375
386
395
361
392
396
384
401
394
424
360
430
372
368
397
424
388
356
406
127
419
144
373
399
369
398
391
401
416
396
417
357
399
391
364
428
130
412
372
395
364
424
361
382
349
377
162
378
403
374
408
382
385
418
386
377
367
438
416
410
382
399
372
409
386
390
396
439
385
389
392
384
368
347
406
411
416
383
406
164
401
383
179
413
375
411
149
363
170
383
350
388
155
395
398
386
411
368
423
156
400
373
381
412
376
406
367
393
363
402
388
151
376
393
384
399
420
374
393
416
180
366
366
394
372
373
410
438
382
162
425
395
390
389
419
388
420
401
383
385
393
405
376
388
158
369
420
403
408
403
392
375
175
397
385
419
376
336
399
399
417
374
418
375
400
367
402
357
399
400
410
410
394
414
395
422
418
136
363
413
130
374
389
380
395
378
371
355
428
376
429
376
398
410
406
382
389
418
138
132
402
378
415
360
396
188
370
154
349
307
390
370
383
404
397
400
384
372
364
398
375
391
428
441
162
382
365
381
408
422
404
387
408
410
398
377
396
402
419
419
405
370
396
386
393
385
392
160
434
409
395
390
374
419
399
396
375
372
391
402
139
436
407
405
381
432
376
391
383
406
427
401
390
376
396
429
392
404
426
376
409
362
143
387
436
406
400
395
375
381
411
409
402
165
176
370
121
411
424
390
374
410
165
326
156
388
429
150
410
402
143
432
402
401
412
397
378
382
372
402
393
362
392
372
403
395
414
380
413
399
382
407
163
380
353
172
383
404
364
372
409
380
351
397
410
377
389
395
371
400
403
383
401
364
404
366
454
405
394
420
437
372
388
126
390
396
402
165
399
356
408
376
184
411
366
412
408
165
164
406
351
388
389
398
378
415
415
401
400
154
148
379
433
414
376
364
394
382
349
397
414
390
411
381
149
395
405
391
387
380
423
149
423
368
390
422
392
394
380
414
393
403
442
413
382
389
178
382
374
421
133
421
406
430
384
379
163
407
366
415
365
379
394
397
368
394
372
134
401
430
365
370
417
402
172
373
396
153
427
413
168
395
393
415
170
396
399
158
388
391
374
364
396
426
396
360
418
388
400
393
443
390
150
370
165
393
402
367
410
370
392
392
158
408
391
363
416
171
160
412
371
395
171
392
390
402
404
385
363
376
395
158
406
407
158
376
459
397
424
421
350
377
362
405
362
419
422
383
403
378
395
339
401
377
417
418
379
396
159
167
380
379
371
397
395
414
383
411
379
409
381
415
412
170
156
379
172
365
404
397
392
413
406
378
369
400
364
403
390
384
412
416
364
156
366
399
387
403
153
387
377
164
390
151
398
386
400
380
384
402
359
376
176
167
410
395
437
166
396
409
331
169
399
394
433
386
406
391
433
374
371
387
407
416
347
433
137
394
395
432
433
162
395
402
408
368
396
149
374
377
377
369
348
423
391
373
393
401
379
153
363
381
410
377
364
360
405
422
393
371
383
397
178
143
424
406
409
364
448
415
402
383
380
405
415
380
371
392
420
420
398
415
360
388
391
387
147
356
427
401
407
413
362
440
409
155
412
105
345
406
383
164
397
412
405
387
384
404
381
125
389
369
158
380
395
390
149
342
369
120
412
348
162
401
349
369
401
411
377
354
156
405
348
430
376
424
409
384
378
390
408
145
381
161
161
365
371
428
386
413
398
378
378
386
367
404
392
371
154
417
419
164
399
461
420
380
403
381
415
195
163
152
378
365
353
394
379
379
405
398
418
336
432
460
370
375
400
168
402
368
278
383
175
395
388
394
384
414
384
413
418
426
365
398
370
392
370
162
428
395
383
403
403
395
389
153
385
393
433
160
366
382
397
421
380
398
180
400
376
422
410
149
390
336
173
356
397
406
401
392
130
358
395
394
395
389
130
142
380
387
154
377
414
160
398
409
420
415
384
402
117
144
158
404
364
396
418
403
361
405
403
388
170
391
413
350
407
418
401
398
112
412
413
373
397
382
376
157
399
421
161
374
431
439
390
398
355
391
160
379
369
411
408
424
392
362
381
385
403
390
396
378
406
434
411
372
409
391
408
431
406
352
385
390
438
376
360
388
419
148
398
354
400
398
112
364
381
352
413
413
355
364
359
365
289
417
360
376
170
389
127
397
422
365
349
420
341
431
405
377
386
359
409
397
373
403
384
419
352
371
388
386
382
421
400
164
387
404
398
398
378
395
435
444
401
176
406
437
369
373
399
405
139
430
407
392
427
389
342
408
405
382
354
379
399
161
404
405
167
410
373
351
404
372
419
380
400
354
365
414
384
379
369
380
400
401
398
351
374
411
168
373
367
348
419
396
403
400
405
357
387
409
348
403
382
160
384
126
408
422
385
128
393
402
408
396
360
390
410
362
184
176
390
384
415
372
424
393
386
414
163
381
395
412
363
356
152
380
142
400
418
165
373
433
406
413
381
399
391
392
390
365
356
394
383
397
398
373
345
442
383
439
388
385
386
394
426
389
164
155
373
414
392
405
409
168
349
380
434
375
376
364
422
168
210
335
409
407
405
393
175
382
164
193
413
427
369
437
123
398
349
363
368
92
421
424
434
393
417
165
363
399
373
372
399
405
400
376
437
379
391
360
384
412
390
380
370
174
371
397
389
402
401
413
372
411
395
158
357
415
395
405
387
350
394
377
396
392
425
389
379
376
366
416
363
342
374
394
392
411
379
165
399
417
382
405
374
419
342
417
148
341
157
384
396
394
383
387
404
367
417
388
387
412
379
378
413
388
354
412
396
402
384
143
387
371
325
369
396
160
161
164
373
422
385
172
420
374
366
412
375
416
384
392
422
397
397
446
392
401
398
393
384
412
420
419
375
405
393
409
405
419
380
394
394
373
414
155
373
386
87
137
353
167
387
397
412
153
380
384
391
385
150
371
398
392
162
400
397
159
386
402
409
390
362
444
139
406
387
391
399
401
407
416
399
133
370
140
377
405
383
162
418
364
384
380
163
396
359
390
402
371
352
425
381
381
415
401
407
394
369
396
365
414
392
371
381
372
302
381
404
389
382
366
326
394
381
381
382
446
408
395
407
425
412
404
405
394
388
399
356
163
398
371
369
388
428
421
439
347
413
383
406
164
394
404
377
393
377
416
388
401
428
392
368
359
422
397
393
327
399
404
375
413
354
406
149
387
346
390
382
379
400
186
359
382
375
365
402
366
396
335
374
397
392
425
371
421
379
406
434
430
410
412
399
168
359
352
131
403
430
168
424
370
407
426
418
153
387
412
407
361
399
155
157
171
414
382
152
395
386
401
395
414
145
397
379
419
372
411
365
359
401
403
158
402
354
419
378
380
430
414
415
399
363
374
402
389
147
382
369
388
404
378
393
155
417
404
391
391
385
384
404
165
386
439
364
363
164
428
155
427
357
152
380
153
391
436
390
374
368
405
375
372
167
411
388
172
360
162
411
398
373
396
386
387
418
143
397
395
391
351
380
406
403
377
409
394
363
399
363
424
426
438
164
378
146
372
413
369
390
423
372
409
369
403
399
414
391
385
379
344
344
377
351
386
410
380
376
165
365
405
419
403
405
377
371
413
142
377
393
361
429
379
386
146
161
146
358
163
153
383
400
386
408
417
395
382
396
327
384
131
404
419
347
364
394
410
368
386
383
154
343
140
378
381
438
383
395
402
378
414
391
387
399
392
361
373
173
147
419
375
399
401
419
442
377
381
387
388
387
415
373
395
370
174
416
411
404
403
406
389
378
380
427
381
407
426
164
372
403
344
137
405
366
390
362
343
394
385
355
409
376
436
383
381
424
413
434
379
406
385
383
402
405
427
404
446
408
412
381
438
420
418
377
394
398
421
399
395
400
384
359
382
166
388
387
402
406
375
411
169
364
429
373
374
415
171
398
393
432
374
149
400
391
154
360
357
381
396
334
449
398
169
396
412
377
363
409
385
392
377
385
394
159
146
366
388
429
388
401
403
424
410
407
380
429
397
384
168
168
137
384
415
392
407
413
397
360
382
374
414
425
407
382
390
376
354
169
417
371
428
387
366
396
405
164
423
392
392
377
382
413
389
388
371
426
151
377
392
353
387
161
393
416
373
176
416
393
393
387
393
374
386
158
399
369
398
370
383
406
364
394
159
402
396
374
172
390
377
423
388
409
393
431
132
382
387
376
364
0
148
365
378
374
407
430
391
374
398
394
357
410
411
401
382
413
372
418
376
369
375
376
384
413
384
384
385
371
417
397
396
397
383
383
392
313
434
352
394
399
399
398
404
396
386
428
140
395
389
415
383
185
118
378
412
382
420
353
445
423
391
406
120
377
403
389
406
405
350
392
396
381
157
397
393
419
414
377
154
397
391
362
379
163
404
411
400
146
382
419
414
370
134
385
419
407
393
172
144
387
378
378
352
141
161
375
410
391
372
384
383
416
393
416
379
401
340
377
404
406
392
128
167
397
404
380
387
366
153
408
180
187
182
381
428
433
406
389
399
375
393
386
403
408
158
378
415
391
369
379
396
363
372
396
387
379
368
413
380
390
166
377
415
391
411
384
357
390
389
372
375
152
385
373
417
370
419
387
394
159
435
380
171
157
392
412
395
371
398
399
392
399
432
402
164
135
357
417
385
364
361
411
385
387
378
396
411
369
384
378
441
401
385
431
381
410
350
382
377
408
417
367
370
408
402
179
370
425
397
410
382
400
382
365
424
402
420
379
381
401
381
396
374
167
380
415
428
425
385
429
413
354
412
367
403
388
409
370
379
393
388
118
406
408
424
392
382
411
374
406
388
405
340
384
375
430
411
406
387
387
383
384
382
415
172
145
401
402
386
414
173
397
384
403
408
389
433
372
364
347
371
373
379
408
383
155
384
402
435
396
389
384
394
164
375
176
420
397
394
366
408
408
406
384
364
184
355
407
387
388
174
397
398
383
354
409
361
383
413
412
382
396
381
343
400
407
388
148
382
442
392
368
416
378
396
389
397
406
379
399
401
388
396
148
383
367
420
413
423
430
391
156
373
385
378
390
414
388
395
397
400
409
383
366
393
386
367
387
379
385
157
375
179
426
376
399
423
403
166
404
375
164
407
419
424
381
386
380
154
160
384
378
390
418
389
397
419
375
371
417
430
420
394
159
406
368
375
382
125
376
313
388
365
411
400
398
356
426
401
389
446
401
370
385
376
183
167
375
386
176
420
344
362
397
357
407
355
406
364
389
153
365
422
380
133
378
403
390
398
378
381
421
417
138
136
151
388
414
398
382
379
385
366
432
401
176
383
357
390
403
379
379
385
389
403
409
380
421
368
383
404
404
393
164
392
390
396
413
429
364
373
354
390
402
158
397
379
385
173
406
406
407
380
381
396
395
388
430
359
451
384
385
377
350
401
395
420
372
376
374
418
427
383
160
383
152
400
384
409
374
368
400
417
397
396
391
382
396
393
346
147
392
410
123
151
155
394
147
410
378
373
459
418
429
406
357
157
377
402
405
388
182
429
375
399
358
393
425
419
401
414
395
387
360
390
156
404
379
385
419
373
169
391
401
379
376
396
387
152
336
389
421
414
374
398
420
395
414
391
380
360
409
427
414
372
384
395
396
364
393
424
415
139
389
461
385
397
437
384
392
386
376
384
154
431
425
400
393
384
394
406
407
403
411
414
375
400
398
400
373
418
396
391
408
152
387
411
368
353
395
412
379
420
137
382
385
392
392
401
407
397
365
401
377
409
405
346
423
395
157
389
393
394
377
164
402
374
191
369
396
393
381
401
135
169
407
384
389
371
382
392
382
183
151
409
390
399
407
387
382
129
374
382
435
375
352
387
405
383
394
365
373
402
415
387
416
379
397
397
425
152
158
360
368
147
373
361
381
379
422
155
374
377
407
139
383
381
384
167
413
357
394
360
139
423
401
404
356
375
378
368
386
54
387
400
398
390
355
412
382
151
398
374
430
160
381
369
411
411
413
415
117
388
395
365
376
428
387
164
405
409
401
413
157
402
368
379
168
142
384
421
414
40
402
389
397
385
402
379
391
398
437
410
406
369
369
156
392
379
405
405
383
407
184
399
415
348
385
391
176
380
401
367
419
402
395
399
396
416
176
396
422
412
393
388
403
404
415
370
382
371
366
418
380
395
372
387
382
370
374
399
400
385
406
425
367
383
422
378
429
396
399
380
388
159
160
381
379
400
387
404
366
385
362
382
383
172
144
397
187
423
390
399
446
382
396
388
396
130
173
393
134
403
395
386
389
393
159
368
376
371
408
374
374
380
448
391
367
416
380
144
127
371
404
394
393
148
392
413
388
149
411
422
380
408
357
398
388
360
366
145
375
427
376
378
396
370
410
399
404
374
378
378
387
376
393
155
377
403
373
137
377
365
382
375
401
165
402
383
381
402
161
391
368
353
335
402
382
432
150
390
336
431
390
151
424
394
375
429
407
367
373
393
407
392
444
390
407
413
395
357
439
399
389
389
372
393
392
383
390
410
114
381
415
146
416
427
389
363
410
379
422
399
415
355
409
389
418
404
390
358
402
400
400
403
410
408
400
356
422
131
428
378
382
436
412
129
376
403
379
387
388
394
397
170
145
382
161
371
415
147
419
374
394
158
394
365
387
385
384
395
396
386
388
451
402
378
408
389
381
434
176
392
394
150
368
387
387
398
353
408
384
389
405
390
415
336
389
381
387
147
413
405
153
380
423
399
387
168
387
385
425
374
380
375
360
406
393
147
386
430
417
383
155
394
372
406
388
394
380
350
432
364
361
419
389
408
415
403
384
350
408
417
414
401
374
135
420
409
405
404
418
423
159
376
379
385
378
414
421
395
396
159
414
354
411
398
390
143
395
144
385
397
407
145
357
399
399
376
369
412
411
378
377
354
401
160
395
153
388
402
406
419
364
383
394
350
412
367
163
408
377
395
400
394
370
119
397
378
405
428
403
445
387
379
420
162
423
371
151
415
393
140
434
374
414
401
179
403
397
343
387
159
380
170
358
388
400
164
162
422
395
431
375
384
370
416
422
359
389
388
372
392
412
362
369
424
380
381
375
396
432
381
391
364
150
399
407
369
414
435
401
407
363
380
400
185
368
396
354
343
401
392
383
377
363
400
396
403
404
391
370
394
410
403
389
145
380
386
397
369
424
399
170
380
391
387
404
172
369
397
399
385
400
409
367
361
394
384
383
177
404
417
371
383
432
371
397
380
343
380
370
405
408
376
172
381
353
370
165
356
423
384
178
383
153
176
415
387
400
361
157
390
403
386
354
396
436
139
373
377
398
382
361
383
361
400
413
367
387
401
364
409
373
382
413
400
388
393
411
381
174
370
395
387
394
369
165
377
351
436
350
166
421
400
162
378
391
171
389
390
400
364
425
415
401
374
357
373
394
171
160
386
395
384
404
400
388
413
424
366
369
391
403
406
362
368
378
386
374
400
0
402
425
416
393
376
397
406
416
424
148
426
357
385
413
370
427
393
168
377
425
355
177
373
395
180
410
431
400
391
154
160
419
369
389
395
413
364
396
346
124
390
401
396
379
367
162
411
406
362
366
376
394
390
404
394
387
369
410
407
403
388
164
400
398
163
369
361
399
409
397
402
377
369
402
371
387
395
380
363
416
408
366
421
402
394
381
405
371
401
379
404
392
361
353
378
393
398
394
404
151
403
377
365
432
362
375
409
408
384
167
363
405
385
371
394
381
337
413
382
152
396
359
367
410
368
418
440
371
387
368
379
407
389
403
370
413
386
398
155
377
387
376
408
408
375
142
415
419
367
386
324
430
417
407
426
381
383
404
396
406
397
379
173
444
394
415
359
376
396
387
356
376
377
386
381
429
344
374
370
417
148
385
405
392
379
137
385
357
395
370
398
403
381
394
394
430
405
388
418
415
166
163
418
427
411
382
388
402
389
408
393
405
413
396
377
402
378
397
388
413
395
136
373
430
336
380
430
390
398
394
376
412
396
416
453
371
131
376
391
381
402
403
180
346
395
180
374
375
400
420
394
380
397
377
370
378
393
356
395
397
161
394
389
426
399
389
381
367
405
394
128
375
422
398
375
391
379
390
408
410
377
410
422
428
418
399
401
352
354
415
414
398
396
385
369
384
409
395
398
429
411
406
183
404
382
392
169
386
398
400
360
124
421
360
371
419
389
151
174
146
389
390
386
395
363
387
175
395
382
407
409
392
438
156
377
381
349
358
387
382
400
407
377
408
140
396
417
391
434
395
411
386
396
394
398
387
402
420
402
388
401
406
412
386
377
400
415
380
375
385
419
161
386
392
173
376
408
433
400
345
140
400
384
399
361
143
406
164
341
373
393
377
395
163
423
370
394
353
373
155
435
401
430
379
381
393
371
430
444
379
415
420
367
390
370
391
162
158
406
410
443
147
387
397
389
408
401
364
376
394
168
374
393
433
422
171
434
393
457
160
160
406
377
362
380
336
408
408
142
386
406
409
335
387
384
390
365
383
404
387
386
373
383
385
379
371
379
168
361
391
416
406
440
428
373
413
370
408
404
165
373
387
471
398
131
377
378
404
436
395
368
417
361
147
408
172
392
410
389
379
384
370
325
372
383
394
413
402
430
392
397
145
393
384
346
411
389
410
412
391
387
398
410
410
376
385
340
395
375
407
378
390
379
370
399
393
397
167
105
394
406
384
377
383
370
435
397
400
378
413
371
419
384
402
422
402
440
338
434
408
422
370
374
360
407
401
388
164
152
377
126
366
125
391
375
391
438
382
399
140
390
428
416
378
367
395
379
395
406
353
356
386
380
364
157
394
350
357
400
385
363
395
391
419
352
413
376
174
415
376
123
162
376
155
415
406
396
399
165
409
414
399
135
450
429
126
351
362
388
410
386
396
389
141
401
388
399
415
372
376
393
416
363
417
366
385
431
378
406
379
409
386
409
386
427
424
413
418
441
399
362
152
158
388
376
113
431
357
336
389
372
380
399
371
402
377
449
171
412
392
372
386
395
369
407
379
175
378
168
398
345
363
402
389
390
439
134
416
383
369
124
404
141
401
390
405
393
381
421
407
371
375
397
408
362
398
369
406
400
335
422
386
368
126
429
370
391
384
374
376
168
155
419
369
395
348
405
394
430
458
158
360
383
398
407
423
169
396
393
434
419
400
376
386
421
400
385
402
419
380
143
362
389
330
413
421
414
399
391
156
403
389
450
373
400
370
415
382
414
153
385
415
415
397
382
417
383
425
387
365
391
413
378
351
393
367
379
386
401
423
367
430
369
398
399
403
376
392
390
427
395
396
421
419
384
419
383
426
404
406
386
388
410
383
408
369
356
363
363
400
400
378
163
391
386
410
154
381
364
375
417
378
406
382
412
373
407
166
376
409
383
407
382
351
400
405
419
380
387
397
378
410
348
395
421
424
415
399
395
160
371
397
444
415
413
391
154
391
416
160
385
371
409
370
377
359
146
405
372
168
374
414
177
375
405
397
392
394
150
390
390
371
454
391
392
384
143
413
419
398
414
427
386
383
403
365
404
476
380
403
175
381
361
404
151
410
446
379
402
350
411
381
382
413
412
382
396
394
128
393
378
160
386
388
397
390
385
407
362
161
378
144
408
375
395
379
415
355
357
140
388
411
119
376
139
355
393
378
397
391
381
370
406
346
400
151
135
396
399
387
400
398
411
393
390
350
435
393
390
379
389
353
383
394
399
425
353
150
176
172
415
373
408
407
424
361
375
410
362
379
112
145
400
397
371
391
134
360
397
407
397
366
394
364
409
416
386
391
385
429
428
375
392
375
387
386
168
422
415
389
386
394
374
423
174
397
437
355
414
373
376
407
395
357
390
393
388
357
372
389
354
412
158
379
425
171
159
365
414
413
410
417
376
398
411
361
412
415
415
404
387
367
410
405
425
401
386
165
371
442
155
357
405
385
336
373
361
359
385
398
406
399
410
410
405
390
396
405
169
173
413
413
382
421
429
115
402
375
149
384
385
409
414
394
142
378
361
371
392
391
168
154
425
451
366
160
391
392
391
391
387
442
159
119
391
410
416
378
416
363
432
406
363
388
373
370
423
372
407
372
396
395
418
405
369
402
387
422
395
376
356
329
358
383
170
416
407
349
149
361
388
388
417
411
382
398
376
388
152
403
158
445
388
394
400
168
398
123
180
404
155
363
436
385
398
394
127
366
159
167
377
393
386
392
391
368
391
385
381
397
427
398
397
413
363
378
396
402
384
410
390
177
415
420
412
445
165
385
361
401
401
385
155
395
390
374
402
355
371
360
396
419
392
395
373
391
364
395
375
419
380
371
403
124
391
387
391
430
402
418
399
375
390
403
371
386
426
390
373
391
371
373
377
433
409
399
159
173
406
382
394
379
143
409
394
387
363
373
414
392
377
387
412
172
381
379
398
443
406
374
384
407
409
388
346
375
391
408
417
405
380
366
434
414
154
365
423
379
399
390
360
414
415
396
423
357
442
390
350
366
411
381
389
367
371
392
359
184
428
418
387
380
404
146
386
398
386
150
397
154
166
435
359
389
104
410
384
397
402
378
382
383
172
396
377
361
393
377
410
387
418
153
138
377
408
397
424
390
407
174
397
151
373
390
149
166
370
414
377
417
403
375
159
429
364
165
413
397
385
398
371
380
370
400
420
434
395
387
390
403
368
386
377
443
406
150
382
394
393
402
157
426
364
394
397
424
380
394
385
409
363
430
359
179
403
430
359
166
403
382
393
376
404
368
411
392
369
433
405
409
396
405
375
164
406
387
379
368
166
368
392
378
374
400
165
398
412
378
400
392
426
383
389
362
404
359
382
404
405
376
412
408
410
403
404
0
402
364
367
381
175
439
361
414
150
404
164
409
382
391
380
367
400
399
413
379
389
388
379
384
404
374
383
356
123
363
401
375
409
404
417
419
398
402
132
402
384
383
373
396
356
396
379
393
371
371
377
397
417
365
366
395
410
425
365
413
406
406
425
400
156
391
400
402
393
394
351
381
363
368
406
170
372
413
378
391
155
380
364
406
387
379
407
391
406
178
103
397
364
396
396
185
395
426
133
375
380
393
363
389
177
386
375
389
361
406
379
159
406
400
399
451
449
442
406
369
392
143
401
385
386
393
425
415
393
407
370
402
164
398
403
388
406
387
385
357
374
377
390
172
399
128
390
405
376
372
409
405
166
356
375
155
384
150
386
390
354
149
392
380
166
415
382
136
167
403
420
405
427
404
164
398
402
158
415
429
411
415
386
179
356
384
154
385
182
422
415
407
434
165
377
413
384
378
415
418
380
396
373
374
406
379
400
350
400
429
409
404
379
379
400
446
389
429
385
399
393
394
398
385
432
394
386
373
133
391
392
386
382
376
159
350
390
154
366
394
408
389
135
370
393
366
384
416
365
177
421
409
395
401
385
388
434
395
397
417
397
401
421
123
392
407
395
391
370
387
362
375
405
170
410
400
154
376
363
401
425
393
391
428
377
150
381
393
399
379
391
380
159
408
371
381
396
393
409
390
401
412
382
401
408
391
373
360
395
417
460
397
447
336
433
131
383
362
403
406
395
384
375
409
381
386
392
392
402
379
397
378
366
361
381
389
370
414
392
393
376
427
410
146
400
404
176
414
146
397
404
399
380
392
385
372
412
381
380
168
399
422
183
373
388
376
406
392
406
395
388
430
384
377
345
366
392
397
399
154
372
406
387
343
351
356
168
376
366
361
397
373
413
385
397
350
180
383
421
364
386
404
354
164
387
387
144
369
360
362
394
176
117
378
411
415
401
419
392
168
158
159
399
152
383
355
398
416
392
384
131
394
167
375
407
407
399
157
395
392
401
378
138
371
401
364
377
402
383
365
433
391
386
392
396
402
369
382
373
374
371
356
405
345
360
428
386
168
386
152
387
409
151
386
164
397
416
380
420
402
392
392
386
352
397
375
396
401
413
368
433
409
399
155
389
398
392
378
376
394
388
413
168
376
410
140
397
390
407
409
386
410
401
427
451
394
409
401
378
403
402
387
434
386
392
149
353
160
401
437
339
400
175
372
403
375
424
407
399
169
391
434
393
383
382
415
394
426
395
408
388
407
419
415
385
398
374
417
389
363
396
352
384
375
354
430
390
393
404
386
426
391
421
416
375
409
416
373
389
424
415
378
150
379
362
403
359
376
425
424
383
399
368
408
408
387
384
178
397
424
403
384
392
393
396
322
415
0
385
367
413
404
380
389
340
403
365
363
403
383
381
408
386
378
381
423
398
383
374
162
407
389
409
401
402
401
390
343
376
152
404
405
388
364
395
373
377
408
389
382
373
386
404
392
370
397
368
136
165
418
390
440
407
413
424
124
370
158
382
144
432
393
380
160
394
426
390
394
159
444
410
400
397
413
394
364
373
324
368
387
160
406
392
349
363
400
418
405
146
391
416
394
394
355
375
406
381
402
142
388
393
387
392
397
434
413
372
396
376
350
411
377
390
418
176
382
364
372
381
387
405
351
387
378
446
344
369
360
390
415
397
399
374
400
176
380
379
357
414
412
368
340
358
416
421
399
375
153
403
413
156
406
391
362
430
382
142
390
379
417
121
360
156
380
399
146
407
367
389
384
359
413
405
423
387
398
377
373
370
393
390
392
405
373
381
423
154
377
175
390
426
387
193
156
367
364
360
380
162
385
338
402
392
387
388
392
167
410
415
415
409
382
366
177
418
172
387
355
353
405
357
359
388
411
144
344
393
396
396
388
420
361
394
423
149
370
395
380
367
447
292
396
394
154
385
421
364
439
384
373
420
157
127
366
363
176
407
411
368
401
405
376
431
128
383
418
411
369
367
398
402
394
365
165
409
396
148
406
390
422
373
368
383
380
374
404
412
374
376
423
392
387
401
145
384
414
395
397
383
411
378
430
401
178
380
393
398
417
394
371
134
359
397
415
402
377
384
391
150
368
413
396
153
408
411
408
397
405
412
405
409
346
422
414
434
392
398
396
369
400
382
402
380
376
455
389
387
410
377
356
364
402
425
401
378
401
116
386
376
363
370
400
345
402
153
133
364
149
387
378
380
398
353
402
400
391
175
383
423
398
392
395
382
369
358
407
162
395
389
160
403
169
152
396
184
372
395
132
387
388
361
377
358
393
408
364
382
385
381
370
367
433
419
332
396
396
435
161
368
427
179
397
371
412
170
376
408
395
384
408
366
374
148
424
381
141
110
401
407
377
409
146
409
409
362
365
371
399
372
412
396
405
388
387
400
422
407
380
152
390
423
421
360
417
400
379
423
151
383
403
417
390
392
413
361
400
381
362
392
377
380
407
404
413
155
413
154
390
154
383
406
388
172
378
393
388
390
416
399
382
362
385
400
356
388
357
382
139
384
141
402
413
369
144
359
406
187
410
402
408
388
405
131
385
387
395
409
392
408
385
385
393
356
378
165
370
392
394
416
409
415
394
379
345
154
360
399
398
408
401
389
404
409
381
399
400
125
116
369
383
412
371
142
424
396
384
137
388
398
368
340
399
448
395
373
409
394
431
362
128
393
388
411
397
402
407
377
365
394
378
112
396
385
406
417
420
361
377
361
391
407
401
382
404
385
387
406
401
383
395
392
123
387
372
162
421
170
377
159
353
158
429
358
360
368
431
412
401
410
382
373
387
388
377
410
381
395
392
429
378
389
400
423
374
354
392
176
154
397
366
418
375
397
413
417
396
371
142
378
358
407
385
384
158
148
366
408
380
404
371
359
372
364
376
413
411
162
398
406
190
133
166
163
381
381
377
420
393
387
398
159
344
152
387
377
395
365
381
358
386
388
388
422
388
389
423
407
378
371
384
374
385
418
357
436
383
379
364
388
411
413
152
408
383
398
415
395
404
376
136
371
379
416
393
264
364
405
371
408
428
391
363
449
387
358
420
363
421
399
391
383
121
424
425
400
393
196
403
386
360
369
407
390
368
351
153
363
172
367
423
163
383
167
405
412
400
388
417
383
388
414
376
386
149
380
352
410
141
371
388
430
149
400
416
422
340
177
357
397
394
378
371
398
421
401
398
367
401
409
399
167
394
383
413
395
387
402
386
403
422
374
388
396
390
394
134
359
405
400
386
366
377
393
374
390
413
399
390
390
389
397
404
422
404
397
367
358
372
385
388
157
412
371
408
116
444
150
404
382
435
383
423
377
369
387
363
361
151
378
410
399
372
442
387
391
403
379
403
396
411
370
382
389
374
384
375
145
396
377
402
373
378
398
372
151
382
380
175
427
362
404
179
372
416
419
175
364
150
381
429
373
408
405
414
366
397
185
405
408
391
384
396
423
358
382
356
369
409
412
380
423
380
170
391
385
417
410
436
393
397
382
396
389
394
377
405
425
417
133
425
400
407
170
426
410
415
397
403
163
410
426
372
393
389
366
354
422
423
367
357
404
382
368
362
363
388
409
378
399
392
382
407
400
388
357
347
422
141
160
379
372
152
375
393
368
374
401
372
143
372
403
378
349
421
380
376
390
377
420
384
354
426
432
164
408
399
152
161
398
381
411
368
440
410
359
345
400
395
410
421
409
151
405
343
386
419
385
438
374
394
401
409
395
406
158
382
421
372
