0.502904
0.498771
0.473373
0.46433
0.507407
0.523684
0.487959
0.502525
0.540302
0.480867
0.482445
0.428931
0.521893
0.47733
0.502897
0.501337
0.483133
0.486979
0.537538
0.524938
0.49047
0.513076
0.508393
0.507645
0.501961
0.485207
0.470366
0.49553
0.49938
0.504673
0.474903
0.510843
0.486957
0.505222
0.478043
0.498316
0.493947
0.482072
0.45478
0.480723
0.489254
0.505038
0.466584
0.502571
0.506188
0.476341
0.47619
0.46952
0.469755
0.53602
0.507937
0.492327
0.497561
0.513906
0.504878
0.477184
0.506266
0.491184
0.469212
0.455215
0.480841
0.520566
0.483617
0.477411
0.506623
0.513846
0.478093
0.514575
0.461823
0.494238
0.50641
0.45125
0.498094
0.494382
0.494845
0.489621
0.469048
0.508393
0.46332
0.5
0.469105
0.437574
0.518954
0.524752
0.474908
0.461738
0.5
0.488462
0.501796
0.457143
0.465087
0.505703
0.477979
0.508301
0.47858
0.498756
0.536774
0.478261
0.493491
0.453621
0.491379
0.503218
0.465473
0.51135
0.496183
0.496386
0.501348
0.47136
0.468468
0.531328
0.50419
0.482323
0.435162
0.479644
0.522581
0.470735
0.495086
0.486346
0.495146
0.468137
0.484277
0.509756
0.468447
0.47782
0.49932
0.536765
0.487691
0.5
0.486624
0.488372
0.483117
0.50184
0.48799
0.503876
0.516971
0.53602
0.472393
0.48323
0.501279
0.481203
0.475452
0.444302
0.523196
0.495181
0.534018
0.487277
0.501235
0.483776
0.482551
0.48481
0.51585
0.492253
0.47954
0.485816
0.493377
0.450932
0.510511
0.491026
0.455729
0.485607
0.479876
0.488861
0.513548
0.505898
0.516981
0.475452
0.520295
0.478528
0.486618
0.471555
0.48535
0.531613
0.470588
0.504975
0.477243
0.499365
0.480159
0.510801
0.488665
0.541219
0.477157
0.509067
0.463209
0.487179
0.495283
0.485084
0.473494
0.503632
0.505618
0.476563
0.484768
0.49066
0.458128
0.475765
0.513141
0.536765
0.484772
0.514286
0.517661
0.493134
0.502577
0.489924
0.510976
0.474908
0.510328
0.49082
0.492921
0.487342
0.503201
0.493902
0.472956
0.482587
0.489164
0.477979
0.521739
0.507557
0.51
0.520672
0.479804
0.499334
0.530303
0.493781
0.488579
0.494104
0.478981
0.426938
0.493201
0.522936
0.505455
0.490814
0.511628
0.464684
0.492611
0.457606
0.504391
0.452471
0.481884
0.480769
0.503686
0.508685
0.511025
0.491103
0.494368
0.521632
0.497027
0.505576
0.46242
0.493429
0.492424
0.47765
0.50454
0.47619
0.521797
0.483376
0.483703
0.477151
0.539723
0.490222
0.501168
0.459658
0.507653
0.504926
0.479905
0.496749
0.48323
0.514145
0.520755
0.509653
0.49691
0.457074
0.501208
0.466926
0.48
0.523677
0.472542
0.516779
0.459211
0.416554
0.452962
0.479275
0.48852
0.473623
0.514916
0.488998
0.468293
0.455882
0.472114
0.487745
0.45676
0.482716
0.518788
0.514586
0.48503
0.479297
0.49458
0.472119
0.494545
0.499408
0.487923
0.501946
0.497561
0.501836
0.486553
0.479034
0.490099
0.498759
0.517923
0.512225
0.487952
0.478036
0.491925
0.486759
0.461268
0.519568
0.488169
0.542373
0.520384
0.492178
0.512322
0.486284
0.491459
0.510976
0.510883
0.496241
0.448029
0.478149
0.513123
0.506297
0.494662
0.520908
0.496947
0.47929
0.484117
0.515513
0.475949
0.495564
0.491026
0.513924
0.49709
0.47852
0.507813
0.485788
0.5
0.53625
0.481572
0.489104
0.501176
0.471769
0.508075
0.473822
0.476667
0.476601
0.522782
0.532808
0.496278
0.484663
0.478927
0.492248
0.509294
0.484024
0.498141
0.491071
0.526946
0.48366
0.484
0.496977
0.520885
0.496815
0.481959
0.517677
0.496988
0.447188
0.47561
0.491139
0.521898
0.491803
0.506173
0.498141
0.5053
0.530061
0.484922
0.529723
0.524173
0.496871
0.498681
0.486624
0.490765
0.526868
0.486989
0.476943
0.478049
0.485007
0.490865
0.493134
0.499397
0.487805
0.532216
0.498127
0.482933
0.511307
0.498471
0.492228
0.46755
0.491429
0.483586
0.501241
0.489247
0.461538
0.519036
0.475594
0.458824
0.490123
0.506799
0.476612
0.488693
0.472488
0.481193
0.499376
0.489672
0.468788
0.493842
0.475196
0.508816
0.468031
0.518857
0.483294
0.451835
0.515971
0.523353
0.486275
0.478422
0.490272
0.460449
0.496863
0.480861
0.496988
0.516171
0.45641
0.496955
0.504698
0.554217
0.523567
0.464467
0.489893
0.516456
0.509259
0.529032
0.484487
0.434406
0.479012
0.482032
0.467685
0.465517
0.51425
0.498798
0.510828
0.503778
0.473846
0.488449
0.471393
0.548796
0.533505
0.475949
0.460177
0.472422
0.465854
0.444586
0.520997
0.496999
0.4875
0.496377
0.488462
0.474522
0.521797
0.503106
0.494937
0.473684
0.483461
0.494159
0.43314
0.523515
0.478544
0.477356
0.526185
0.476306
0.483436
0.494148
0.511743
0.487593
0.49938
0.513953
0.493429
0.479297
0.47555
0.542683
0.482933
0.486979
0.501788
0.460208
0.519753
0.495122
0.518697
0.49294
0.492848
0.519108
0.493932
0.475943
0.488235
0.476501
0.473159
0.494354
0.51292
0.502046
0.498734
0.478764
0.5
0.506313
0.521212
0.483444
0.490716
0.506683
0.500623
0.535826
0.47335
0.49562
0.527586
0.517576
0.503045
0.495575
0.489467
0.49125
0.51425
0.508982
0.504459
0.506989
0.490683
0.481988
0.496193
0.50134
0.473342
0.509653
0.502952
0.494382
0.439024
0.5
0.503896
0.500626
0.487593
0.525504
0.470446
0.443787
0.477419
0.504587
0.486989
0.478571
0.475389
0.500611
0.457355
0.486352
0.49
0.512987
0.476079
0.503218
0.467181
0.508557
0.504425
0.458453
0.503667
0.481193
0.484069
0.52454
0.504505
0.4875
0.480861
0.481526
0.473555
0.470817
0.472956
0.488861
0.495298
0.469364
0.495737
0.455331
0.518621
0.553012
0.476591
0.502966
0.5
0.428922
0.483333
0.458809
0.504988
0.483957
0.501196
0.505995
0.470516
0.507557
0.462668
0.481707
0.441406
0.500624
0.459196
0.50978
0.51861
0.458283
0.496241
0.458213
0.470423
0.477987
0.464461
0.483073
0.49563
0.494987
0.502427
0.482368
0.498786
0.506008
0.504316
0.484117
0.507335
0.494005
0.513595
0.52
0.524931
0.501458
0.453416
0.509458
0.500631
0.477467
0.503045
0.516539
0.455971
0.461827
0.531208
0.488591
0.51733
0.496815
0.477612
0.501827
0.517413
0.459016
0.5
0.48285
0.489571
0.488636
0.497531
0.495146
0.484962
0.466584
0.486647
0.496815
0.495082
0.508301
0.502604
0.503778
0.487805
0.482412
0.504391
0.452711
0.463054
0.52381
0.507599
0.487515
0.478208
0.52148
0.501511
0.483516
0.493961
0.474892
0.5
0.507634
0.505777
0.511216
0.48799
0.486228
0.469388
0.511216
0.510929
0.488158
0.478368
0.498775
0.511685
0.428925
0.511216
0.617117
0.519789
0.466352
0.504673
0.543287
0.465517
0.492519
0.50566
0.50495
0.487417
0.486486
0.510274
0.492105
0.490247
0.466584
0.504098
0.463382
0.495316
0.480344
0.485677
0.52053
0.489024
0.459951
0.495146
0.472656
0.503303
0.488095
0.50133
0.471503
0.472441
0.502481
0.501784
0.496212
0.475641
0.505277
0.492556
0.523529
0.453968
0.519608
0.513274
0.486905
0.458438
0.519119
0.50303
0.477435
0.48977
0.490956
0.524611
0.497602
0.498688
0.476252
0.502564
0.495868
0.50786
0.505718
0.50303
0.458015
0.474908
0.485714
0.505882
0.494949
0.465969
0.525215
0.516753
0.504337
0.514321
0.46952
0.515222
0.498173
0.493631
0.490476
0.470852
0.450392
0.504348
0.482976
0.523962
0.513583
0.511166
0.504988
0.487406
0.510638
0.486161
0.493523
0.438596
0.477301
0.457816
0.461988
0.498034
0.490683
0.486284
0.506803
0.439024
0.486166
0.472441
0.509271
0.472826
0.496933
0.49022
0.46164
0.468274
0.486061
0.50122
0.485199
0.469496
0.48
0.510719
0.454902
0.511296
0.480204
0.50059
0.525032
0.463768
0.479087
0.48995
0.5
0.506993
0.480454
0.503125
0.527869
0.469755
0.459727
0.500585
0.481297
0.483607
0.491358
0.482759
0.476071
0.495507
0.461635
0.471412
0.496203
0.470215
0.478261
0.490012
0.518564
0.509317
0.481303
0.534183
0.515337
0.483461
0.505013
0.47625
0.522013
0.56686
0.529221
0.48254
0.460976
0.461441
0.468792
0.491272
0.451728
0.469059
0.48854
0.490148
0.504222
0.455902
0.49827
0.533643
0.4625
0.474684
0.490798
0.515337
0.482593
0.446602
0.493783
0.48977
0.511696
0.493134
0.498074
0.51706
0.497409
0.524051
0.482412
0.487603
0.510379
0.505938
0.470968
0.515544
0.481771
0.511749
0.467762
0.511041
0.525153
0.458769
0.482368
0.484958
0.487893
0.482885
0.488693
0.513423
0.487342
0.485185
0.542607
0.52459
0.466837
0.478098
0.49563
0.518473
0.478589
0.491965
0.534125
0.478469
0.484536
0.486736
0.499391
0.470032
0.509138
0.431877
0.535604
0.468421
0.488916
0.511335
0.4843
0.471154
0.494297
0.472919
0.494987
0.488228
0.50447
0.483831
0.486891
0.473333
0.454545
0.498711
0.478261
0.47782
0.5086
0.498442
0.508301
0.520356
0.493537
0.491124
0.453901
0.497525
0.479508
0.484848
0.467456
0.528105
0.469677
0.45993
0.500599
0.520672
0.475
0.502481
0.512723
0.474328
0.526316
0.48814
0.496992
0.453368
0.514539
0.483237
0.514103
0.484185
0.440945
0.515645
0.495798
0.492084
0.498118
0.489744
0.496697
0.477204
0.497506
0.516564
0.5
0.461159
0.502917
0.50344
0.48995
0.481258
0.466491
0.474515
0.479042
0.506008
0.481723
0.511194
0.48
0.504762
0.494325
0.462324
0.478643
0.483668
0.477488
0.4875
0.484108
0.51289
0.484487
0.488739
0.491627
0.48249
0.504938
0.515152
0.519084
0.532099
0.5
0.490251
0.472393
0.502577
0.511085
0.480818
0.447761
0.468599
0.52375
0.505119
0.484775
0.463958
0.492611
0.496879
0.430769
0.472727
0.505976
0.466844
0.521465
0.476905
0.47651
0.478318
0.464424
0.483444
0.476112
0.508537
0.463918
0.47
0.473538
0.477887
0.503968
0.499371
0.519065
0.451733
0.451488
0.49763
0.441138
0.505869
0.48157
0.480867
0.492976
0.472368
0.508706
0.509628
0.441943
0.507557
0.476427
0.499404
0.450128
0.523272
0.481988
0.48799
0.479297
0.495294
0.501253
0.489552
0.472527
0.5
0.484185
0.505076
0.489004
0.478788
0.522837
0.531737
0.517419
0.510145
0.492121
0.51962
0.458955
0.448317
0.498127
0.485612
0.501805
0.525672
0.487425
0.491228
0.520732
0.507833
0.461538
0.512563
0.502481
0.475716
0.436498
0.461632
0.477273
0.47076
0.512041
0.491505
0.494083
0.530401
0.463354
0.474966
0.496925
0.504065
0.496445
0.486556
0.508259
0.468254
0.482166
0.509225
0.496766
0.477932
0.454994
0.479193
0.509554
0.473436
0.492574
0.473684
0.485084
0.505535
0.512195
0.449398
0.476005
0.450777
0.517284
0.507042
0.509482
0.492005
0.497543
0.440197
0.48375
0.51125
0.431762
0.483794
0.484772
0.498442
0.491049
0.446809
0.51711
0.514007
0.487959
0.507937
0.489415
0.510152
0.48284
0.48
0.42204
0.481481
0.517677
0.464103
0.569659
0.539877
0.496815
0.468864
0.498199
0.48883
0.528678
0.506443
0.488608
0.518797
0.509375
0.481061
0.488861
0.511166
0.461832
0.464146
0.515254
0.493506
0.470199
0.520833
0.527112
0.504587
0.459926
0.506433
0.495726
0.508621
0.47625
0.506345
0.509115
0.496203
0.4875
0.470361
0.460543
0.498104
0.486041
0.482382
0.505718
0.47335
0.43949
0.512761
0.478152
0.502288
0.488665
0.483668
0.494238
0.467378
0.513253
0.498079
0.509317
0.478395
0.478819
0.53009
0.482165
0.486779
0.476135
0.515337
0.464096
0.480405
0.498851
0.488281
0.469413
0.47644
0.519704
0.488372
0.482759
0.463347
0.498173
0.502469
0.502481
0.501916
0.486111
0.483544
0.476744
0.520216
0.501823
0.476563
0.474903
0.512911
0.482353
0.476077
0.457405
0.464789
0.486129
0.5
0.501788
0.501182
0.526061
0.481618
0.510404
0.491071
0.431629
0.495037
0.48129
0.462112
0.52431
0.519897
0.508906
0.485161
0.51171
0.485275
0.503218
0.480641
0.483019
0.506143
0.489335
0.46398
0.455665
0.528875
0.473214
0.49625
0.489308
0.487273
0.503137
0.500606
0.466165
0.511831
0.50706
0.474474
0.459459
0.474286
0.500634
0.5
0.494885
0.482759
0.49005
0.468905
0.503177
0.488778
0.520196
0.489924
0.479747
0.461916
0.446341
0.497013
0.475754
0.447644
0.46926
0.488834
0.481572
0.515684
0.512162
0.491071
0.484223
0.505455
0.479899
0.523256
0.485714
0.492941
0.414044
0.512285
0.5
0.431646
0.518152
0.481807
0.492537
0.45814
0.47995
0.488636
0.507538
0.455335
0.527848
0.48805
0.46966
0.517588
0.479747
0.488372
0.506127
0.496799
0.448101
0.52218
0.503817
0.490244
0.496124
0.459807
0.500647
0.46433
0.435657
0.453875
0.472554
0.512821
0.483483
0.483776
0.47275
0.504785
0.483061
0.516517
0.491803
0.480103
0.48285
0.515645
0.476493
0.503023
0.514745
0.483354
0.510896
0.489519
0.48652
0.519208
0.494325
0.508238
0.49441
0.505792
0.484848
0.488152
0.501792
0.510976
0.477707
0.512658
0.493719
0.485748
0.501859
0.510353
0.493506
0.499366
0.488834
0.485677
0.510481
0.466867
0.485046
0.474785
0.410377
0.505535
0.457254
0.498507
0.476601
0.476591
0.52086
0.485714
0.485313
0.464891
0.507134
0.466667
0.480769
0.50545
0.49441
0.485149
0.473684
0.486618
0.495012
0.52649
0.487374
0.497525
0.507444
0.500642
0.454203
0.512111
0.468013
0.523196
0.490494
0.481527
0.496887
0.492025
0.473807
0.504854
0.513514
0.461806
0.47014
0.443038
0.466584
0.494505
0.489144
0.531148
0.510379
0.486631
0.481807
0.478589
0.485119
0.486486
0.473615
0.459906
0.482014
0.46087
0.434032
0.514528
0.46634
0.479245
0.516169
0.506953
0.4828
0.476421
0.464736
0.493766
0.450062
0.502427
0.503856
0.479948
0.493523
0.481242
0.437681
0.477444
0.482676
0.479655
0.489117
0.48285
0.449036
0.494975
0.481061
0.483503
0.471023
0.516204
0.510638
0.485258
0.5
0.499412
0.499394
0.487923
0.496933
0.481074
0.481988
0.462341
0.453503
0.482249
0.505718
0.488801
0.466498
0.476074
0.507109
0.507229
0.565722
0.451823
0.518193
0.469939
0.498771
0.469914
0.505777
0.50437
0.498018
0.516426
0.481481
0.514851
0.485607
0.492629
0.515042
0.488169
0.467598
0.469281
0.507822
0.507673
0.501276
0.434263
0.49875
0.496314
0.486381
0.520807
0.450382
0.495122
0.4613
0.484962
0.478562
0.484472
0.472188
0.481576
0.495663
0.516667
0.474868
0.489117
0.469337
0.484728
0.518041
0.499318
0.494382
0.446072
0.461728
0.484737
0.491228
0.512048
0.484967
0.512165
0.494133
0.513274
0.51976
0.528256
0.513784
0.507389
0.484812
0.516923
0.457325
0.449553
0.492481
0.496917
0.528905
0.525
0.531995
0.473146
0.5
0.541296
0.504831
0.469325
0.496791
0.509901
0.528571
0.475626
0.507634
0.474006
0.495268
0.5
0.501818
0.508655
0.466258
0.503827
0.491094
0.49022
0.488257
0.527389
0.481728
0.485924
0.498684
0.512852
0.486275
0.527599
0.477749
0.465629
0.51148
0.523377
0.5
0.523438
0.473896
0.499404
0.493473
0.456182
0.50175
0.513648
0.491124
0.478992
0.450932
0.489529
0.487273
0.463095
0.496622
0.481108
0.472471
0.503896
0.491484
0.463235
0.49434
0.455882
0.494076
0.491484
0.501926
0.494311
0.499351
0.501305
0.490887
0.495495
0.461722
0.5
0.459596
0.46301
0.503067
0.509524
0.553571
0.525862
0.450758
0.469136
0.506667
0.485714
0.5
0.509346
0.498084
0.475827
0.454321
0.512658
0.469925
0.471483
0.497024
0.498182
0.489899
0.532508
0.456274
0.515924
0.510559
0.489545
0.472152
0.481166
0.476543
0.495519
0.506053
0.510714
0.513583
0.484069
0.485714
0.459424
0.47205
0.49694
0.488485
0.45367
0.501225
0.479903
0.452055
0.5
0.473272
0.50059
0.531835
0.505774
0.506173
0.485237
0.438438
0.48883
0.513682
0.486807
0.493047
0.529412
0.477535
0.503695
0.466498
0.52
0.483051
0.504263
0.468825
0.489199
0.47914
0.455026
0.480447
0.493455
0.468625
0.470732
0.514429
0.477387
0.478372
0.476879
0.47588
0.498768
0.506039
0.510127
0.498155
0.47184
0.467844
0.494019
0.42515
0.483333
0.474065
0.481333
0.499418
0.456077
0.483709
0.466454
0.463977
0.48505
0.472296
0.488024
0.475155
0.48852
0.484262
0.471306
0.511278
0.51418
0.511658
0.471605
0.499369
0.45927
0.507266
0.478102
0.51269
0.527044
0.447165
0.465473
0.507732
0.5
0.464646
0.494238
0.496114
0.475309
0.451316
0.509091
0.47191
0.487836
0.501718
0.47995
0.499368
0.501247
0.498024
0.507975
0.482716
0.477778
0.473872
0.500639
0.447336
0.47096
0.504373
0.506897
0.520497
0.477707
0.516839
0.507595
0.510976
0.519389
0.463715
0.467485
0.479554
0.503896
0.486181
0.509828
0.468593
0.5
0.436836
0.511765
0.509804
0.496377
0.495706
0.513376
0.5075
0.479064
0.488372
0.485934
0.508939
0.506649
0.519133
0.525277
0.515723
0.459259
0.478055
0.452037
0.47079
0.504359
0.467433
0.484472
0.458809
0.456117
0.478155
0.489199
0.469577
0.520356
0.455206
0.508159
0.521798
0.476846
0.515815
0.503659
0.520384
0.489664
0.503722
0.478261
0.47284
0.514066
0.493301
0.49825
0.483832
0.515607
0.498168
0.492234
0.478043
0.513482
0.488372
0.504222
0.473024
0.526738
0.498123
0.512165
0.498127
0.463615
0.488998
0.481203
0.469281
0.473945
0.486804
0.48139
0.478368
0.498759
0.519846
0.472888
0.516332
0.497059
0.465473
0.513772
0.477593
0.47044
0.509828
0.498542
0.470449
0.472924
0.53598
0.488251
0.464174
0.513479
0.491824
0.496774
0.483871
0.471598
0.489717
0.503177
0.44474
0.516092
0.519582
0.5
0.477108
0.479627
0.452581
0.447596
0.503075
0.474723
0.484549
0.496053
0.490446
0.505777
0.503165
0.501718
0.463291
0.482587
0.506494
0.489899
0.493842
0.50438
0.541507
0.520966
0.496947
0.476788
0.545802
0.462165
0.505929
0.482759
0.474576
0.472414
0.475248
0.497006
0.479804
0.485101
0.503045
0.493168
0.462131
0.470443
0.472222
0.492857
0.537975
0.511307
0.491634
0.469314
0.475348
0.453265
0.507508
0.497613
0.470215
0.504717
0.494253
0.463291
0.498113
0.509434
0.480938
0.51087
0.48575
0.507772
0.47601
0.494819
0.507371
0.469807
0.479604
0.504076
0.492486
0.501661
0.447212
0.480982
0.458442
0.522973
0.495385
0.496839
0.510429
0.46625
0.526946
0.500602
0.487593
0.505141
0.452103
0.489415
0.463445
0.518121
0.484663
0.520888
0.466498
0.493185
0.463659
0.476961
0.515883
0.482759
0.488228
0.489231
0.506936
0.508344
0.46926
0.532508
0.515873
0.467162
0.520295
0.489899
0.472832
0.491865
0.520531
0.501901
0.470443
0.478368
0.494737
0.464286
0.434018
0.464968
0.466091
0.478261
0.51195
0.516206
0.518568
0.484456
0.483597
0.4925
0.469737
0.49697
0.500609
0.475118
0.475716
0.480792
0.497326
0.503614
0.480204
0.49004
0.473485
0.462485
0.47349
0.498792
0.481807
0.48731
0.505913
0.495989
0.541558
0.503169
0.482339
0.488315
0.480552
0.476368
0.511082
0.396705
0.530562
0.52459
0.484029
0.504425
0.495037
0.498747
0.501241
0.516971
0.463942
0.518788
0.460526
0.502545
0.498079
0.512346
0.470516
0.530086
0.495798
0.484615
0.501217
0.496749
0.513447
0.473826
0.526627
0.532746
0.483313
0.521851
0.48
0.501997
0.486128
0.468675
0.508772
0.505618
0.453956
0.476306
0.497487
0.504636
0.516447
0.474313
0.485785
0.499404
0.505495
0.474214
0.465257
0.505732
0.49059
0.473822
0.484655
0.486567
0.491484
0.517632
0.518135
0.5
0.479899
0.498216
0.499397
0.472542
0.50566
0.485498
0.503001
0.493932
0.517787
0.516517
0.463023
0.48375
0.467822
0.487113
0.468708
0.51087
0.519355
0.46875
0.473988
0.494311
0.448193
0.475248
0.48977
0.494649
0.498099
0.509804
0.482188
0.489024
0.441558
0.479034
0.476415
0.503722
0.482165
0.507937
0.517028
0.501896
0.489104
0.467405
0.493622
0.463291
0.478125
0.48284
0.511364
0.593651
0.546547
0.490347
0.51074
0.523579
0.515883
0.480841
0.491985
0.474083
0.479268
0.461722
0.491463
0.489209
0.511327
0.485861
0.506716
0.45731
0.476129
0.466175
0.514286
0.448148
0.48564
0.4847
0.477778
0.475533
0.459426
0.475259
0.471464
0.485679
0.483965
0.48771
0.516169
0.480935
0.489869
0.463209
0.45828
0.491184
0.48625
0.488189
0.497347
0.484076
0.487959
0.468005
0.506068
0.453988
0.51348
0.487406
0.484029
0.506369
0.488764
0.484694
0.5
0.495268
0.489388
0.484136
0.501906
0.481193
0.489545
0.476134
0.493082
0.519531
0.542714
0.491443
0.492492
0.438312
0.46545
0.525851
0.503268
0.439614
0.465806
0.50122
0.457245
0.500647
0.493473
0.501901
0.505535
0.502725
0.521031
0.494764
0.531966
0.497519
0.488579
0.507059
0.45959
0.538765
0.48011
0.502632
0.473618
0.494545
0.483759
0.457036
0.469543
0.506832
0.493857
0.508523
0.468354
0.50716
0.48063
0.516373
0.467564
0.506329
0.46303
0.474026
0.50237
0.473498
0.50786
0.503989
0.482278
0.488429
0.468059
0.522427
0.468672
0.498507
0.474407
0.513614
0.520049
0.510817
0.471814
0.510714
0.5
0.464567
0.489311
0.48226
0.509482
0.458629
0.496359
0.464824
0.47198
0.514398
0.477833
0.415493
0.508772
0.486874
0.522811
0.480392
0.487245
0.497579
0.488251
0.495726
0.509855
0.498768
0.458221
0.501305
0.485123
0.510083
0.505535
0.530026
0.484962
0.494885
0.482368
0.5
0.487245
0.516169
0.481793
0.467742
0.49022
0.483173
0.481898
0.496403
0.535604
0.503807
0.483019
0.517995
0.497561
0.480247
0.516091
0.452005
0.458438
0.485315
0.473214
0.475159
0.469059
0.496955
0.47995
0.495208
0.481203
0.5
0.505226
0.501266
0.494911
0.511318
0.484625
0.49697
0.483247
0.511628
0.519159
0.499371
0.491885
0.456359
0.480565
0.491566
0.484487
0.477019
0.450495
0.521246
0.454545
0.501232
0.480745
0.511873
0.528875
0.476019
0.485366
0.495472
0.460938
0.50934
0.450687
0.493557
0.489336
0.489893
0.472772
0.501901
0.473292
0.45191
0.486027
0.512594
0.478422
0.501695
0.480503
0.510983
0.467223
0.462893
0.52327
0.503329
0.486486
0.472087
0.488315
0.492718
0.46848
0.501887
0.503769
0.474328
0.51229
0.46395
0.473424
0.460477
0.50786
0.498191
0.495897
0.510689
0.482716
0.446991
0.468593
0.488579
0.485861
0.5
0.509225
0.511199
0.488861
0.503169
0.500626
0.50934
0.48481
0.476563
0.483395
0.493606
0.476623
0.520861
0.471393
0.488579
0.483077
0.478927
0.509972
0.508961
0.47
0.491379
0.517748
0.482635
0.497006
0.50437
0.465261
0.520635
0.48626
0.51601
0.522167
0.488462
0.474785
0.482234
0.501629
0.506329
0.491677
0.482143
0.467066
0.486047
0.48625
0.491945
0.49881
0.469925
0.470215
0.512285
0.528256
0.522388
0.493734
0.49226
0.504348
0.495289
0.47954
0.471023
0.494071
0.486417
0.428767
0.485
0.477124
0.496977
0.484848
0.491965
0.463542
0.518879
0.503769
0.496173
0.539952
0.494451
0.484293
0.497416
0.477157
0.521368
0.528481
0.501337
0.4801
0.519174
0.516605
0.469945
0.444717
0.485924
0.456522
0.508115
0.465879
0.524548
0.471503
0.480247
0.493548
0.466156
0.514007
0.465116
0.509579
0.470149
0.508838
0.479705
0.477791
0.464945
0.474471
0.517199
0.508537
0.511111
0.43038
0.496711
0.485607
0.509225
0.508951
0.480503
0.502653
0.489822
0.466837
0.507042
0.510828
0.541538
0.471095
0.482432
0.495553
0.50438
0.489032
0.490298
0.509934
0.489308
0.498762
0.485748
0.47205
0.539744
0.462312
0.487277
0.51269
0.498765
0.522606
0.506173
0.479218
0.492424
0.491925
0.507995
0.516245
0.465473
0.498663
0.454429
0.5
0.508217
0.446328
0.508974
0.474937
0.5
0.505848
0.49694
0.489157
0.495134
0.465116
0.502639
0.495
0.485855
0.496799
0.516206
0.463226
0.530588
0.495484
0.482456
0.473024
0.453956
0.495674
0.485258
0.514706
0.469697
0.467081
0.46402
0.507898
0.528465
0.477556
0.493827
0.476961
0.477987
0.503145
0.465455
0.49878
0.475222
0.477302
0.513479
0.47876
0.492556
0.491315
0.448394
0.500655
0.506394
0.495586
0.461333
0.466667
0.465006
0.515723
0.437722
0.477848
0.468278
0.493116
0.46519
0.504305
0.47191
0.46393
0.543839
0.494675
0.518116
0.5075
0.471598
0.498413
0.47601
0.492044
0.485612
0.490518
0.506964
0.521898
0.477099
0.493812
0.464332
0.474065
0.505952
0.507879
0.485472
0.511111
0.505762
0.476601
0.475561
0.480888
0.52349
0.489697
0.478535
0.483668
0.507264
0.456548
0.524845
0.491824
0.520104
0.47198
0.480204
0.461001
0.481343
0.506667
0.449799
0.503234
0.505402
0.507975
0.478261
0.512887
0.514076
0.489467
0.504263
0.48875
0.503979
0.495186
0.49878
0.522644
0.494624
0.49534
0.49294
0.505762
0.492537
0.450495
0.497468
0.493023
0.528662
0.480969
0.491783
0.546209
0.479452
0.497494
0.53034
0.483627
0.483354
0.484925
0.486417
0.486076
0.509934
0.512485
0.508373
0.498753
0.511719
0.478803
0.509702
0.512626
0.512594
0.495086
0.5
0.506732
0.482005
0.494438
0.490148
0.486027
0.473952
0.510379
0.491315
0.499361
0.503083
0.484076
0.484962
0.499392
0.473616
0.462042
0.498108
0.504284
0.503989
0.4947
0.474048
0.46472
0.479452
0.493082
0.470588
0.520779
0.5
0.501896
0.461441
0.510178
0.474811
0.492178
0.504359
0.454665
0.529412
0.487053
0.47432
0.48625
0.496212
0.508387
0.467162
0.525641
0.501247
0.478873
0.527624
0.479844
0.503817
0.507752
0.468059
0.510178
0.44702
0.518405
0.490361
0.463209
0.48263
0.47871
0.492903
0.477467
0.490372
0.515493
0.49026
0.478923
0.505181
0.495037
0.474912
0.477189
0.506631
0.509881
0.481338
0.478098
0.535714
0.475285
0.458333
0.46966
0.497543
0.47401
0.464623
0.462025
0.465668
0.5025
0.534106
0.464029
0.526582
0.49349
0.521682
0.510283
0.537975
0.495114
0.49375
0.465116
0.485488
0.481967
0.466834
0.468831
0.490979
0.494778
0.506603
0.504886
0.495364
0.47782
0.524485
0.433022
0.48481
0.487212
0.486692
0.475783
0.507995
0.463636
0.485222
0.458599
0.466443
0.488453
0.493235
0.483832
0.493759
0.480769
0.480305
0.475452
0.494872
0.593407
0.48802
0.524246
0.501892
0.495553
0.468338
0.511801
0.476309
0.491857
0.490752
0.484456
0.525031
0.481928
0.468635
0.477979
0.498786
0.507407
0.520807
0.491706
0.479508
0.499356
0.49375
0.465561
0.473552
0.502938
0.485571
0.504615
0.507519
0.48982
0.48665
0.471461
0.50974
0.528947
0.470588
0.492208
0.5
0.508961
0.480601
0.492974
0.504263
0.512821
0.521401
0.487469
0.539402
0.484887
0.51145
0.496073
0.491824
0.507653
0.533578
0.521628
0.490931
0.46125
0.470663
0.5
0.48575
0.508043
0.510719
0.515924
0.47875
0.495737
0.509695
0.484223
0.506098
0.446727
0.490446
0.498724
0.538226
0.487179
0.470657
0.49328
0.539948
0.521401
0.521797
0.485401
0.488889
0.5
0.54321
0.499369
0.515263
0.528205
0.514398
0.493639
0.49938
0.495098
0.48312
0.464241
0.476309
0.466667
0.474708
0.504222
0.503979
0.483476
0.467337
0.471951
0.453144
0.463079
0.462299
0.494424
0.501882
0.492327
0.493917
0.511432
0.476005
0.48852
0.526841
0.471322
0.507092
0.498741
0.480144
0.491591
0.474908
0.483283
0.484848
0.494163
0.480355
0.481928
0.471376
0.492683
0.488652
0.494223
0.453066
0.478697
0.475776
0.491429
0.472131
0.505732
0.548387
0.496479
0.496815
0.503788
0.552664
0.483544
0.508997
0.482587
0.479419
0.459364
0.54232
0.48044
0.529644
0.479762
0.490074
0.477132
0.463095
0.505792
0.514563
0.477922
0.490222
0.473214
0.495747
0.504723
0.486346
0.484076
0.532699
0.483313
0.486737
0.495828
0.466258
0.463023
0.48289
0.461443
0.49815
0.496847
0.496839
0.444444
0.500639
0.506127
0.491762
0.454268
0.511831
0.5
0.473815
0.501229
0.442379
0.506361
0.483188
0.466321
0.480315
0.469256
0.49867
0.513221
0.471178
0.462668
0.505102
0.460772
0.51186
0.500627
0.513342
0.465753
0.468401
0.489637
0.496791
0.469413
0.492481
0.46131
0.453125
0.489078
0.476373
0.491039
0.482714
0.474026
0.467564
0.47954
0.489621
0.537459
0.524804
0.462002
0.494163
0.476303
0.493865
0.467145
0.472401
0.476383
0.452092
0.501873
0.503294
0.511848
0.485437
0.461538
0.45283
0.518029
0.482077
0.461774
0.537389
0.482843
0.482005
0.512545
0.476023
0.477243
0.479434
0.489415
0.491546
0.505155
0.532374
0.515192
0.495737
0.505508
0.498108
0.455939
0.52512
0.477844
0.499358
0.5
0.494681
0.479853
0.475728
0.468788
0.485075
0.509317
0.438462
0.463504
0.511084
0.454829
0.514851
0.532419
0.481436
0.472042
0.499391
0.480355
0.516524
0.495037
0.511084
0.484311
0.495157
0.48263
0.491187
0.50062
0.504528
0.46134
0.521401
0.483676
0.5
0.501244
0.513141
0.492754
0.483092
0.453503
0.509047
0.461268
0.503529
0.483376
0.471605
0.506388
0.515645
0.486792
0.475949
0.479762
0.492208
0.508541
0.49553
0.49005
0.490123
0.498534
0.514184
0.490372
0.509494
0.458591
0.499398
0.466667
0.521793
0.478873
0.527443
0.501587
0.49066
0.479632
0.461814
0.501956
0.475248
0.49375
0.502538
0.483709
0.458629
0.548662
0.492044
0.5
0.497561
0.480247
0.492885
0.514218
0.511628
0.471721
0.488228
0.451807
0.46879
0.497429
0.471951
0.477218
0.47832
0.465753
0.502618
0.488693
0.510719
0.501285
0.502421
0.457143
0.498079
0.488462
0.48802
0.471154
0.494611
0.48913
0.586207
0.479193
0.522222
0.483051
0.492366
0.474576
0.484355
0.481852
0.491329
0.492754
0.481622
0.487646
0.471204
0.485066
0.52053
0.486755
0.508564
0.514354
0.483198
0.470516
0.478395
0.497475
0.483117
0.544966
0.497436
0.5
0.496084
0.472973
0.512456
0.458438
0.466408
0.500597
0.496807
0.51711
0.500603
0.477488
0.494845
0.452196
0.51711
0.491166
0.516209
0.503137
0.494709
0.525292
0.498812
0.509975
0.502481
0.506266
0.511628
0.516484
0.493789
0.508108
0.485897
0.494859
0.464945
0.500605
0.496462
0.488861
0.498741
0.467647
0.511111
0.453846
0.515684
0.510256
0.503226
0.498258
0.486453
0.510638
0.479452
0.508323
0.483948
0.562016
0.461837
0.503788
0.495037
0.487678
0.475515
0.516939
0.470252
0.4725
0.496053
0.449809
0.496902
0.496894
0.512322
0.495146
0.472019
0.508217
0.487395
0.504212
0.478947
0.47401
0.495597
0.473613
0.494005
0.484808
0.509375
0.49635
0.470662
0.512322
0.517464
0.485222
0.442055
0.455939
0.48652
0.466091
0.489722
0.519417
0.51933
0.512673
0.481343
0.473159
0.510328
0.490909
0.509639
0.486239
0.473354
0.51875
0.46564
0.453074
0.526699
0.474619
0.521411
0.487835
0.511429
0.491463
0.477738
0.466667
0.513263
0.476048
0.484076
0.513595
0.449184
0.488665
0.483092
0.49697
0.493902
0.504785
0.485855
0.503505
0.457875
0.494845
0.476804
0.490566
0.504182
0.45443
0.468675
0.472594
0.48564
0.513089
0.504284
0.456494
0.479221
0.507784
0.471464
0.48659
0.506073
0.481752
0.518607
0.459036
0.489362
0.482119
0.462963
0.481303
0.502469
0.470663
0.488784
0.518474
0.4843
0.519133
0.484646
0.494792
0.479616
0.513889
0.481675
0.501901
0.44697
0.473757
0.485472
0.480392
0.481761
0.483333
0.466581
0.514801
0.508997
0.480334
0.526042
0.509115
0.468948
0.49005
0.486936
0.508197
0.494911
0.450311
0.464548
0.494238
0.484146
0.46125
0.51146
0.483636
0.521472
0.47205
0.505168
0.482544
0.473068
0.5
0.48939
0.500631
0.477844
0.475309
0.515464
0.515763
0.509015
0.475626
0.488228
0.497409
0.476368
0.491667
0.50437
0.518012
0.472611
0.48977
0.510035
0.475641
0.517601
0.485313
0.436387
0.484694
0.474359
0.519231
0.500613
0.454655
0.525994
0.497389
0.474462
0.486842
0.50152
0.458172
0.521578
0.49935
0.507123
0.485425
0.5
0.508671
0.472127
0.486792
0.506971
0.459288
0.490625
0.478528
0.471897
0.466184
0.448669
0.487085
0.517815
0.545098
0.475765
0.465432
0.498123
0.489117
0.449005
0.5
0.470052
0.512164
0.510507
0.483531
0.512583
0.500624
0.469072
0.517722
0.46625
0.491634
0.511139
0.499376
0.486826
0.476942
0.519595
0.473292
0.54717
0.477419
0.503827
0.471376
0.496222
0.465909
0.515625
0.468905
0.46988
0.527845
0.458716
0.482558
0.490105
0.467836
0.473684
0.491547
0.477995
0.521341
0.48808
0.491803
0.486618
0.464286
0.499412
0.478111
0.496287
0.480103
0.454777
0.472152
0.519104
0.502941
0.503145
0.491094
0.512987
0.466586
0.513342
0.503778
0.474908
0.506748
0.534678
0.460377
0.475515
0.486924
0.510127
0.504975
0.471354
0.475452
0.488372
0.484925
0.476433
0.498132
0.486683
0.501771
0.497608
0.486386
0.488312
0.479469
0.51198
0.512947
0.530663
0.482085
0.518879
0.484396
0.463297
0.503045
0.481771
0.5
0.497468
0.520124
0.467742
0.520196
0.467105
0.561905
0.496011
0.493134
0.550459
0.501836
0.51555
0.498132
0.471653
0.47678
0.519481
0.53856
0.481095
0.482032
0.493134
0.488757
0.464286
0.496863
0.44189
0.476923
0.476773
0.494451
0.493766
0.480355
0.51983
0.525974
0.475694
0.47541
0.432497
0.465649
0.492792
0.513021
0.47619
0.491484
0.495597
0.474847
0.453875
0.493381
0.494532
0.513376
0.503243
0.464589
0.496278
0.481258
0.51746
0.465322
0.451815
0.489571
0.503075
0.499371
0.49691
0.467162
0.491345
0.492044
0.462017
0.504563
0.475904
0.472637
0.487248
0.49642
0.508728
0.493261
0.512165
0.483755
0.503836
0.498691
0.497543
0.461443
0.502506
0.466175
0.496314
0.488169
0.480692
0.439055
0.50266
0.474065
0.487148
0.516383
0.476415
0.482428
0.501244
0.48771
0.470968
0.546144
0.459391
0.461255
0.513819
0.50495
0.464329
0.520249
0.49455
0.513308
0.489822
0.46962
0.48582
0.507324
0.457259
0.515605
0.475716
0.498361
0.490099
0.46684
0.487384
0.493976
0.469388
0.506667
0.505166
0.477477
0.492366
0.49396
0.491569
0.523136
0.505852
0.508838
0.473752
0.506127
0.499353
0.499373
0.496795
0.474811
0.489873
0.492147
0.498778
0.492754
0.466999
0.484642
0.51425
0.495858
0.491299
0.49047
0.433155
0.518072
0.486014
0.491546
0.505338
0.489717
0.479349
0.490887
0.494382
0.487981
0.508974
0.464461
0.516418
0.531737
0.495597
0.501208
0.457325
0.475949
0.51229
0.483146
0.456996
0.48329
0.486452
0.504575
0.47625
0.490847
0.456233
0.455542
0.472542
0.512285
0.46395
0.481852
0.512658
0.511082
0.487147
0.45515
0.49359
0.432203
0.487053
0.453431
0.491965
0.500621
0.478643
0.493116
0.493734
0.503513
0.493902
0.493639
0.491187
0.522013
0.544262
0.5
0.514778
0.522005
0.506782
0.450472
0.496164
0.501247
0.497442
0.502463
0.513725
0.517903
0.502433
0.463158
0.474811
0.520725
0.449465
0.491945
0.483791
0.521465
0.478788
0.519084
0.478205
0.52439
0.457143
0.482846
0.543616
0.514512
0.507653
0.484029
0.479592
0.504902
0.493151
0.504854
0.549757
0.462017
0.458042
0.487047
0.495564
0.51004
0.5025
0.483794
0.48913
0.436318
0.475904
0.520231
0.466334
0.492126
0.494438
0.504808
0.478155
0.455635
0.487117
0.47184
0.465409
0.511502
0.504493
0.472149
0.488861
0.487715
0.479167
0.485222
0.495541
0.505938
0.496269
0.478475
0.475655
0.467516
0.519231
0.52957
0.477612
0.471698
0.514007
0.472684
0.470514
0.491206
0.479747
0.482077
0.492754
0.488677
0.47601
0.506799
0.519065
0.503529
0.529114
0.491379
0.488429
0.443325
0.467635
0.516169
0.509852
0.509603
0.503177
0.478856
0.482984
0.507266
0.497567
0.510996
0.478941
0.5053
0.512469
0.490338
0.497283
0.517949
0.488491
0.500639
0.497059
0.477723
0.504436
0.496894
0.460358
0.464419
0.501788
0.477454
0.50271
0.517284
0.503234
0.473354
0.530488
0.467949
0.48625
0.480296
0.494238
0.492519
0.475754
0.505882
0.538462
0.489467
0.499346
0.489771
0.50184
0.513089
0.518957
0.518272
0.483954
0.465201
0.44801
0.456633
0.492366
0.514825
0.510856
0.513889
0.473618
0.499388
0.466667
0.488286
0.510404
0.485714
0.518519
0.503827
0.509926
0.456265
0.495
0.483436
0.492574
0.501295
0.483173
0.5
0.495684
0.485607
0.492629
0.492718
0.5
0.49047
0.474811
0.517464
0.511084
0.47088
0.474083
0.473555
0.5
0.472141
0.489848
0.469461
0.492877
0.453559
0.477752
0.524848
0.503778
0.433962
0.465116
0.499376
0.492308
0.481303
0.462821
0.464286
0.498771
0.537705
0.465847
0.487582
0.493719
0.473024
0.488861
0.503086
0.513973
0.479275
0.481663
0.469415
0.47335
0.490506
0.508178
0.488429
0.508274
0.491569
0.473292
0.479853
0.476252
0.516827
0.504545
0.483418
0.536176
0.513447
0.486737
0.480888
0.456227
0.493687
0.480712
0.460641
0.487395
0.5125
0.522406
0.462264
0.466828
0.504447
0.498718
0.515152
0.491422
0.467266
0.472956
0.482252
0.473239
0.472819
0.474638
0.495423
0.489559
0.472376
0.509988
0.494962
0.527105
0.506329
0.509554
0.480473
0.45697
0.465296
0.475
0.435798
0.487455
0.514502
0.531835
0.492347
0.504348
0.466363
0.470506
0.470803
0.483019
0.494297
0.480263
0.48977
0.492083
0.488636
0.52517
0.458231
0.467073
0.489822
0.474343
0.456897
0.470223
0.46281
0.502086
0.489975
0.504854
0.501854
0.506912
0.491389
0.47335
0.50489
0.484928
0.497561
0.508176
0.491071
0.476982
0.467391
0.560048
0.493185
0.454861
0.482714
0.457627
0.501241
0.503464
0.490683
0.490013
0.507917
0.472513
0.481967
0.507463
0.510386
0.492462
0.524297
0.479655
0.484655
0.466586
0.478036
0.45582
0.48
0.492288
0.489441
0.525445
0.505025
0.521845
0.464455
0.473182
0.486577
0.491865
0.505263
0.456464
0.493397
0.48625
0.497573
0.497585
0.486318
0.498069
0.496879
0.506799
0.486936
0.475348
0.476485
0.489914
0.490683
0.45565
0.474359
0.490909
0.498721
0.47914
0.493992
0.514839
0.478102
0.490729
0.503012
0.430328
0.472422
0.495726
0.483627
0.496053
0.489144
0.474359
0.517241
0.491945
0.499376
0.481529
0.510507
0.473819
0.523096
0.474074
0.480861
0.523573
0.497525
0.515222
0.410693
0.507009
0.505576
0.507822
0.449575
0.485714
0.471204
0.50309
0.487835
0.476658
0.537705
0.503311
0.469489
0.518519
0.463878
0.512295
0.483313
0.475888
0.493064
0.505774
0.489744
0.497506
0.5
0.51114
0.525799
0.495238
0.490909
0.477243
0.481121
0.457729
0.487654
0.51005
0.442911
0.452926
0.480697
0.479798
0.465473
0.461765
0.488228
0.4375
0.464239
0.479042
0.483061
0.489879
0.498737
0.482121
0.487776
0.451861
0.498191
0.492792
0.5387
0.496411
0.472956
0.457249
0.473684
0.476553
0.485893
0.47756
0.504348
0.508997
0.491985
0.512422
0.508075
0.496403
0.506989
0.544355
0.555556
0.513158
0.490272
0.478202
0.462324
0.483791
0.515075
0.496782
0.496863
0.465868
0.463816
0.503769
0.488665
0.515504
0.503641
0.459259
0.480204
0.515072
0.510429
0.47451
0.513547
0.493927
0.505249
0.502331
0.457074
0.501235
0.47673
0.516414
0.485535
0.532552
0.488608
0.519465
0.517073
0.518193
0.528445
0.508065
0.522936
0.482024
0.48254
0.610039
0.509186
0.495389
0.465021
0.507656
0.451327
0.456522
0.51117
0.473885
0.494792
0.498127
0.454657
0.497525
0.494751
0.531361
0.497093
0.482436
0.509753
0.475096
0.489227
0.491905
0.473077
0.497555
0.486521
0.543478
0.483995
0.478632
0.509603
0.446313
0.464194
0.493857
0.48808
0.459364
0.514654
0.560669
0.53129
0.462002
0.483617
0.478764
0.506266
0.474747
0.536814
0.472155
0.496933
0.486989
0.473292
0.497048
0.491546
0.47141
0.469337
0.489519
0.521739
0.451372
0.483597
0.484252
0.502475
0.49505
0.444887
0.505389
0.477132
0.462893
0.454874
0.521264
0.502035
0.498724
0.48731
0.483204
0.497354
0.489796
0.474006
0.53038
0.470663
0.484663
0.462151
0.513959
0.482252
0.519952
0.524027
0.466077
0.452261
0.483586
0.467685
0.507481
0.494737
0.498525
0.482927
0.479268
0.512397
0.501196
0.501882
0.477764
0.487374
0.512789
0.490196
0.48125
0.488457
0.500597
0.471464
0.479866
0.487871
0.515232
0.433071
0.501823
0.502987
0.504878
0.494424
0.49059
0.485981
0.492063
0.482032
0.533175
0.47275
0.481928
0.473752
0.530013
0.494179
0.507353
0.491961
0.455621
0.508578
0.516169
0.482968
0.466993
0.504232
0.482368
0.512666
0.479554
0.457967
0.506477
0.495798
0.482759
0.464286
0.48399
0.455901
0.498684
0.484316
0.501877
0.505981
0.474774
0.528256
0.479844
0.485366
0.508929
0.476359
0.475949
0.503856
0.498084
0.515078
0.491905
0.472554
0.493552
0.482719
0.478803
0.507264
0.498049
0.507143
0.515306
0.504348
0.49047
0.513907
0.485207
0.461446
0.503704
0.474293
0.464752
0.471429
0.451493
0.490798
0.497512
0.480305
0.54698
0.480344
0.486759
0.501222
0.525597
0.472705
0.439614
0.471106
0.521902
0.469565
0.487981
0.479297
0.499394
0.492734
0.495737
0.547855
0.484536
0.482881
0.47995
0.518471
0.49546
0.451157
0.4914
0.489722
0.51348
0.47205
0.494885
0.512258
0.485237
0.504926
0.468371
0.50641
0.512789
0.504162
0.498798
0.504425
0.480535
0.504732
0.481818
0.490123
0.546798
0.499398
0.515605
0.481527
0.522034
0.493687
0.527919
0.533333
0.486726
0.483703
0.521684
0.465409
0.488975
0.455584
0.418338
0.478723
0.462112
0.482759
0.487614
0.521411
0.541284
0.465839
0.529412
0.481212
0.503209
0.496847
0.465839
0.491184
0.474453
0.468434
0.528522
0.472222
0.487562
0.471166
0.468852
0.509877
0.503606
0.495641
0.516854
0.522005
0.507895
0.48977
0.489672
0.445122
0.493888
0.551564
0.494792
0.483213
0.510204
0.47625
0.463415
0.524675
0.5189
0.505549
0.524089
0.470223
0.505025
0.455137
0.489869
0.499345
0.502632
0.504274
0.493413
0.489117
0.482927
0.485222
0.486692
0.472924
0.498024
0.493827
0.461171
0.469166
0.506378
0.481481
0.467801
0.495134
0.47569
0.495385
0.476071
0.5
0.485714
0.494071
0.494987
0.480964
0.498798
0.468956
0.455939
0.465116
0.492386
0.510559
0.44403
0.467081
0.524528
0.443196
0.48399
0.457074
0.491945
0.46382
0.487212
0.492676
0.506866
0.472033
0.508259
0.49026
0.459184
0.469751
0.484812
0.497429
0.504414
0.484775
0.518285
0.479853
0.48995
0.453956
0.529842
0.485185
0.467626
0.484036
0.470944
0.453145
0.477556
0.509702
0.491985
0.540025
0.476383
0.493421
0.525373
0.51497
0.527319
0.508868
0.489796
0.49214
0.502966
0.464607
0.502681
0.526316
0.468305
0.487773
0.46281
0.483333
0.520156
0.507673
0.462017
0.489975
0.421384
0.46814
0.498118
0.516497
0.501896
0.469231
0.521854
0.488591
0.503075
0.500602
0.470732
0.493064
0.488579
0.528977
0.501171
0.474684
0.462264
0.490838
0.465704
0.471883
0.48415
0.523573
0.495227
0.5
0.496782
0.487624
0.49668
0.503571
0.494318
0.507024
0.508731
0.467721
0.510481
0.476982
0.469413
0.49214
0.491905
0.506383
0.47561
0.483395
0.489899
0.464239
0.465582
0.48323
0.427021
0.518239
0.51634
0.46051
0.5
0.483051
0.531773
0.470361
0.50365
0.511139
0.503686
0.495838
0.471769
0.490148
0.522236
0.449005
0.509901
0.49346
0.489965
0.502488
0.454225
0.478488
0.509317
0.490909
0.50716
0.505038
0.483709
0.515625
0.467844
0.520612
0.495208
0.489041
0.519231
0.484277
0.443272
0.483787
0.464607
0.469281
0.501956
0.48301
0.5
0.477273
0.493976
0.498177
0.492102
0.47619
0.483516
0.495716
0.489855
0.488701
0.507371
0.504274
0.492268
0.494712
0.512545
0.5
0.51938
0.468165
0.440828
0.495484
0.491699
0.507444
0.487633
0.481074
0.507143
0.531646
0.45125
0.463171
0.50646
0.489975
0.510638
0.51505
0.487945
0.515429
0.484127
0.48048
0.493064
0.501279
0.465476
0.462175
0.47896
0.511574
0.477477
0.504237
0.481527
0.494572
0.51358
0.478481
0.49642
0.501381
0.512456
0.466667
0.47451
0.483188
0.458795
0.472542
0.497647
0.490119
0.507481
0.465
0.505747
0.481121
0.521197
0.49511
0.461827
0.488457
0.481343
0.511515
0.498108
0.487047
0.447236
0.456311
0.466754
0.507285
0.524691
0.497013
0.504963
0.440657
0.517361
0.469441
0.485
0.487437
0.509158
0.515684
0.524005
0.482424
0.467662
0.479012
0.449704
0.490268
0.541096
0.550062
0.501292
0.501272
0.487211
0.506024
0.498747
0.467681
0.542169
0.492083
0.440341
0.489879
0.529769
0.469512
0.47381
0.51706
0.479245
0.47348
0.49226
0.489736
0.490247
0.48044
0.475369
0.474002
0.459459
0.453761
0.494311
0.497416
0.477444
0.48533
0.493072
0.507653
0.502532
0.499395
0.480159
0.478481
0.485294
0.51671
0.484848
0.477299
0.474453
0.542945
0.498798
0.514706
0.509271
0.53744
0.518868
0.479452
0.476882
0.50953
0.516753
0.497416
0.479876
0.478208
0.501285
0.475827
0.499379
0.449937
0.47201
0.487145
0.499369
0.505428
0.488169
0.488257
0.451028
0.509778
0.461929
0.46416
0.489556
0.512852
0.478589
0.48057
0.5
0.430556
0.502571
0.481343
0.495564
0.511296
0.51871
0.484919
0.485401
0.488281
0.514512
0.486128
0.494667
0.48799
0.513872
0.48995
0.489501
0.487531
0.488158
0.468593
0.480255
0.540574
0.515113
0.484812
0.503165
0.495702
0.503722
0.468712
0.501272
0.474343
0.448276
0.503075
0.503836
0.472527
0.478261
0.493386
0.514286
0.494325
0.491525
0.480745
0.524841
0.532508
0.471535
0.482188
0.52231
0.526128
0.495122
0.489529
0.472325
0.49214
0.497567
0.491762
0.460719
0.460123
0.503866
0.516456
0.480415
0.513308
0.460048
0.479058
0.517282
0.493445
0.504918
0.489276
0.514599
0.466749
0.489571
0.512484
0.474934
0.531451
0.505481
0.492537
0.497647
0.455357
0.510393
0.486284
0.445293
0.484768
0.493397
0.489717
0.485643
0.479739
0.477477
0.496203
0.468668
0.515406
0.525153
0.505441
0.468523
0.510753
0.490887
0.530909
0.497423
0.518229
0.475369
0.460123
0.504447
0.461078
0.537217
0.525362
0.446517
0.465311
0.466368
0.549598
0.494845
0.488315
0.521401
0.473684
0.473358
0.478152
0.556634
0.482339
0.480255
0.462821
0.483395
0.492167
0.498783
0.465144
0.498807
0.465046
0.514925
0.473024
0.519745
0.48533
0.526055
0.493047
0.521795
0.492918
0.482382
0.505017
0.472152
0.490566
0.467085
0.497006
0.467762
0.504263
0.474811
0.484321
0.490865
0.471106
0.523026
0.488055
0.449938
0.52381
0.521465
0.509628
0.506579
0.480676
0.483073
0.473225
0.503401
0.495663
0.521092
0.518519
0.493134
0.477778
0.47561
0.479762
0.464061
0.475956
0.493455
0.555138
0.489747
0.464396
0.487867
0.496847
0.508409
0.51341
0.514754
0.495349
0.485981
0.496847
0.484737
0.498824
0.468557
0.469048
0.496774
0.493366
0.447596
0.521845
0.466234
0.537538
0.482057
0.510689
0.449312
0.506098
0.491463
0.520436
0.505141
0.490862
0.516624
0.463476
0.49399
0.483354
0.468274
0.530637
0.493902
0.503695
0.470309
0.515267
0.47954
0.525641
0.494519
0.481943
0.480355
0.511822
0.510769
0.46
0.511082
0.482759
0.482581
0.493827
0.544554
0.5
0.496984
0.482143
0.504414
0.524064
0.515738
0.47401
0.468111
0.475066
0.515306
0.45443
0.507304
0.486161
0.498768
0.490862
0.507389
0.510638
0.488677
0.515345
0.502488
0.483755
0.45614
0.451415
0.490347
0.53681
0.530193
0.459873
0.506112
0.49505
0.485577
0.458101
0.478923
0.478697
0.484511
0.47619
0.454771
0.474496
0.521569
0.496394
0.473159
0.477301
0.466907
0.482803
0.485461
0.496925
0.458333
0.486041
0.476573
0.462406
0.477004
0.486061
0.477707
0.493366
0.489104
0.521902
0.516646
0.501892
0.492647
0.488889
0.496296
0.471744
0.486658
0.47335
0.510968
0.464146
0.48589
0.477932
0.497468
0.470215
0.488158
0.483333
0.491337
0.509158
0.460859
0.442029
0.481121
0.508685
0.490762
0.486667
0.527458
0.5
0.518519
0.513906
0.514801
0.482972
0.472222
0.521512
0.506297
0.479853
0.487624
0.437656
0.475062
0.478261
0.447145
0.528646
0.513595
0.477535
0.494611
0.459295
0.477995
0.506536
0.495437
0.485333
0.508135
0.467956
0.480964
0.50875
0.520639
0.50941
0.502825
0.443966
0.493168
0.452174
0.501266
0.503817
0.509642
0.507712
0.512019
0.534137
0.486381
0.471464
0.524
0.46242
0.46924
0.522124
0.493606
0.478316
0.489308
0.462228
0.49694
0.500661
0.474627
0.515883
0.502513
0.491379
0.533728
0.507345
0.527446
0.49816
0.48939
0.491844
0.46732
0.50125
0.49806
0.465621
0.506443
0.488506
0.499398
0.488199
0.50185
0.466583
0.504391
0.509317
0.52996
0.5
0.500645
0.513274
0.476015
0.494223
0.440741
0.461728
0.478426
0.486284
0.529231
0.494424
0.452297
0.477356
0.504359
0.48329
0.472081
0.485172
0.503106
0.497006
0.475936
0.487646
0.492063
0.484848
0.524476
0.453584
0.492424
0.467635
0.448795
0.484549
0.488432
0.537217
0.509828
0.470443
0.519084
0.513846
0.498762
0.512195
0.525974
0.5157
0.507538
0.5
0.476077
0.484337
0.496855
0.517456
0.498258
0.513109
0.509828
0.4801
0.497222
0.437884
0.483019
0.465257
0.471814
0.541667
0.501784
0.506098
0.503713
0.529268
0.50152
0.473024
0.50489
0.472906
0.463235
0.496411
0.516687
0.504648
0.501266
0.479434
0.487614
0.486228
0.487773
0.49505
0.458115
0.493218
0.516245
0.524359
0.485577
0.485897
0.459394
0.484262
0.54192
0.47439
0.501754
0.528121
0.473872
0.491865
0.504481
0.480097
0.459976
0.537313
0.494975
0.4801
0.48067
0.453925
0.501926
0.479218
0.496782
0.472188
0.465923
0.477477
0.472335
0.47619
0.475309
0.480946
0.479903
0.511278
0.517287
0.542169
0.494652
0.51039
0.459222
0.511318
0.501205
0.50554
0.511561
0.489535
0.503075
0.501906
0.512788
0.476485
0.50194
0.522262
0.5
0.494396
0.522556
0.498118
0.513444
0.522333
0.521186
0.48575
0.488595
0.514993
0.493687
0.479896
0.492994
0.46056
0.477099
0.48913
0.526316
0.501836
0.505689
0.504918
0.512262
0.483356
0.498756
0.510817
0.49434
0.483911
0.507109
0.48961
0.49505
0.495449
0.491865
0.487775
0.464461
0.484511
0.475
0.478916
0.493349
0.475641
0.466912
0.458864
0.476364
0.50934
0.505181
0.496287
0.501827
0.496749
0.518088
0.525773
0.507792
0.462779
0.497238
0.480535
0.492326
0.536131
0.503807
0.536615
0.43467
0.519185
0.5
0.47875
0.464698
0.495695
0.497549
0.478208
0.493573
0.507442
0.500612
0.48289
0.492976
0.476886
0.508431
0.500623
0.471393
0.496871
0.488372
0.470437
0.454088
0.479849
0.476132
0.47619
0.500605
0.474576
0.487593
0.47
0.510766
0.538765
0.453416
0.499376
0.523316
0.483516
0.528061
0.45768
0.49625
0.510101
0.492593
0.48906
0.505155
0.483668
0.468514
0.502439
0.499345
0.489691
0.510638
0.488971
0.523573
0.547904
0.462779
0.468599
0.510176
0.494519
0.487562
0.521181
0.50706
0.463007
0.536829
0.514056
0.463715
0.459387
0.45297
0.505155
0.498118
0.505703
0.49359
0.472681
0.486811
0.511905
0.439181
0.463061
0.455826
0.5
0.490862
0.469231
0.430274
0.487715
0.498663
0.521465
0.492958
0.498118
0.438596
0.521739
0.482976
0.505402
0.460759
0.484316
0.492683
0.461538
0.541254
0.479554
0.481943
0.436364
0.492657
0.470588
0.464103
0.493116
0.494382
0.458824
0.498681
0.520253
0.498199
0.489024
0.520497
0.467223
0.536741
0.504792
0.511254
0.477273
0.498361
0.482368
0.490331
0.490148
0.52459
0.488169
0.500652
0.429508
0.501272
0.521875
0.474684
0.498775
0.5
0.487775
0.525084
0.497481
0.474002
0.469006
0.477876
0.50365
0.485602
0.481971
0.470893
0.483333
0.493252
0.470516
0.455112
0.528694
0.495564
0.49047
0.496203
0.503817
0.493252
0.473077
0.467564
0.48631
0.475827
0.483073
0.462939
0.490315
0.466216
0.461538
0.498834
0.488608
0.506024
0.493606
0.464832
0.494253
0.473928
0.535461
0.483104
0.464589
0.505089
0.503023
0.469716
0.513447
0.485507
0.493703
0.513761
0.473039
0.452442
0.510283
0.492773
0.505102
0.495062
0.513043
0.482307
0.517943
0.502457
0.483636
0.488959
0.498079
0.507653
0.49
0.490272
0.502674
0.51436
0.459716
0.506748
0.492669
0.467081
0.508685
0.459016
0.497494
0.482077
0.535526
0.519036
0.481898
0.488095
0.500624
0.519465
0.530588
0.493734
0.519695
0.487835
0.490272
0.492063
0.492647
0.484355
0.516667
0.48799
0.484549
0.541818
0.47832
0.490798
0.502506
0.51716
0.431298
0.505689
0.548589
0.486911
0.524057
0.482625
0.509004
0.52652
0.503788
0.504478
0.473366
0.505828
0.501276
0.490397
0.481108
0.52005
0.4925
0.504739
0.481121
0.509363
0.454333
0.496341
0.524406
0.489965
0.489199
0.479518
0.48072
0.521902
0.48263
0.468992
0.4847
0.473118
0.47466
0.476493
0.488276
0.507674
0.471584
0.498099
0.4821
0.469586
0.507747
0.496823
0.52104
0.505468
0.464684
0.514465
0.521303
0.478819
0.498718
0.506571
0.507956
0.500662
0.488599
0.496073
0.46056
0.543127
0.453856
0.471178
0.515152
0.528678
0.519674
0.514839
0.480418
0.505576
0.500613
0.481343
0.498054
0.502825
0.509628
0.537389
0.490865
0.509284
0.504505
0.506443
0.484108
0.425363
0.52399
0.487959
0.449755
0.502433
0.517949
0.48906
0.507171
0.453333
0.522021
0.459119
0.47451
0.501868
0.471675
0.472705
0.530559
0.495507
0.446281
0.489717
0.5
0.504436
0.462002
0.512329
0.514286
0.490953
0.48808
0.517067
0.512133
0.491443
0.5
0.491803
0.443726
0.455758
0.510067
0.505632
0.506884
0.480198
0.469072
0.503185
0.477593
0.474811
0.518424
0.492405
0.494179
0.48631
0.464501
0.502488
0.485149
0.474359
0.484737
0.457711
0.461017
0.522152
0.498212
0.459364
0.511034
0.490361
0.500606
0.525403
0.518828
0.495979
0.514658
0.469287
0.473684
0.501742
0.469534
0.470297
0.477612
0.478155
0.52142
0.495553
0.493116
0.458213
0.522968
0.519645
0.504414
0.469822
0.520807
0.480488
0.465473
0.471555
0.434899
0.458281
0.476601
0.481928
0.484487
0.479804
0.445153
0.481432
0.508259
0.49409
0.517241
0.508711
0.509778
0.525253
0.5
0.476998
0.442092
0.484496
0.499385
0.475062
0.504391
0.439628
0.487437
0.501916
0.472527
0.477467
0.481796
0.527981
0.505508
0.507503
0.5
0.494087
0.456919
0.503676
0.474811
0.486891
0.509756
0.494382
0.494819
0.463694
0.48249
0.472119
0.474847
0.500618
0.462451
0.488636
0.498681
0.529063
0.477115
0.466498
0.456853
0.494297
0.517456
0.505089
0.485401
0.454988
0.482509
0.522255
0.46398
0.501323
0.482432
0.505495
0.482436
0.449878
0.414634
0.467363
0.484848
0.520396
0.488372
0.502008
0.476636
0.500621
0.511772
0.472727
0.488568
0.501926
0.457649
0.514354
0.478697
0.47651
0.480296
0.487147
0.516729
0.484
0.45283
0.46988
0.471464
0.490172
0.498294
0.50559
0.466921
0.485643
0.486692
0.457908
0.501214
0.5
0.512727
0.470803
0.486553
0.494102
0.457108
0.507545
0.507752
0.483871
0.469461
0.518566
0.490145
0.46577
0.509025
0.466667
0.474811
0.522388
0.479705
0.527228
0.460714
0.55942
0.4875
0.476005
0.468468
0.48913
0.492228
0.473684
0.471814
0.448871
0.510801
0.510417
0.477189
0.472019
0.471154
0.530159
0.515723
0.533419
0.514888
0.499389
0.503294
0.486702
0.507163
0.488889
0.519637
0.507208
0.480379
0.461438
0.508156
0.489041
0.472991
0.466907
0.478463
0.503497
0.461126
0.513055
0.507042
0.507042
0.474908
0.508475
0.473753
0.509044
0.51335
0.490132
0.487484
0.487053
0.523416
0.471117
0.541818
0.455538
0.495
0.508387
0.492013
0.489199
0.512165
0.496589
0.514654
0.47349
0.492084
0.520446
0.487578
0.505976
0.47348
0.426557
0.526946
0.491546
0.50306
0.497297
0.489024
0.521236
0.473552
0.506463
0.455516
0.499348
0.521197
0.498182
0.484888
0.523538
0.510256
0.504391
0.498104
0.460859
0.488166
0.48982
0.501266
0.510345
0.485066
0.495553
0.494725
0.475765
0.472401
0.474597
0.486556
0.474619
0.487923
0.488152
0.480103
0.506739
0.51335
0.503856
0.5
0.507595
0.512367
0.491677
0.495808
0.494987
0.478313
0.489144
0.514393
0.445755
0.5
0.505675
0.517442
0.469136
0.514398
0.484775
0.51995
0.5
0.459727
0.50566
0.471748
0.510283
0.503641
0.529644
0.480255
0.483019
0.487531
0.526316
0.489362
0.49759
0.487085
0.481132
0.495146
0.495778
0.502463
0.501896
0.520566
0.510533
0.483871
0.516414
0.476584
0.5
0.502427
0.527339
0.500639
0.480097
0.515625
0.492
0.536913
0.496749
0.5025
0.480405
0.470588
0.525404
0.480841
0.482544
0.492197
0.473024
0.470277
0.482119
0.486094
0.520196
0.480815
0.467822
0.495674
0.465863
0.494872
0.482051
0.473272
0.455665
0.493827
0.459387
0.478002
0.46789
0.521569
0.489247
0.547794
0.503906
0.477876
0.485934
0.481258
0.442356
0.484922
0.498753
0.499361
0.541796
0.470516
0.51335
0.492574
0.501921
0.470238
0.492903
0.464736
0.459564
0.503713
0.483582
0.49375
0.480841
0.522876
0.515345
0.487032
0.475
0.507042
0.549254
0.467337
0.454023
0.488889
0.486181
0.498715
0.476882
0.486452
0.474172
0.49434
0.505576
0.485981
0.481715
0.48005
0.484117
0.468354
0.457606
0.524213
0.510976
0.419722
0.482339
0.474251
0.532436
0.48494
0.451534
0.5
0.502809
0.492556
0.46375
0.504902
0.487106
0.494087
0.51
0.481707
0.492308
0.49635
0.47348
0.486346
0.474359
0.490173
0.489717
0.493007
0.454545
0.510178
0.502469
0.490885
0.501225
0.452012
0.495157
0.498173
0.458228
0.457967
0.46608
0.499374
0.486911
0.508015
0.490706
0.516582
0.50719
0.504563
0.508906
0.494145
0.490361
0.480405
0.463415
0.47619
0.515854
0.539052
0.48
0.489437
0.482509
0.496723
0.514599
0.428977
0.462002
0.51933
0.533248
0.500642
0.488169
0.513682
0.440244
0.509554
0.479245
0.467097
0.494325
0.476612
0.470297
0.510025
0.5
0.484174
0.501618
0.505508
0.496774
0.517241
0.472393
0.476368
0.506866
0.480793
0.488636
0.464373
0.481618
0.473748
0.472727
0.504854
0.481884
0.46472
0.47013
0.485498
0.480769
0.4753
0.491139
0.478552
0.482323
0.524528
0.482412
0.433846
0.488457
0.506748
0.470064
0.472131
0.465026
0.523871
0.515152
0.500611
0.507576
0.483986
0.498074
0.50625
0.442568
0.459427
0.496154
0.491294
0.49878
0.483354
0.489209
0.473555
0.492958
0.488199
0.467192
0.459295
0.504587
0.496644
0.500639
0.49005
0.485981
0.51189
0.501208
0.487624
0.484036
0.460614
0.503268
0.483221
0.478417
0.485958
0.503704
0.489621
0.5
0.479241
0.496359
0.480454
0.500627
0.514139
0.5
0.454902
0.481723
0.47284
0.483568
0.467254
0.422619
0.5
0.490706
0.461538
0.491039
0.463007
0.482424
0.491979
0.458839
0.476134
0.551724
0.491294
0.48067
0.495758
0.465721
0.514934
0.473822
0.492308
0.496839
0.481988
0.502445
0.48063
0.49691
0.481657
0.509459
0.456821
0.5
0.485861
0.446215
0.481166
0.491071
0.542781
0.494076
0.515337
0.451815
0.466584
0.478146
0.462175
0.491546
0.483133
0.476904
0.502488
0.497416
0.48802
0.521181
0.489621
0.475776
0.523873
0.46281
0.460674
0.486792
0.457565
0.5209
0.519753
0.508982
0.490247
0.496875
0.465699
0.537415
0.520631
0.443618
0.465718
0.498645
0.52497
0.495192
0.508238
0.494572
0.498695
0.483787
0.494253
0.538889
0.46201
0.496368
0.492885
0.488861
0.479218
0.492537
0.485237
0.489308
0.465116
0.535443
0.489529
0.452107
0.498728
0.519174
0.47678
0.525132
0.480946
0.521197
0.469337
0.477738
0.503045
0.501805
0.473118
0.448609
0.531835
0.470735
0.477333
0.463026
0.480649
0.472906
0.486154
0.491694
0.477184
0.51192
0.482234
0.489697
0.452439
0.455584
0.449275
0.450495
0.503347
0.526786
0.518939
0.475073
0.485366
0.5
0.545977
0.492593
0.498498
0.498471
0.498039
0.473881
0.496053
0.522388
0.475787
0.476015
0.490148
0.48773
0.447917
0.491909
0.472527
0.47541
0.496855
0.479003
0.48535
0.445828
0.514667
0.491139
0.477245
0.526841
0.482587
0.51455
0.51335
0.498775
0.514286
0.458591
0.502618
0.474619
0.485498
0.512883
0.449057
0.524038
0.48481
0.483418
0.478947
0.483791
0.515684
0.49284
0.470588
0.502463
0.507285
0.510911
0.509828
0.485855
0.517949
0.458537
0.539683
0.46087
0.467324
0.506699
0.503846
0.460733
0.475817
0.520566
0.486239
0.474971
0.530359
0.51178
0.478261
0.523921
0.471376
0.46134
0.49763
0.470817
0.509069
0.486585
0.510444
0.491026
0.480159
0.509004
0.52599
0.486027
0.489415
0.532609
0.524057
0.480697
0.491803
0.462406
0.502469
0.472155
0.45098
0.459424
0.50495
0.458333
0.51497
0.479739
0.516484
0.541528
0.508632
0.489736
0.48913
0.503053
0.477327
0.483791
0.516089
0.482368
0.48139
0.494624
0.455206
0.495507
0.476038
0.469716
0.463768
0.496368
0.518382
0.47871
0.463007
0.522479
0.464174
0.480192
0.48655
0.512136
0.448549
0.533133
0.472222
0.514249
0.478736
0.480305
0.466667
0.48301
0.524938
0.480815
0.510911
0.46991
0.510828
0.524359
0.490172
0.509146
0.507732
0.46256
0.490499
0.486453
0.489254
0.474057
0.47362
0.492063
0.532156
0.468672
0.502591
0.490099
0.491803
0.484029
0.51341
0.451572
0.517241
0.489596
0.469016
0.466242
0.476612
0.5
0.487614
0.482673
0.511772
0.506989
0.47619
0.494297
0.479655
0.491337
0.47981
0.510278
0.505632
0.528628
0.484169
0.448622
0.484375
0.473555
0.469734
0.478659
0.495788
0.469027
0.515152
0.469636
0.524203
0.491803
0.517949
0.466422
0.509965
0.483586
0.509025
0.496706
0.462986
0.47896
0.483356
0.449005
0.480892
0.483995
0.49697
0.498127
0.483745
0.518171
0.507874
0.483313
0.497531
0.474343
0.476923
0.49562
0.518939
0.45679
0.490372
0.485037
0.483204
0.478207
0.454545
0.531136
0.482927
0.452038
0.526178
0.454878
0.504
0.503161
0.467925
0.549091
0.460241
0.469716
0.53681
0.49825
0.480106
0.499382
0.535928
0.483745
0.498204
0.516646
0.511696
0.469072
0.471698
0.489717
0.531599
0.47335
0.487455
0.48157
0.468856
0.478431
0.480048
0.525568
0.508794
0.492754
0.47858
0.475836
0.507692
0.536122
0.481183
0.461353
0.499299
0.484252
0.496359
0.498186
0.467405
0.500592
0.508021
0.532915
0.496193
0.467801
0.523869
0.515723
0.51843
0.484587
0.505089
0.497396
0.480583
0.496807
0.501272
0.467162
0.493902
0.53325
0.506683
0.487179
0.502364
0.508259
0.495134
0.491329
0.496503
0.493381
0.504866
0.481212
0.512071
0.492447
0.518987
0.513253
0.487549
0.513725
0.482032
0.486056
0.47263
0.523573
0.493582
0.48226
0.457106
0.520619
0.494179
0.491979
0.473822
0.461832
0.496164
0.49878
0.490272
0.488372
0.488778
0.471023
0.498164
0.488998
0.490518
0.470976
0.476648
0.507212
0.457792
0.481928
0.47914
0.48062
0.485623
0.478316
0.471789
0.471191
0.460591
0.482551
0.48062
0.489726
0.479381
0.516667
0.495413
0.454427
0.523632
0.487805
0.482051
0.501931
0.479034
0.509709
0.485461
0.444166
0.517618
0.521739
0.51735
0.516456
0.506345
0.506667
0.482036
0.470449
0.479849
0.487544
0.473008
0.537897
0.504305
0.48448
0.449219
0.505689
0.511658
0.500611
0.495878
0.515763
0.480892
0.501238
0.453104
0.484925
0.504212
0.487342
0.511085
0.506089
0.482252
0.476247
0.495157
0.489467
0.486811
0.463343
0.4775
0.511543
0.488189
