0.343478
0.391423
0.369818
0.449785
0.488855
0.401389
0.473684
0.449857
0.400168
0.470172
0.449491
0.471485
0.39876
0.435833
0.432234
0.450235
0.364942
0.433036
0.487643
0.431747
0.46875
0.461621
0.438126
0.493238
0.440693
0.447667
0.401838
0.435936
0.413203
0.369253
0.390456
0.426573
0.426109
0.492958
0.419764
0.360294
0.479139
0.482678
0.400775
0.444015
0.483608
0.442888
0.452769
0.369116
0.404443
0.481766
0.44518
0.37134
0.37991
0.455221
0.449363
0.431031
0.389748
0.395372
0.407954
0.421133
0.467898
0.391651
0.422222
0.488372
0.489541
0.417453
0.466582
0.46474
0.365285
0.425049
0.390888
0.428776
0.505105
0.438638
0.402222
0.367068
0.41372
0.448878
0.458503
0.477738
0.391304
0.425868
0.349206
0.435473
0.409938
0.468904
0.463219
0.434503
0.477318
0.522427
0.462123
0.447482
0.375276
0.386891
0.405803
0.440768
0.372157
0.37987
0.383373
0.496855
0.427092
0.394366
0.480697
0.447225
0.462069
0.443706
0.506494
0.463035
0.435373
0.416971
0.382826
0.479632
0.502837
0.40404
0.391092
0.425563
0.367916
0.418004
0.42362
0.466738
0.382586
0.491956
0.510101
0.49375
0.465246
0.37299
0.362179
0.413483
0.446569
0.52
0.499261
0.402895
0.422486
0.408159
0.417316
0.381727
0.5
0.458639
0.419736
0.455067
0.41155
0.383917
0.452698
0.361202
0.376884
0.414169
0.363417
0.476115
0.386182
0.485188
0.367578
0.395664
0.428207
0.3615
0.456704
0.451896
0.412408
0.471545
0.429274
0.413928
0.448833
0.456673
0.447436
0.490554
0.471323
0.412641
0.430901
0.427199
0.434021
0.455279
0.475764
0.349282
0.36859
0.451398
0.405483
0.425324
0.316017
0.46167
0.436142
0.390254
0.474074
0.411258
0.480116
0.417813
0.485502
0.383166
0.375977
0.432767
0.42667
0.362989
0.498474
0.402597
0.467583
0.423423
0.462024
0.39376
0.488599
0.424203
0.433099
0.425806
0.490741
0.433518
0.496007
0.402314
0.42735
0.392405
0.431085
0.503788
0.405896
0.428387
0.431891
0.447094
0.391372
0.416932
0.40857
0.481464
0.477895
0.368613
0.430508
0.427966
0.366795
0.432246
0.440365
0.476923
0.39354
0.556291
0.449541
0.440417
0.474138
0.461926
0.445878
0.452506
0.474747
0.439911
0.409177
0.5
0.475541
0.417399
0.417923
0.422056
0.41781
0.445455
0.494088
0.455654
0.391112
0.357143
0.361915
0.458316
0.45
0.435229
0.391304
0.3772
0.545455
0.476792
0.474839
0.412019
0.372637
0.490457
0.440284
0.451116
0.43874
0.335038
0.479167
0.472228
0.422983
0.261682
0.369906
0.403785
0.373798
0.420346
0.458629
0.461483
0.444161
0.374728
0.392282
0.405405
0.488172
0.449793
0.405063
0.397901
0.471779
0.459536
0.355046
0.447996
0.422316
0.490566
0.48938
0.384915
0.48287
0.444009
0.403937
0.462368
0.37177
0.409449
0.425736
0.367153
0.461111
0.441815
0.471806
0.432432
0.553846
0.435082
0.437609
0.440982
0.505701
0.383749
0.437715
0.408535
0.5
0.433399
0.427797
0.451233
0.47414
0.369405
0.402057
0.453858
0.421235
0.428135
0.449698
0.453719
0.496676
0.418024
0.412468
0.41526
0.341924
0.42641
0.398148
0.381596
0.485393
0.316832
0.368455
0.403352
0.427051
0.36031
0.359199
0.40711
0.466535
0.386555
0.418971
0.43801
0.428695
0.483138
0.356847
0.362419
0.474789
0.434245
0.43028
0.438975
0.479438
0.473763
0.489189
0.450418
0.434718
0.361962
0.486417
0.475066
0.361426
0.447131
0.345413
0.437791
0.451606
0.45939
0.444015
0.393054
0.355284
0.442043
0.450617
0.457399
0.418646
0.4791
0.447768
0.461538
0.433938
0.400662
0.6
0.411085
0.360017
0.459221
0.445455
0.463216
0.452939
0.458626
0.376166
0.425866
0.445313
0.472393
0.5
0.370191
0.506649
0.465301
0.321429
0.417639
0.448143
0.442616
0.382353
0.402566
0.469069
0.50053
0.424236
0.477099
0.394716
0.487575
0.346568
0.366209
0.419153
0.412307
0.461306
0.478705
0.42311
0.409121
0.479217
0.496909
0.45549
0.493575
0.461756
0.421053
0.437914
0.383111
0.426093
0.408284
0.423964
0.439799
0.443991
0.46692
0.357252
0.458172
0.35231
0.46692
0.449749
0.369711
0.423276
0.486267
0.455474
0.35829
0.458065
0.408922
0.365339
0.488491
0.434143
0.403361
0.363082
0.497058
0.363128
0.465409
0.475844
0.378771
0.457265
0.47619
0.420594
0.381189
0.429489
0.444491
0.4226
0.397059
0.312605
0.396982
0.453552
0.395576
0.457051
0.497295
0.3509
0.41768
0.464733
0.437805
0.498821
0.495544
0.475
0.41889
0.36511
0.441803
0.455607
0.329545
0.399446
0.403582
0.458333
0.43562
0.492991
0.453021
0.457954
0.40774
0.446331
0.417167
0.44289
0.424754
0.39749
0.393466
0.416714
0.425839
0.40404
0.422208
0.523529
0.423604
0.474134
0.365471
0.419492
0.38547
0.396809
0.459111
0.436109
0.3832
0.508257
0.407103
0.41633
0.457583
0.433491
0.325
0.380911
0.428477
0.416055
0.446069
0.467583
0.470069
0.465779
0.387435
0.489451
0.5
0.401127
0.441865
0.441304
0.411797
0.478898
0.36792
0.375583
0.422032
0.459465
0.434426
0.371891
0.415718
0.336283
0.419829
0.423532
0.484275
0.413508
0.418857
0.397924
0.387324
0.42306
0.457561
0.428571
0.477117
0.445783
0.441865
0.452139
0.449676
0.460179
0.401756
0.437288
0.407833
0.463504
0.446107
0.349122
0.460162
0.440035
0.490196
0.401236
0.462594
0.383422
0.491529
0.429806
0.357546
0.499256
0.494974
0.391651
0.417097
0.38351
0.474794
0.453579
0.468696
0.420264
0.449294
0.466667
0.480687
0.45703
0.467033
0.47909
0.432515
0.395041
0.420883
0.379133
0.458263
0.395054
0.473316
0.428449
0.426813
0.465382
0.409594
0.383087
0.367094
0.384615
0.475982
0.433263
0.430217
0.44726
0.392535
0.477975
0.446304
0.413156
0.404737
0.396442
0.496855
0.352979
0.45669
0.481669
0.463582
0.409349
0.41418
0.479862
0.346667
0.447198
0.418615
0.47563
0.441834
0.42112
0.474362
0.361785
0.408993
0.405644
0.412557
0.411537
0.418688
0.388272
0.447895
0.44599
0.367185
0.46201
0.40367
0.45983
0.355012
0.354942
0.415131
0.437256
0.423435
0.494399
0.42968
0.468596
0.467275
0.469307
0.468333
0.419257
0.419369
0.423206
0.411891
0.472539
0.475016
0.460599
0.39812
0.464789
0.391304
0.480656
0.468216
0.454984
0.461122
0.392111
0.436066
0.455708
0.41035
0.475795
0.378041
0.501663
0.427443
0.472301
0.447194
0.409232
0.45
0.429454
0.398827
0.389588
0.365247
0.456307
0.432203
0.381727
0.449086
0.408431
0.507403
0.451777
0.43737
0.463993
0.474286
0.466068
0.409349
0.404902
0.42104
0.383184
0.508932
0.450726
0.497423
0.403743
0.42543
0.445464
0.419162
0.409791
0.349838
0.487152
0.506529
0.37051
0.468689
0.366129
0.400847
0.402116
0.396419
0.357143
0.412527
0.463918
0.424837
0.502773
0.457675
0.44569
0.422547
0.428697
0.496199
0.432784
0.399803
0.38921
0.409493
0.388889
0.421488
0.380734
0.471865
0.51153
0.46086
0.385061
0.486142
0.418474
0.412121
0.372781
0.468717
0.461555
0.480769
0.408213
0.460317
0.392842
0.501818
0.433962
0.407985
0.419348
0.446042
0.40997
0.417032
0.384599
0.415849
0.430284
0.454448
0.421384
0.449088
0.372902
0.423085
0.420128
0.418301
0.37742
0.43793
0.42513
0.362895
0.409905
0.421041
0.467778
0.487854
0.45274
0.42995
0.400545
0.417391
0.411239
0.428958
0.467504
0.42895
0.42963
0.415903
0.448542
0.413625
0.395601
0.441885
0.36692
0.434921
0.40306
0.351963
0.402164
0.392719
0.356638
0.385454
0.466681
0.426081
0.390812
0.427699
0.473137
0.417511
0.481928
0.477553
0.485144
0.498146
0.472727
0.385068
0.40411
0.443443
0.414958
0.476913
0.466695
0.501471
0.435328
0.362486
0.422695
0.481884
0.45817
0.397148
0.448707
0.44813
0.408914
0.468601
0.375106
0.485468
0.374332
0.456671
0.498162
0.361858
0.367083
0.539241
0.337607
0.430178
0.410959
0.448604
0.44354
0.328042
0.378515
0.49962
0.459367
0.357918
0.44192
0.403603
0.468443
0.417204
0.508571
0.458838
0.484425
0.451976
0.461953
0.438296
0.448855
0.415119
0.451772
0.392529
0.417204
0.417255
0.386484
0.435013
0.513015
0.42944
0.431177
0.38326
0.453828
0.466767
0.415301
0.478608
0.470588
0.422026
0.390648
0.444996
0.436232
0.468298
0.477764
0.449541
0.352185
0.428206
0.442499
0.424806
0.477909
0.441208
0.518182
0.446006
0.459785
0.429258
0.376423
0.416667
0.397059
0.429679
0.414264
0.37046
0.453277
0.435528
0.400896
0.344549
0.483933
0.334862
0.388019
0.431185
0.419019
0.519514
0.447411
0.474777
0.347328
0.359752
0.414211
0.447297
0.476786
0.417323
0.384397
0.379532
0.461242
0.378101
0.439114
0.477505
0.406746
0.39074
0.436403
0.459702
0.393816
0.48481
0.392958
0.422391
0.417683
0.401471
0.514697
0.481363
0.471099
0.401186
0.432449
0.441246
0.433502
0.394619
0.395398
0.469983
0.440114
0.429038
0.421165
0.419703
0.493538
0.430185
0.459716
0.467238
0.421585
0.375882
0.342029
0.431858
0.467787
0.350259
0.327731
0.483516
0.414681
0.434954
0.392396
0.401531
0.372283
0.483341
0.50495
0.428986
0.4375
0.402913
0.448909
0.408042
0.452739
0.446266
0.434467
0.444559
0.444469
0.47253
0.375228
0.476752
0.423663
0.452736
0.458308
0.414521
0.34585
0.400218
0.499259
0.436637
0.390738
0.398386
0.480856
0.477472
0.440823
0.417134
0.46722
0.417607
0.428289
0.406158
0.359238
0.492355
0.420733
0.439169
0.43653
0.43435
0.47164
0.451613
0.403274
0.433218
0.447883
0.394889
0.494179
0.422925
0.371901
0.398388
0.451297
0.497102
0.468044
0.335505
0.475931
0.414894
0.393261
0.368
0.425342
0.390228
0.415624
0.457627
0.474051
0.387874
0.460094
0.41107
0.426871
0.450297
0.393946
0.385167
0.480114
0.350299
0.433496
0.459327
0.457143
0.498531
0.426467
0.497026
0.482068
0.468476
0.416667
0.476485
0.392344
0.395378
0.441855
0.402664
0.399858
0.439024
0.378753
0.377979
0.366986
0.355404
0.415021
0.47522
0.383845
0.454694
0.442274
0.424574
0.429356
0.391304
0.397019
0.356279
0.449519
0.413793
0.462605
0.394833
0.411364
0.379361
0.45
0.470803
0.468562
0.466508
0.411131
0.434939
0.370857
0.364311
0.453772
0.526316
0.395906
0.481753
0.413694
0.472784
0.349425
0.489053
0.477474
0.430202
0.415476
0.3612
0.501219
0.465
0.38522
0.469211
0.503205
0.436856
0.519646
0.506944
0.493319
0.403664
0.420513
0.488476
0.424434
0.45819
0.41721
0.421384
0.470191
0.436319
0.37873
0.447284
0.485439
0.431031
0.438983
0.477674
0.358491
0.417614
0.460048
0.447034
0.467042
0.583333
0.402003
0.417719
0.424908
0.365163
0.498108
0.465789
0.385779
0.468117
0.399128
0.373043
0.418974
0.486287
0.471097
0.434679
0.361135
0.532751
0.446675
0.364474
0.325926
0.479367
0.39361
0.46717
0.46622
0.361594
0.456277
0.452842
0.414894
0.39974
0.472527
0.479649
0.402249
0.397428
0.497059
0.388316
0.372626
0.442444
0.468094
0.403226
0.474454
0.435143
0.491286
0.470158
0.479527
0.4326
0.394504
0.383021
0.397133
0.438156
0.452468
0.382527
0.446279
0.434745
0.456806
0.389943
0.487636
0.445494
0.390956
0.426719
0.389254
0.421511
0.483312
0.452187
0.384615
0.384943
0.470704
0.379059
0.466562
0.438323
0.46469
0.428761
0.436364
0.417605
0.347353
0.474649
0.417748
0.400085
0.439035
0.376368
0.451045
0.457313
0.38055
0.409968
0.449603
0.426568
0.429358
0.35745
0.458545
0.504655
0.471806
0.489577
0.487379
0.463783
0.502513
0.393038
0.421177
0.428601
0.390151
0.453939
0.473721
0.390782
0.354839
0.392453
0.468245
0.377457
0.474041
0.440216
0.423836
0.425514
0.474629
0.494048
0.361111
0.449541
0.428416
0.453039
0.432918
0.390448
0.435637
0.420227
0.411337
0.393666
0.432314
0.466404
0.402208
0.48355
0.446677
0.499681
0.479034
0.457656
0.374636
0.402863
0.403486
0.390582
0.412096
0.457447
0.408163
0.459529
0.367821
0.399332
0.479396
0.272727
0.407799
0.471915
0.421053
0.438409
0.38835
0.47027
0.45636
0.475059
0.426785
0.379228
0.497572
0.47577
0.470914
0.491228
0.461538
0.46526
0.467927
0.471539
0.420676
0.389183
0.448246
0.48703
0.383198
0.451588
0.427913
0.41694
0.406216
0.456992
0.472973
0.439061
0.365845
0.435402
0.438067
0.353693
0.412983
0.477641
0.430979
0.343441
0.405128
0.424242
0.458333
0.426316
0.461778
0.447502
0.406176
0.421801
0.411405
0.418201
0.421134
0.414815
0.439575
0.438503
0.453512
0.485539
0.367273
0.503252
0.472982
0.446398
0.425251
0.451112
0.465798
0.41465
0.377801
0.361277
0.480757
0.397251
0.415243
0.46813
0.423307
0.479198
0.391304
0.514548
0.401874
0.4387
0.470027
0.457359
0.434792
0.486486
0.414013
0.464009
0.520614
0.351108
0.412621
0.502989
0.410733
0.492184
0.424014
0.394662
0.463399
0.346863
0.44574
0.482644
0.423801
0.411726
0.456494
0.437067
0.432398
0.504959
0.466596
0.467552
0.412438
0.438212
0.461373
0.488277
0.397638
0.409953
0.43326
0.422816
0.373847
0.366935
0.388179
0.427523
0.408542
0.483776
0.423885
0.423168
0.472973
0.381128
0.404834
0.424479
0.369296
0.378141
0.402979
0.4
0.409771
0.369418
0.399291
0.391341
0.463476
0.42214
0.391332
0.484375
0.439627
0.459916
0.370062
0.455056
0.413319
0.432836
0.433634
0.429509
0.495226
0.413567
0.439639
0.445724
0.443569
0.411331
0.472527
0.412371
0.423152
0.498135
0.442368
0.427673
0.46875
0.443094
0.486409
0.449127
0.488106
0.476782
0.382234
0.478571
0.470073
0.466667
0.414303
0.446464
0.357195
0.452157
0.42112
0.374545
0.432664
0.368646
0.487741
0.4
0.408445
0.42
0.467102
0.428571
0.46281
0.403048
0.483648
0.461769
0.425464
0.386425
0.481122
0.499626
0.483871
0.495108
0.481362
0.435356
0.346336
0.39245
0.384649
0.50306
0.4601
0.449641
0.384021
0.494074
0.415625
0.461538
0.376021
0.462575
0.445969
0.446154
0.377334
0.451233
0.482955
0.502259
0.393208
0.450739
0.422386
0.40266
0.382353
0.408271
0.452906
0.440233
0.500214
0.446864
0.396173
0.373665
0.406977
0.408317
0.443797
0.396866
0.492063
0.393491
0.448829
0.47547
0.364254
0.35545
0.409368
0.477647
0.463552
0.75
0.361702
0.48068
0.45658
0.443206
0.381805
0.392873
0.420549
0.381273
0.430853
0.452207
1
0.371482
0.406409
0.438581
0.386369
0.383485
0.404255
0.414508
0.386586
0.357353
0.482721
0.38979
0.403981
0.428332
0.359649
0.476252
0.45608
0.420043
0.412328
0.506832
0.435036
0.478619
0.476691
0.403539
0.339806
0.349779
0.488272
0.44139
0.468665
0.439324
0.409551
0.415331
0.369628
0.446686
0.384146
0.344671
0.391369
0.385524
0.444517
0.498113
0.428727
0.441489
0.407299
0.454429
0.515996
0.450854
0.457735
0.424393
0.380465
0.439394
0.398666
0.362339
0.406593
0.438819
0.395374
0.392445
0.372396
0.400999
0.397626
0.393277
0.422547
0.491081
0.389163
0.379902
0.453608
0.399017
0.395882
0.392115
0.386241
0.394054
0.3375
0.413547
0.459431
0.475037
0.34471
0.432899
0.381398
0.428106
0.347193
0.475463
0.361456
0.444444
0.474182
0.3901
0.666667
0.498062
0.417198
0.406876
0.450665
0.512309
0.372966
0.366616
0.406593
0.445144
0.387582
0.525424
0.497713
0.452191
0.407351
0.499503
0.432892
0.40052
0.482377
0.408475
0.423552
0.416915
0.415189
0.464792
0.392279
0.393893
0.439125
0.36084
0.451998
0.384842
0.382528
0.365818
0.477707
0.436946
0.387041
0.476559
0.390893
0.492408
0.457295
0.428339
0.410273
0.340242
0.507902
0.479365
0.480277
0.455935
0.422559
0.381517
0.461656
0.389132
0.476689
0.395864
0.426851
0.452953
0.480565
0.403607
0.371776
0.410553
0.418157
0.46934
0.432149
0.373761
0.439623
0.4351
0.384829
0.450089
0.35783
0.444444
0.395553
0.418112
0.442612
0.423575
0.460351
0.378215
0.427021
0.45958
0.3
0.462329
0.460252
0.384532
0.441987
0.424374
0.387959
0.458438
0.434151
0.479204
0.526316
0.453199
0.44629
0.438638
0.343313
0.421333
0.409289
0.404168
0.446961
0.479263
0.380682
0.484973
0.387304
0.472381
0.51776
0.436331
0.380674
0.439713
0.449396
0.365427
0.425491
0.38369
0.383347
0.430556
0.389809
0.381602
0.411878
0.404255
0.48913
0.432278
0.392567
0.453635
0.397155
0.418269
0.357875
0.381946
0.425643
0.449275
0.427161
0.40874
0.367366
0.419145
0.432309
0.374973
0.479134
0.372874
0.482338
0.412036
0.417171
0.406424
0.425628
0.399253
0.353026
0.492491
0.388643
0.452099
0.434521
0.484036
0.389034
0.538462
0.41
0.426044
0.405622
0.442792
0.430262
0.475361
0.480471
0.379803
0.476658
0.47417
0.475913
0.388013
0.437029
0.481696
0.399016
0.413043
0.410664
0.369472
0.462854
0.438339
0.410811
0.391775
0.511364
0.486779
0.428027
0.405405
0.424736
0.376021
0.444444
0.398744
0.43903
0.426732
0.383202
0.457759
0.473447
0.44282
0.46473
0.409289
0.424249
0.519601
0.443758
0.482198
0.455524
0.166667
0.40553
0.438235
0.48212
0.434783
0.466578
0.448378
0.477446
0.417989
0.45908
0.349697
0.438457
0.458819
0.386859
0.401627
0.361461
0.435453
0.505327
0.415054
0.517949
0.43617
0.486398
0.420638
0.414013
0.381686
0.515896
0.467699
0.454779
0.396525
0.464332
0.460377
0.456317
0.464557
0.424485
0.456745
0.374571
0.449119
0.385185
0.445903
0.415909
0.44901
0.473371
0.459261
0.459134
0.407542
0.471471
0.414984
0.452899
0.430749
0.397546
0.400513
0.423233
0.504663
0.349101
0.483095
0.440872
0.405335
0.447284
0.388396
0.472614
0.488367
0.453085
0.458819
0.398134
0.461439
0.441973
0.365554
0.440009
0.473249
0.406393
0.437209
0.454874
0.471267
0.476066
0.474678
0.447557
0.433183
0.486486
0.408481
0.425413
0.210526
0.381152
0.469298
0.493928
0.37057
0.425353
0.373807
0.379495
0.469397
0.409409
0.429472
0.435903
0.38573
0.529809
0.416031
0.354257
0.4791
0.459384
0.43884
0.4656
0.496203
0.33814
0.406468
0.38347
0.406795
0.512536
0.423614
0.422857
0.419013
0.434588
0.431049
0.421732
0.423988
0.426687
0.392089
0.438903
0.384342
0.432284
0.396705
0.479362
0.408408
0.424216
0.436215
0.472541
0.449219
0.494272
0.365983
0.4878
0.438089
0.417136
0.523842
0.439177
0.354859
0.309783
0.446031
0.458484
0.397069
0.47974
0.416046
0.463558
0.419009
0.423818
0.431016
0.496644
0.492694
0.442511
0.389695
0.451092
0.404955
0.49061
0.424326
0.432
0.421852
0.467005
0.440087
0.402465
0.473774
0.415551
0.330688
0.48125
0.474602
0.377049
0.490416
0.38951
0.457494
0.375367
0.394974
0.490244
0.439462
0.447067
0.454545
0.45
0.382484
0.432814
0.429597
0.47487
0.389241
0.438009
0.461505
0.414258
0.40252
0.435424
0.386457
0.406488
0.401042
0.433054
0.484241
0.421109
0.527743
0.442402
0.480312
0.502788
0.444077
0.385593
0.49903
0.472587
0.372573
0.416185
0.468317
0.381419
0.444915
0.435897
0.457236
0.364721
0.422563
0.355537
0.457341
0.409445
0.437205
0.408639
0.445636
0.436924
0.413555
0.461292
0.446746
0.365848
0.471256
0.411765
0.444333
0.444397
0.500211
0.344283
0.423213
0.444754
0.4268
0.450904
0.453907
0.443052
0.448276
0.478992
0.392351
0.437755
0.400214
0.433681
0.420056
0.401478
0.399572
0.430676
0.477583
0.357143
0.451214
0.471046
0.432836
0.429767
0.401477
0.383496
0.440971
0.478214
0.455079
0.384682
0.400931
0.473059
0.467337
0.344849
0.463142
0.419849
0.455754
0.440127
0.487052
0.445055
0.432596
0.3125
0.392573
0.486099
0.340299
0.408168
0.440476
0.388173
0.451059
0.485628
0.397427
0.419471
0.434634
0.436494
0.461376
0.432075
0.451035
0.501556
0.444806
0.475879
0.422565
0.406859
0.376649
0.440696
0.36065
0.381637
0.43582
0.399662
0.48931
0.470107
0.42954
0.42487
0.448079
0.480884
0.442193
0.466667
0.430792
0.446945
0.402172
0.437393
0.238095
0.399733
0.456987
0.435897
0.390055
0.455265
0.391791
0.473224
0.489734
0.411125
0.425532
0.47099
0.444325
0.469697
0.469484
0.363392
0.382934
0.412935
0.366978
0.5
0.470372
0.387966
0.431818
0.438448
0.347826
0.46658
0.376177
0.453816
0.371693
0.435098
0.385954
0.49435
0.439056
0.365457
0.401512
0.453887
0.393352
0.424329
0.479763
0.4098
0.440466
0.486458
0.454626
0.462079
0.471686
0.413146
0.490672
0.41313
0.388514
0.453796
0.49532
0.482636
0.441183
0.470326
0.38352
0.379594
0.435209
0.467113
0.40823
0.452355
0.455362
0.465407
0.347145
0.456236
0.459693
0.470192
0.46133
0.46531
0.406939
0.482367
0.353029
0.451241
0.477714
0.425069
0.4
0.494455
0.479335
0.384948
0.423387
0.413431
0.398638
0.389667
0.447639
0.387931
0.40107
0.41791
0.373832
0.423283
0.496139
0.485332
0.384088
0.424883
0.498714
0.483816
0.352063
0.439739
0.446795
0.469665
0.470252
0.416918
0.336508
0.48483
0.50424
0.393697
0.394818
0.419639
0.367773
0.41115
0.49859
0.44006
0.447858
0.413874
0.394369
0.470954
0.392473
0.472771
0.438191
0.36849
0.460719
0.423184
0.483073
0.429736
0.380805
0.384146
0.412439
0.386441
0.391447
0.356578
0.357205
0.474835
0.408163
0.42845
0.432056
0.362069
0.42904
0.440645
0.453571
0.445854
0.47324
0.359668
0.446717
0.473032
0.468941
0.422589
0.469072
0.466551
0.431519
0.375296
0.453258
0.408797
0.349367
0.483975
0.470681
0.361516
0.471875
0.34
0.395051
0.415433
0.462036
0.455598
0.411765
0.397502
0.405229
0.460576
0.394265
0.476415
0.418205
0.348598
0.446711
0.485679
0.490435
0.396024
0.439126
0.410817
0.375972
0.38796
0.347639
0.403603
0.479974
0.361544
0.459733
0.433288
0.347443
0.428571
0.446397
0.48537
0.409071
0.411616
0.410782
0.349169
0.39288
0.39456
0.407756
0.454108
0.337321
0.489492
0.449565
0.493721
0.493693
0.442521
0.405654
0.368585
0.410761
0.420354
0.368889
0.375186
0.412068
0.453529
0.45
0.492576
0.49106
0.443206
0.388889
0.435897
0.429412
0.478743
0.369975
0.355794
0.453568
0.467456
0.471822
0.469059
0.411752
0.371355
0.410376
0.477477
0.471575
0.505188
0.416382
0.495662
0.372979
0.44232
0.483556
0.402299
0.432897
0.415681
0.495956
0.408451
0.494782
0.469471
0.393492
0.4159
0.379088
0.3998
0.444349
0.417506
0.478647
0.451233
0.379473
0.381818
0.47118
0.375497
0.42682
0.430048
0.480661
0.469462
0.360597
0.404472
0.4902
0.410236
0.428786
0.453148
0.487685
0.451026
0.416807
0.443038
0.375527
0.41567
0.445507
0.463913
0.436683
0.446043
0.43832
0.37291
0.401623
0.488283
0.430522
0.42
0.388306
0.459203
0.412012
0.399302
0.476065
0.455013
0.350292
0.501487
0.45845
0.499017
0.426816
0.456551
0.372052
0.447241
0.4
0.468076
0.394525
0.449164
0.411348
0.497976
0.463844
0.429443
0.49487
0.438975
0.478095
0.497636
0.38753
0.460551
0.381654
0.47766
0.368838
0.395475
0.487514
0.459511
0.451128
0.370091
0.297872
0.444708
0.437079
0.48694
0.406349
0.376799
0.462299
0.425509
0.429703
0.386369
0.419597
0.388421
0.365801
0.42538
0.46741
0.419035
0.491905
0.41484
0.364385
0.404302
0.383736
0.426411
0.438235
0.45401
0.403275
0.402718
0.396825
0.414824
0.403737
0.393788
0.436789
0.402567
0.493544
0.445652
0.478977
0.418709
0.383716
0.413191
0.492781
0.368539
0.431078
0.419843
0.441481
0.454259
0.481562
0.359623
0.414597
0.392962
0.48203
0.376884
0.465026
0.383675
0.363165
0.428571
0.49122
0.488412
0.473304
0.356275
0.454152
0.453125
0.505376
0.395771
0.392208
0.457988
0.40825
0.502129
0.399177
0.374587
0.473596
0.435864
0.361345
0.432257
0.368623
0.469859
0.452064
0.404402
0.468017
0.438866
0.375736
0.352941
0.475271
0.372294
0.437118
0.448658
0.422743
0.448948
0.357768
0.445153
0.363895
0.396323
0.403431
0.408916
0.466918
0.507702
0.459758
0.378355
0.424294
0.38878
0.436993
0.429185
0.463048
0.400312
0.449288
0.394204
0.428402
0.446147
0.443809
0.354956
0.414862
0.464239
0.397428
0.361118
0.487923
0.47323
0.456262
0.430201
0.437134
0.470989
0.420067
0.456677
0.462746
0.435886
0.422954
0.445572
0.425405
0.484127
0.412705
0.366516
0.43408
0.454913
0.326087
0.475597
0.441416
0.44898
0.507005
0.407123
0.405088
0.428481
0.384106
0.475186
0.482866
0.413484
0.42701
0.45509
0.447761
0.426606
0.444099
0.468813
0.47323
0.440282
0.372638
0.406356
0.43764
0.463436
0.388784
0.35089
0.457534
0.443074
0.442299
0.427779
0.493132
0.487425
0.390334
0.477759
0.501451
0.393195
0.366805
0.42611
0.43949
0.36208
0.472692
0.344221
0.461353
0.435349
0.454028
0.446562
0.413238
0.40785
0.418862
0.397925
0.425709
0.416774
0.456577
0.409821
0.385665
0.477307
0.416775
0.382777
0.437716
0.510204
0.434783
0.489695
0.507834
0.428297
0.393681
0.495381
0.453808
0.42508
0.492349
0.390588
0.442763
0.467502
0.555556
0.443103
0.501889
0.390724
0.381343
0.437605
0.463341
0.44409
0.430309
0.401845
0.487492
0.441414
0.455085
0.469335
0.423529
0.479607
0.36745
0.420697
0.464011
0.354604
0.417484
0.410039
0.44411
0.433291
0.432768
0.424989
0.443167
0.321456
0.422953
0.392461
0.398786
0.416413
0.417272
0.399365
0.486152
0.466981
0.417293
0.40091
0.369221
0.43885
0.468272
0.418036
0.486424
0.421835
0.356383
0.448276
0.472169
0.468654
0.436919
0.5
0.471949
0.446604
0.384992
0.47541
0.487157
0.42454
0.398609
0.394031
0.423466
0.421247
0.411173
0.418103
0.505279
0.40995
0.458866
0.47995
0.398706
0.391757
0.413537
0.475665
0.423077
0.377979
0.448582
0.474606
0.500325
0.45382
0.400966
0.424945
0.439837
0.49316
0.429532
0.465753
0.449705
0.496403
0.357808
0.412936
0.477273
0.435706
0.489394
0.46127
0.3125
0.499032
0.486156
0.45798
0.423521
0.482808
0.363871
0.400844
0.475121
0.517067
0.419355
0.489421
0.468243
0.45698
0.409969
0.43255
0.448283
0.477253
0.495671
0.4511
0.38255
0.542797
0.399957
0.443742
0.474984
0.433727
0.464346
0.475655
0.443484
0.465816
0.407786
0.348101
0.493447
0.45679
0.442398
0.510959
0.343137
0.411483
0.444798
0.428818
0.361195
0.435897
0.42638
0.401799
0.388695
0.4
0.435302
0.423894
0.440938
0.446486
0.385164
0.432202
0.420542
0.514019
0.382436
0.44708
0.383005
0.481149
0.40898
0.421893
0.370098
0.390588
0.495349
0.459327
0.405138
0.369707
0.440157
0.421601
0.502254
0.327103
0.450097
0.490842
0.466002
0.465684
0.445055
0.382022
0.446475
0.367347
0.446573
0.467021
0.474903
0.450174
0.370543
0.489521
0.393709
0.450256
0.398752
0.472378
0.432276
0.483977
0.44382
0.408316
0.409442
0.426112
0.46355
0.47717
0.497608
0.392811
0.388098
0.365949
0.424308
0.42452
0.435946
0.435678
0.470547
0.425795
0.402988
0.406748
0.389571
0.397193
0.437128
0.487988
0.333333
0.463009
0.4625
0.47191
0.482788
0.392842
0.438966
0.492191
0.385485
0.459983
0.425334
0.412802
0.423688
0.447099
0.420716
0.422213
0.44314
0.479461
0.504359
0.365716
0.42593
0.50118
0.352189
0.445341
0.469887
0.479771
0.380603
0.380288
0.476563
0.382674
0.440101
0.378607
0.380656
0.358491
0.399829
0.448051
0.473684
0.412162
0.421212
0.470259
0.481489
0.407838
0.473004
0.354452
0.387271
0.413548
0.428713
0.470588
0.423245
0.493294
0.381814
0.443057
0.350467
0.471239
0.434423
0.434249
0.419355
0.462012
0.477273
0.475878
0.403094
0.454387
0.479669
0.411765
0.427301
0.4253
0.421918
0.359375
0.421456
0.466055
0.446494
0.398209
0.445765
0.406758
0.511628
0.343284
0.389283
0.463549
0.410472
0.424314
0.449403
0.492228
0.47067
0.387195
0.397827
0.534653
0.436456
0.472361
0.430926
0.467841
0.374759
0.451876
0.452781
0.461849
0.477973
0.460065
0.429424
0.359922
0.377358
0.478363
0.434566
0.412964
0.358586
0.441357
0.395621
0.410962
0.471264
0.392191
0.398283
0.462114
0.364812
0.467819
0.446217
0.456159
0.390981
0.466122
0.46551
0.417228
0.394144
0.408224
0.425414
0.42043
0.456426
0.460959
0.486828
0.393408
0.399605
0.558824
0.424924
0.337748
0.491343
0.45509
0.453357
0.484969
0.455975
0.329114
0.383123
0.456574
0.448811
0.336735
0.403236
0.37165
0.493038
0.142857
0.377472
0.360568
0.436611
0.480347
0.399209
0.421541
0.439068
0.43266
0.407415
0.345514
0.412511
0.386229
0.361362
0.424361
0.562914
0.385901
0.364857
0.419521
0.456304
0.458894
0.420455
0.408649
0.450686
0.450011
0.486339
0.417853
0.374674
0.406646
0.384244
0.489409
0.404353
0.455544
0.355753
0.472193
0.381483
0.434849
0.37
0.389218
0.411028
0.431599
0.471336
0.465202
0.37238
0.451803
0.466367
0.442364
0.443235
0.418045
0.431122
0.445455
0.413439
0.393472
0.498592
0.485714
0.480586
0.458388
0.436908
0.461709
0.42805
0.372326
0.430799
0.501507
0.4552
0.49549
0.448485
0.43112
0.462884
0.392826
0.374485
0.408954
0.484536
0.431784
0.469768
0.452479
0.470544
0.5
0.427524
0.447557
0.4571
0.467987
0.442242
0.350299
0.376524
0.422636
0.44367
0.38821
0.431259
0.356858
0.441298
0.446085
0.384718
0.46671
0.445513
0.364882
0.430762
0.384582
0.431843
0.451311
0.416274
0.420596
0.365271
0.422368
0.373626
0.371885
0.463519
0.466063
0.455789
0.502439
0.40926
0.372222
0.481023
0.477341
0.407821
0.369768
0.439701
0.463536
0.42591
0.397366
0.465687
0.416327
0.451923
0.43262
0.468663
0.444468
0.446313
0.486084
0.468819
0.384615
0.503316
0.442121
0.392969
0.473967
0.403442
0.407002
0.494189
0.389222
0.431838
0.480941
0.387856
0.435327
0.48944
0.398927
0.285714
0.428265
0.421099
0.435733
0.417769
0.448636
0.495327
0.39241
0.359412
0.393564
0.370613
0.404059
0.455014
0.49715
0.386364
0.453806
0.450137
0.417174
0.428571
0.439082
0.357556
0.391211
0.41993
0.419397
0.485484
0.420205
0.497818
0.446295
0.436424
0.410045
0.417656
0.333809
0.466175
0.418889
0.462511
0.368579
0.39441
0.418539
0.467818
0.452229
0.38914
0.419404
0.424894
0.444372
0.407368
0.424972
0.37331
0.307692
0.477859
0.445402
0.38403
0.433615
0.46114
0.39759
0.406263
0.34375
0.454074
0.411627
0.437994
0.416351
0.465336
0.414392
0.448896
0.414422
0.411765
0.484997
0.506667
0.491958
0.460607
0.454545
0.439813
0.502455
0.479513
0.422969
0.402534
0.485458
0.482169
0.406513
0.427182
0.427681
0.491168
0.452086
0.388793
0.381579
0.390464
0.363045
0.404762
0.473164
0.429959
0.432141
0.365511
0.458457
0.420644
0.401214
0.404594
0.48861
0.343877
0.387907
0.519774
0.371355
0.407166
0.378177
0.477046
0.417408
0.454459
0.371841
0.343791
0.42177
0.478658
0.373724
0.498155
0.467067
0.41867
0.392812
0.420927
0.492161
0.431507
0.514523
0.378773
0.406477
0.410726
0.43383
0.473985
0.402483
0.376156
0.504875
0.421265
0.384298
0.402055
0.469064
0.420952
0.374684
0.417939
0.435903
0.452202
0.399616
0.347456
0.458289
0.394133
0.478513
0.429881
0.457956
0.445969
0.431546
0.412134
0.443972
0.460304
0.497586
0.461674
0.387841
0.426916
0.41196
0.369134
0.414551
0.37574
0.520221
0.384029
0.476573
0.461556
0.448715
0.456152
0.367064
0.481381
0.366609
0.435057
0.415556
0.40535
0.480867
0.458167
0.365337
0.47124
0.492278
0.402151
0.492147
0.391342
0.415428
0.443639
0.447924
0.418122
0.408207
0.447647
0.391755
0.373339
0.353756
0.495935
0.503469
0.429501
0.432361
0.493827
0.438468
0.410829
0.264706
0.426488
0.414531
0.389987
0.405984
0.421597
0.38953
0.367126
0.48595
0.433061
0.441462
0.451141
0.478873
0.451794
0.40815
0.468177
0.418546
0.380205
0.434943
0.46114
0.489086
0.46543
0.438312
0.391842
0.389919
0.456376
0.461864
0.486801
0.456121
0.420077
0.419618
0.485027
0.42259
0.417692
0.470199
0.397742
0.428731
0.455274
0.433735
0.408593
0.427498
0.422789
0.430393
0.393136
0.385812
0.464631
0.497966
0.387387
0.480749
0.435714
0.468187
0.25
0.446164
0.505757
0.445228
0.43994
0.450298
0.383938
0.502983
0.37108
0.395833
0.509434
0.414414
0.436975
0.340406
0.396787
0.444032
0.499733
0.438573
0.381814
0.493523
0.413043
0.30303
0.3562
0.477133
0.448495
0.433333
0.412654
0.478912
0.408019
0.336326
0.469634
0.361462
0.376771
0.491003
0.351449
0.472067
0.405945
0.381468
0.406371
0.499388
0.400422
0.359575
0.426947
0.477194
0.384781
0.41849
0.401191
0.373447
0.470532
0.431012
0.497994
0.49255
0.416014
0.474712
0.426947
0.437473
0.395957
0.431656
0.38056
0.366334
0.403533
0.3875
0.437746
0.45868
0.425231
0.336957
0.461227
0.438998
0.461198
0.403863
0.485726
0.46437
0.379679
0.348444
0.434372
0.437917
0.457649
0.491594
0.498697
0.445177
0.475983
0.405907
0.481031
0.413223
0.46138
0.454403
0.424164
0.462336
0.384396
0.472256
0.418367
0.465607
0.457137
0.415835
0.353556
0.43764
0.386909
0.426002
0.4356
0.441017
0.409091
0.456522
0.368911
0.354361
0.446043
0.388953
0.435065
0.479711
0.501171
0.448101
0.368532
0.395873
0.420837
0.440429
0.377861
0.521902
0.410435
0.368103
0.362604
0.5
0.413921
0.405544
0.339056
0.387351
0.376821
0.47
0.47757
0.369798
0.456599
0.453227
0.350249
0.392458
0.412149
0.473379
0.458965
0.498024
0.455657
0.438756
0.454166
0.425458
0.387213
0.385621
0.406948
0.392713
0.364002
0.417435
0.41815
0.462185
0.45509
0.416314
0.475392
0.452607
0.430361
0.436899
0.4
0.440171
0.418367
0.437822
0.424145
0.400735
0.468144
0.416005
0.386045
0.484393
0.43652
0.461412
0.467933
0.367902
0.411726
0.479067
0.45648
0.448997
0.445521
0.497354
0.423583
0.377797
0.378698
0.399297
0.370937
0.362465
0.389011
0.465185
0.380952
0.468259
0.457559
0.422752
0.417399
0.455446
0.451067
0.492243
0.450725
0.371345
0.482929
0.490476
0.396716
0.398626
0.435362
0.484959
0.428571
0.438988
0.46491
0.429262
0.373195
0.382353
0.460897
0.416954
0.449247
0.427369
0.425448
0.344901
0.463814
0.442521
0.427586
0.478022
0.462396
0.43576
0.465347
0.471325
0.499042
0.427634
0.413977
0.412197
0.47191
0.433589
0.432692
0.339535
0.462831
0.489483
0.495232
0.388522
0.380537
0.404592
0.458759
0.408226
0.42667
0.429032
0.414593
0.47538
0.5
0.376672
0.472161
0.492662
0.484432
0.425745
0.410088
0.502467
0.477904
0.482273
0.438317
0.478323
0.438243
0.485884
0.485095
0.493233
0.391989
0.493902
0.464856
0.434694
0.471891
0.373567
0.466559
0.46889
0.356495
0.424849
0.451681
0.405953
0.488967
0.491726
0.431624
0.492754
0.429054
0.349979
0.424341
0.406385
0.4122
0.347545
0.388312
0.439065
0.460334
0.380407
0.463167
0.363927
0.441704
0.445208
0.445672
0.405858
0.490362
0.437389
0.436982
0.419647
0.399299
0.459615
0.401504
0.387608
0.492902
0.528302
0.438318
0.443089
0.434286
0.419761
0.457875
0.471861
0.443746
0.441705
0.479804
0.478976
0.492788
0.41958
0.476636
0.396489
0.468593
0.430952
0.408012
0.525267
0.368232
0.412829
0.422404
0.356164
0.518072
0.425798
0.4588
0.476559
0.442333
0.347368
0.451537
0.449215
0.50503
0.376186
0.387489
0.452135
0.472473
0.367478
0.42244
0.460266
0.375303
0.36328
0.424256
0.450388
0.470908
0.441432
0.385591
0.467496
0.401527
0.460321
0.495006
0.419841
0.354212
0.389506
0.32
0.400793
0.433702
0.359006
0.462377
0.372349
0.394198
0.433673
0.492469
0.372947
0.404021
0.441603
0.408881
0.462485
0.458333
0.447154
0.396694
0.439558
0.451953
0.426471
0.494836
0.431056
0.409206
0.456332
0.496334
0.42637
0.485384
0.402107
0.456228
0.431135
0.387519
0.44
0.37303
0.409884
0.423742
0.458445
0.398183
0.485106
0.366997
0.378258
0.398285
0.443548
0.481645
0.407143
0.414511
0.376815
0.421458
0.430043
0.404701
0.419608
0.417221
0.392438
0.464156
0.444543
0.482072
0.454545
0.360993
0.414629
0.353212
0.358772
0.367224
0.430056
0.440654
0.409266
0.461163
0.482744
0.231707
0.414816
0.545455
0.434088
0.443363
0.343696
0.445453
0.387195
0.463791
0.423146
0.442891
0.429002
0.379898
0.53125
0.425806
0.498167
0.426731
0.477005
0.353204
0.390681
0.424474
0.502037
0.367843
0.353025
0.341686
0.412899
0.351627
0.459454
0.437382
0.410776
0.395349
0.402311
0.508634
0.426036
0.354212
0.406982
0.395313
0.500322
0.527099
0.453608
0.426786
0.379814
0.498002
0.434
0.405955
0.417894
0.419065
0.357143
0.409432
0.410882
0.415579
0.508982
0.451002
0.47874
0.437037
0.40616
0.439735
0.366731
0.403846
0.440035
0.432903
0.435601
0.498286
0.476695
0.455526
0.383987
0.465899
0.448905
0.477828
0.44584
0.349141
0.44171
0.466311
0.37868
0.497884
0.454902
0.486006
0.400463
0.479624
0.46287
0.361188
0.479923
0.405262
0.367325
0.502044
0.455826
0.382034
0.416667
0.354643
0.408916
0.473157
0.463158
0.424904
0.453608
0.440376
0.397314
0.467387
0.410355
0.398606
0.483495
0.431529
0.470149
0.452632
0.431897
0.439252
0.459293
0.386913
0.372563
0.457143
0.434654
0.41806
0.449187
0.46607
0.495119
0.431969
0.451699
0.454545
0.381342
0.397919
0.462622
0.440689
0.438442
0.474098
0.373055
0.445937
0.4595
0.437145
0.401362
0.413695
0.461039
0.450951
0.395408
0.571429
0.39956
0.451873
0.425202
0.458535
0.365641
0.452312
0.405864
0.408185
0.440764
0.429561
0.457824
0.428058
0.436328
0.488641
0.477702
0.407609
0.43038
0.383987
0.454759
0.376101
0.40363
0.472927
0.357759
0.431459
0.465919
0.454955
0.480631
0.457231
0.454661
0.420099
0.48227
0.42079
0.42989
0.495058
0.461688
0.497227
0.412426
0.359085
0.407247
0.413147
0.407831
0.449527
0.422237
0.45575
0.485477
0.434647
0.460034
0.498483
0.409061
0.390578
0.448809
0.386364
0.483146
0.430769
0.364504
0.33945
0.458595
0.445977
0.407092
0.425314
0.410619
0.480478
0.46684
0.374538
0.471108
0.377128
0.502024
0.428354
0.477311
0.427371
0.460131
0.452242
0.348505
0.395859
0.361009
0.181818
0.378697
0.548066
0.450292
0.374101
0.432479
0.337662
0.442718
0.377636
0.452591
0.369194
0.398202
0.420455
0.428241
0.47829
0.445182
0.429649
0.393622
0.361886
0.379221
0.399271
0.470519
0.364035
0.418028
0.345238
0.347684
0.413419
0.466597
0.502338
0.487349
0.502214
0.46342
0.469204
0.454819
0.433617
0.414098
0.41621
0.458233
0.483911
0.490663
0.464223
0.48644
0.504243
0.463774
0.467738
0.459184
0.426928
0.461039
0.391892
0.437993
0.479526
0.456842
0.42006
0.422579
0.397561
0.428815
0.483094
0.417109
0.356685
0.416034
0.453726
0.496426
0.419267
0.384697
0.401165
0.48872
0.387824
0.449309
0.423758
0.419328
0.438379
0.394975
0.405714
0.466866
0.406623
0.434075
0.4678
0.49798
0.402013
0.445017
0.442693
0.466838
0.49711
0.38248
0.487944
0.51032
0.48
0.469017
0.494453
0.365256
0.427394
0.423695
0.340153
0.395833
0.403715
0.411451
0.473483
0.409279
0.456238
0.473111
0.49485
0.442439
0.38628
0.486589
0.454427
0.484375
0.423494
0.496594
0.348849
0.47954
0.469133
0.481345
0.451133
0.372689
0.41644
0.400254
0.50783
0.38835
0.479754
0.432432
0.327684
0.525146
0.332407
0.437631
0.459243
0.353372
0.383649
0.460283
0.434726
0.416314
0.349801
0.414729
0.473126
0.412681
0.480418
0.468271
0.43125
0.413687
0.414411
0.421298
0.453785
0.460039
0.363095
0.413763
0.43234
0.481074
0.433828
0.512783
0.476006
0.40473
0.408012
0.343023
0.498688
0.374651
0.42278
0.40708
0.375855
0.394977
0.435467
0.40675
0.384748
0.484558
0.400606
0.405418
0.397992
0.42
0.444123
0.490771
0.473037
0.401709
0.424077
0.438713
0.394958
0.374753
0.468578
0.406921
0.425405
0.408
0.477662
0.414692
0.39548
0.42321
0.409396
0.435897
0.433396
0.371298
0.436511
0.4702
0.426016
0.4428
0.402808
0.430896
0.383033
0.453803
0.439861
0.437794
0.417212
0.469167
0.431647
0.412056
0.395744
0.401487
0.451543
0.368421
0.41232
0.341157
0.438953
0.442217
0.357895
0.388626
0.483077
0.466013
0.461916
0.463931
0.396234
0.370002
0.438596
0.375848
0.405423
0.456311
0.403056
0.421087
0.428382
0.437188
0.42768
0.362683
0.452641
0.375903
0.496581
0.41515
0.514557
0.420363
0.345361
0.459534
0.393874
0.448848
0.428679
0.398428
0.454272
0.423418
0.461022
0.42952
0.376141
0.484959
0.377579
0.398279
0.351751
0.456197
0.398601
0.465131
0.388235
0.431818
0.378151
0.372354
0.377595
0.438356
0.418129
0.441959
0.418986
0.42112
0.423077
0.451139
0.389089
0.386635
0.446813
0.40489
0.464694
0.377129
0.477273
0.478045
0.381481
0.399828
0.462366
0.391869
0.468312
0.459133
0.380353
0.521084
0.375321
0.445117
0.385106
0.442133
0.485348
0.480748
0.397391
0.507148
0.425505
0.435518
0.47073
0.508969
0.313131
0.469072
0.429701
0.465781
0.383261
0.355315
0.39304
0.473121
0.437167
0.401493
0.419865
0.420873
0.471749
0.421484
0.388985
0.502538
0.445701
0.469885
0.363161
0.466116
0.358612
0.424754
0.452111
0.456376
0.435708
0.454313
0.48273
0.45439
0.352308
0.409524
0.43789
0.395623
0.357931
0.383598
0.37962
0.469567
0.49375
0.384615
0.43969
0.386458
0.429019
0.363617
0.395923
0.47947
0.396735
0.367114
0.443161
0.504108
0.435997
0.433735
0.363991
0.458367
0.457474
0.490269
0.367338
0.419035
0.378361
0.490377
0.35224
0.453339
0.44551
0.400672
0.455967
0.385179
0.555556
0.406639
0.373024
0.423292
0.463062
0.459062
0.380674
0.460251
0.420702
0.443082
0.446083
0.380272
0.383614
0.413609
0.413317
0.421875
0.427868
0.419048
0.45676
0.351282
0.354411
0.471018
0.403404
0.350144
0.44299
0.468667
0.496308
0.469379
0.487228
0.438869
0.361832
0.384712
0.479545
0.396621
0.444023
0.453411
0.420642
0.474803
0.454326
0.41911
0.45397
0.451655
0.440268
0.464746
0.424514
0.418249
0.395022
0.39629
0.392973
0.320809
0.428163
0.515464
0.424769
0.377063
0.407025
0.490156
0.427938
0.443787
0.429149
0.41858
0.395439
0.551402
0.495192
0.425926
0.333333
0.477015
0.427326
0.467845
0.444901
0.505738
0.396104
0.41844
0.477987
0.446777
0.489095
0.468165
0.471565
0.483707
0.444492
0.479396
0.463588
0.356102
0.401401
0.294118
0.507042
0.43945
0.467569
0.394737
0.452752
0.364355
0.489844
0.471866
0.479863
0.444492
0.376765
0.463612
0.375611
0.474286
0.391771
0.393933
0.419558
0.406537
0.387648
0.421538
0.465414
0.485714
0.403974
0.436727
0.473153
0.401495
0.371349
0.448052
0.442559
0.475994
0.465464
0.456719
0.470239
0.440758
0.440049
0.408072
0.398734
0.388314
0.453761
0.389671
0.403944
0.467742
0.472409
0.455446
0.423608
0.35398
0.354906
0.465626
0.380496
0.382677
0.414523
0.455556
0.484791
0.46374
0.424896
0.403255
0.381356
0.454565
0.429752
0.370124
0.465121
0.438489
0.352777
0.466516
0.413043
0.434783
0.451077
0.482714
0.414696
0.449636
0.391304
0.541667
0.444068
0.471721
0.423554
0.494275
0.395847
0.493471
0.507975
0.4017
0.398585
0.37376
0.428571
0.388658
0.408168
0.417059
0.449378
0.494132
0.389914
0.417035
0.45844
0.483702
0.430585
0.432958
0.439216
0.463432
0.444444
0.472332
0.478065
0.417722
0.442922
0.401447
0.439394
0.479675
0.361213
0.485143
0.429371
0.452104
0.43754
0.439638
0.426966
0.447976
0.478182
0.412149
0.429809
0.360088
0.379325
0.420985
0.378762
0.438108
0.474327
0.42295
0.410099
0.499468
0.401038
0.506757
0.367876
0.437853
0.416182
0.426667
0.415094
0.49289
0.490209
0.400166
0.457143
0.379983
0.465347
0.480068
0.432665
0.371025
0.464888
0.453103
0.503528
0.468113
0.438965
0.458949
0.386083
0.489879
0.444444
0.462232
0.511111
0.348862
0.440585
0.437327
0.47108
0.383399
0.45702
0.363617
0.388865
0.357159
0.388974
0.480753
0.466756
0.4
0.432357
0.454316
0.493821
0.443649
0.384447
0.492304
0.34957
0.389831
0.38626
0.414707
0.418015
0.444373
0.482066
0.479006
0.405033
0.384377
0.376344
0.451314
0.420973
0.461717
0.489796
0.481434
0.494046
0.401698
0.359245
0.489083
0.446866
0.413534
0.443837
0.425295
0.455468
0.385237
0.407837
0.364226
0.373384
0.436273
0.447368
0.404278
0.459122
0.467711
0.418182
0.49259
0.447804
0.430412
0.366102
0.405268
0.395075
0.409429
0.491171
0.426031
0.378349
0.430206
0.490088
0.43758
0.386441
0.455292
0.425721
0.51262
0.418293
0.450362
0.426094
0.471464
0.444684
0.380963
0.468464
0.466501
0.38338
0.387176
0.366514
0.395248
0.436989
0.472315
0.426908
0.396366
0.362826
0.456979
0.456835
0.386889
0.44598
0.481162
0.490152
0.430328
0.462908
0.460732
0.357934
0.444898
0.465116
0.431978
0.445474
0.409727
0.428724
0.392607
0.476378
0.473362
0.455936
0.451697
0.44699
0.4038
0.49306
0.485565
0.461754
0.453096
0.465859
0.446093
0.451419
0.375781
0.391748
0.484865
0.3863
0.447284
0.419846
0.411594
0.41585
0.469907
0.427363
0.449402
0.40404
0.451452
0.451095
0.475826
0.494892
0.50365
0.410799
0.446462
0.402439
0.482089
0.418198
0.375
0.481553
0.468461
0.425615
0.38848
0.443337
0.408895
0.38266
0.42451
0.416933
0.382013
0.416667
0.437814
0.474874
0.428143
0.460232
0.424121
0.417122
0.399257
0.428633
0.420372
0.484816
0.444444
0.38219
0.384058
0.432271
0.415115
0.500329
0.384494
0.420738
0.497741
0.37066
0.376063
0.482127
0.346939
0.379833
0.507937
0.453125
0.469741
0.448423
0.426087
0.442412
0.331818
0.390622
0.432153
0.429238
0.482217
0.365091
0.448269
0.428601
0.451103
0.410077
0.48665
0.422184
0.429458
0.441527
0.470245
0.397312
0.487805
0.447147
0.374781
0.416739
0.382481
0.422049
0.349611
0.326039
0.485929
0.504822
0.453843
0.431579
0.425794
0.432781
0.437838
0.314465
0.405567
0.360722
0.43947
0.462885
0.486486
0.499465
0.499636
0.484019
0.481376
0.371764
0.450431
0.436957
0.356391
0.450276
0.374732
0.502738
0.439804
0.483063
0.508571
0.355038
0.382025
0.453569
0.492112
0.480996
0.472362
0.429588
0.484925
0.395182
0.391304
0.451652
0.359329
0.350987
0.461759
0.357108
0.404609
0.391635
0.444795
0.482211
0.441239
0.460359
0.448246
0.424968
0.4766
0.434672
0.352591
0.417186
0.463104
0.422517
0.438186
0.477631
0.438356
0.484492
0.474409
0.438563
0.435438
0.453708
0.457051
0.499254
0.421053
0.35082
0.418702
0.381223
0.483333
0.352233
0.423168
0.461093
0.338798
0.430752
0.371212
0.427617
0.393076
0.439394
0.411344
0.431499
0.403208
0.443627
0.46204
0.395265
0.461273
0.457697
0.495064
0.463804
0.422572
0.433057
0.488472
0.445595
0.436145
0.458225
0.426677
0.358275
0.3527
0.454749
0.360215
0.478793
0.470779
0.404896
0.481777
0.433676
0.442691
0.417672
0.471756
0.527331
0.434247
0.373596
0.502406
0.456095
0.375519
0.434367
0.401961
0.398763
0.461392
0.454945
0.397785
0.476098
0.369113
0.491018
0.457706
0.346493
0.423616
0.492982
0.393701
0.492308
0.464602
0.509749
0.475162
0.452619
0.513468
0.40388
0.492625
0.424646
0.442127
0.488442
0.384615
0.466377
0.446881
0.395633
0.389738
0.473446
0.465853
0.446954
0.40957
0.374622
0.485825
0.483562
0.475038
0.482979
0.472406
0.399141
0.378224
0.48061
0.445091
0.401352
0.372903
0.390096
0.25
0.49359
0.357143
0.473448
0.482949
0.393558
0.436055
0.366012
0.475771
0.455283
0.393751
0.443683
0.407487
0.398438
0.446942
0.463291
0.402988
0.405313
0.406096
0.409283
0.503282
0.462585
0.360892
0.445729
0.48104
0.38716
0.402139
0.414061
0.484741
0.6
0.434938
0.361261
0.460841
0.488273
0.434227
0.45958
0.315789
0.460271
0.466939
0.431177
0.407042
0.428452
0.453631
0.382488
0.371665
0.368175
0.33871
0.3997
0.410826
0.445406
0.47975
0.496653
0.36256
0.435341
0.414613
0.416667
0.453113
0.409001
0.449925
0.368432
0.428782
0.493615
0.443772
0.396825
0.427623
0.393581
0.421831
0.401976
0.469644
0.422496
0.436242
0.393665
0.470588
0.475986
0.383452
0.466744
0.455072
0.429849
0.433347
0.468655
0.436641
0.365598
0.458901
0.444493
0.457863
0.375269
0.472276
0.431894
0.419383
0.424883
0.464098
0.464733
0.41816
0.486602
0.477947
0.538462
0.394175
0.363813
0.460757
0.404834
0.434944
0.418699
0.477612
0.420833
0.476468
0.389561
0.418365
0.375252
0.47792
0.430648
0.478025
0.392623
0.483146
0.494558
0.409641
0.402
0.413577
0.432852
0.347773
0.473811
0.468185
0.378855
0.427935
0.432039
0.460065
0.430396
0.421958
0.392397
0.37931
0.477124
0.400507
0.39113
0.377649
0.463215
0.480068
0.430657
0.422065
0.370579
0.477137
0.444517
0.6
0.492008
0.373471
0.467021
0.493506
0.374558
0.424051
0.409975
0.455319
0.381034
0.479695
0.367516
0.452091
0.449481
0.420621
0.36482
0.493945
0.452028
0.476295
0.513514
0.424649
0.436516
0.364182
0.414938
0.419481
0.411862
0.494257
0.514576
0.427907
0.421737
0.447108
0.441176
0.359343
0.417004
0.425047
0.387397
0.461572
0.410343
0.40999
0.387755
0.430875
0.421237
0.384716
0.401544
0.490072
0.395185
0.406357
0.402544
0.473439
0.433677
0.399449
0.5033
0.440719
0.425197
0.399191
0.381053
0.439076
0.387962
0.479983
0.433628
0.360838
0.44127
0.409091
0.405118
0.367257
0.427817
0.451656
0.456354
0.364236
0.433283
0.407368
0.451076
0.434717
0.434895
0.448033
0.347807
0.367568
0.430328
0.425121
0.378798
0.462428
0.336364
0.42
0.442571
0.484804
0.438024
0.27907
0.348837
0.415659
0.47281
0.454237
0.437673
0.440561
0.3
0.462191
0.42811
0.453417
0.462007
0.409285
0.405152
0.430537
0.497925
0.443376
0.384449
0.447097
0.448095
0.37238
0.479583
0.444291
0.480715
0.459407
0.443709
0.482333
0.393855
0.344633
0.398825
0.379693
0.424091
0.402477
0.457902
0.457155
0.428571
0.448187
0.418919
0.433141
0.517647
0.41477
0.462963
0.395344
0.349439
0.386388
0.481097
0.408967
0.483871
0.427039
0.501848
0.365549
0.487683
0.43553
0.434961
0.49033
0.434978
0.358093
0.446665
0.409246
0.505543
0.517857
0.504425
0.438134
0.397772
0.522167
0.414116
0.447578
0.432726
0.427211
0.404547
0.41636
0.440061
0.38172
0.364898
0.355862
0.42233
0.476532
0.416722
0.392857
0.485115
0.44859
0.466766
0.43561
0.45614
0.472921
0.437622
0.424779
0.477976
0.449194
0.404428
0.43807
0.358732
0.483934
0.47871
0.480131
0.372122
0.424549
0.410026
0.482673
0.381323
0.26087
0.393162
0.349778
0.476702
0.443247
0.469444
0.420535
0.431094
0.420739
0.459425
0.416096
0.465049
0.457488
0.454545
0.425614
0.451943
0.365907
0.356164
0.463649
0.410453
0.445219
0.43363
0.400547
0.484281
0.465175
0.43786
0.548173
0.636364
0.411572
0.416162
0.487467
0.373579
0.466469
0.384481
0.406944
0.441017
0.460018
0.388502
0.42128
0.364447
0.435
0.395543
0.363439
0.383771
0.39517
0.373602
0.457627
0.466681
0.467413
0.393617
0.475385
0.437824
0.457777
0.488462
0.44506
0.372315
0.368739
0.440279
0.500212
0.464912
0.454401
0.423553
0.416055
0.360709
0.433058
0.45671
0.492544
0.407051
0.382796
0.36414
0.493311
0.505482
0.381733
0.452055
0.448596
0.426819
0.425117
0.350649
0.436379
0.499353
0.501946
0.510235
0.357143
0.418396
0.378674
0.488479
0.375217
0.493345
0.413271
0.406271
0.378378
0.35082
0.5
0.454425
0.360294
0.376849
0.469388
0.441845
0.477041
0.39276
0.400473
0.447984
0.47373
0.489655
0.42652
0.472549
0.384288
0.489083
0.442312
0.395664
0.37527
0.406961
0.441484
0.494537
0.488904
0.357326
0.434278
0.443512
0.435605
0.36441
0.459016
0.442516
0.435346
0.365327
0.476987
0.444129
0.462103
0.41509
0.37295
0.419454
0.372258
0.494597
0.430065
0.422768
0.452627
0.462687
0.446667
0.434059
0.473365
0.415624
0.414747
0.433982
0.43038
0.460938
0.450668
0.403672
0.448276
0.422812
0.377778
0.444132
0.427036
0.443253
0.389769
0.411361
0.466667
0.427952
0.395967
0.434065
0.458849
0.420581
0.456624
0.394092
0.426065
0.371496
0.497087
0.412748
0.361323
0.469473
0.445613
0.365307
0.426543
0.428233
0.48412
0.503977
0.398217
0.477683
0.342466
0.413868
0.463828
0.419787
0.487759
0.404922
0.403751
0.442499
0.46595
0.416948
0.36107
0.481128
0.359098
0.432265
0.493779
0.413472
0.238095
0.44843
0.470588
0.449474
0.383576
0.453125
0.372014
0.410872
0.44368
0.472947
0.467058
0.409749
0.374536
0.386927
0.370968
0.452632
0.50761
0.409357
0.37234
0.455397
0.407852
0.468254
0.438303
0.375859
0.460317
0.436217
0.468154
0.435804
0.441059
0.346833
0.361955
0.423267
0.360981
0.491271
0.497461
0.378766
0.417835
0.47031
0.398751
0.473504
0.472656
0.480792
0.466493
0.411278
0.41744
0.41979
0.453921
0.427513
0.413121
0.464009
0.447978
0.368969
0.384683
0.334459
0.429775
0.462607
0.43395
0.423602
0.386604
0.304348
0.432035
0.399661
0.393029
0.401944
0.493056
0.45171
0.434896
0.466258
0.383372
0.392623
0.413262
0.495339
0.370292
0.506849
0.464286
0.435042
0.450907
0.451484
0.402778
0.452412
0.481574
0.475144
0.515483
0.413859
0.438392
0.455943
0.438733
0.480427
0.371336
0.410606
0.411859
0.433171
0.383728
0.456676
0.434129
0.47411
0.47739
0.482861
0.441787
0.395495
0.366972
0.449495
0.407577
0.375187
0.422954
0.414716
0.3944
0.358177
0.410853
0.440938
0.455003
0.378993
0.414944
0.37329
0.450652
0.375505
0.457906
0.461196
0.442254
0.446575
0.407013
0.470588
0.447761
0.447212
0.358896
0.402586
0.433304
0.450264
0.475054
0.475745
0.453311
0.409712
0.372038
0.402833
0.480284
0.497516
0.411516
0.446299
0.454407
0.366645
0.517007
0.480556
0.477631
0.4124
0.438849
0.477841
0.476474
0.353068
0.415264
0.455917
0.381919
0.368689
0.394324
0.376802
0.471545
0.404645
0.355191
0.482526
0.443878
0.416097
0.380306
0.508407
0.460432
0.409449
0.526316
0.392421
0.486237
0.427443
0.488273
0.416667
0.461022
0.367028
0.405274
0.41791
0.415094
0.444705
0.506329
0.388489
0.475728
0.468368
0.427902
0.441541
0.39463
0.415661
0.434611
0.506329
0.401786
0.404012
0.428976
0.427122
0.376687
0.350859
0.462821
0.3876
0.39245
0.345745
0.41078
0.455577
0.427313
0.353422
0.458198
0.424122
0.45484
0.436025
0.436743
0.434405
0.413793
0.417417
0.368039
0.436672
0.440685
0.426887
0.371379
0.49515
0.375379
0.402946
0.410234
0.420074
0.406757
0.370079
0.364147
0.471259
0.477037
0.3958
0.407336
0.439661
0.388631
0.468683
0.352756
0.370079
0.383632
0.422799
0.428756
0.410397
0.489639
0.397905
0.407821
0.42534
0.405276
0.389439
0.456005
0.399168
0.493835
0.424731
0.501931
0.493844
0.372093
0.413316
0.400518
0.490597
0.504754
0.433106
0.420137
0.379534
0.394004
0.388947
0.478709
0.423077
0.484065
0.467136
0.407002
0.43662
0.420762
0.364312
0.377849
0.46916
0.467535
0.378723
0.411615
0.428112
0.451175
0.464573
0.44
0.414698
0.432015
0.437035
0.380693
0.486714
0.346041
0.396552
0.491432
0.501035
0.418182
0.378146
0.453659
0.484071
0.38504
0.400564
0.377715
0.397297
0.47704
0.443737
0.494036
0.494803
0.38874
0.432275
0.442037
0.384597
0.446854
0.480493
0.43306
0.445217
0.491089
0.458192
0.435779
0.478992
0.451711
0.495927
0.427843
0.491569
0.41916
0.425847
0.379136
0.460681
0.490267
0.416895
0.369091
0.379638
0.45335
0.439521
0.377806
0.421429
0.354198
0.410703
0.508197
0.421053
0.491634
0.428727
0.390026
0.35939
0.447788
0.487662
0.481812
0.388485
0.36528
0.489948
0.464799
0.433131
0.422297
0.430328
0.375192
0.457029
0.346154
0.385965
0.453149
0.371114
0.439339
0.431593
0.495495
0.412224
0.447912
0.491574
0.464441
0.435252
0.413242
0.40118
0.392713
0.453266
0.412745
0.482955
0.539216
0.38785
0.428571
0.484855
0.410262
0.478556
0.484842
0.446057
0.472992
0.482543
0.479759
0.403141
0.40026
0.380882
0.374945
0.445217
0.420655
0.42094
0.460436
0.354281
0.418615
0.37029
0.502591
0.379949
0.430398
0.429104
0.474573
0.410652
0.424064
0.45974
0.446122
0.468773
0.40613
0.489765
0.483619
0.421156
0.350409
0.400127
0.446178
0.417082
0.423044
0.372392
0.37522
0.506645
0.418389
0.401751
0.449071
0.443007
0.49687
0.446701
0.409888
0.500972
0.382817
0.378012
0.384049
0.401096
0.433987
0.439861
0.395364
0.465987
0.472625
0.498814
0.464532
0.333333
0.423729
0.403398
0.486486
0.429597
0.386364
0.388325
0.375626
0.379
0.426027
0.369126
0.492726
0.420959
0.390876
0.375054
0.431734
0.410861
0.432382
0.409796
0.464964
0.35537
0.46571
0.496108
0.473617
0.416937
0.491566
0.383358
0.431725
0.44184
0.422227
0.469912
0.5625
0.482508
0.388984
0.473234
0.418047
0.435003
0.401384
0.428324
0.451064
0.479042
0.411409
0.489214
0.407106
0.475427
0.441208
0.482143
0.423463
0.437541
0.399049
0.412657
0.432794
0.380178
0.476825
0.479127
0.479372
0.434346
0.456716
0.478723
0.375543
0.400131
0.48745
0.436993
0.450794
0.496212
0.480631
0.412445
0.390606
0.455814
0.43942
0.396569
0.468643
0.381323
0.387979
0.476137
0.406475
0.388174
0.480093
0.415991
0.498042
0.493469
0.498491
0.347701
0.488961
0.370138
0.433653
0.487331
0.414526
0.478213
0.469919
0.479018
0.443199
0.383568
0.437209
0.438446
0.385395
0.485053
0.399254
0.422771
0.490683
0.486352
0.442199
0.470841
0.393414
0.436986
0.398967
0.406127
0.391365
0.362069
0.356863
0.416667
0.450639
0.417614
0.474919
0.395973
0.451683
0.383706
0.466725
0.461033
0.486919
0.443535
0.391351
0.464691
0.433858
0.405075
0.33871
0.444201
0.452354
0.38694
0.434792
0.427077
0.417872
0.372619
0.492823
0.474739
0.427119
0.37839
0.428325
0.409672
0.437294
0.435065
0.490164
0.441286
0.446952
0.410097
0.495717
0.476707
0.453782
0.375213
0.416606
0.463467
0.41019
0.439173
0.490826
0.452879
0.458307
0.407478
0.422787
0.410787
0.480411
0.419093
0.37
0.425069
0.44897
0.379539
0.442162
0.473992
0.447751
0.479495
0.385749
0.42421
0.476384
0.519481
0.397598
0.505135
0.352028
0.438805
0.418072
0.478705
0.42793
0.448618
0.406712
0.370149
0.512476
0.456674
0.457106
0.395918
0.375079
0.522648
0.418182
0.460273
0.36347
0.478339
0.442107
0.409534
0.476129
0.382163
0.436433
0.380621
0.44367
0.405566
0.435135
0.410405
0.455563
0.433628
0.425
0.464216
0.372215
0.453091
0.436641
0.394363
0.417455
0.509322
0.516304
0.441795
0.50947
0.47546
0.482143
0.380375
0.354597
0.5243
0.448052
0.483631
0.413482
0.450072
0.512397
0.421577
0.409836
0.512179
0.3125
0.404737
0.443203
0.490847
0.472993
0.421728
0.515709
0.441416
0.42029
0.494286
0.461538
0.443706
0.373154
0.359844
0.429784
0.438997
0.433745
0.447038
0.406398
0.437558
0.455522
0.496129
0.40984
0.419717
0.402079
0.488683
0.476776
0.466142
0.460637
0.412225
0.37384
0.423232
0.402562
0.457627
0.460628
0.479167
0.460606
0.429237
0.47
0.366197
0.428511
0.414614
0.476274
0.496596
0.358111
0.473811
0.418619
0.461787
0.368926
0.409875
0.487709
0.390056
0.346667
0.443218
0.514134
0.4
0.413857
0.469352
0.44442
0.481537
0.441338
0.366689
0.398169
0.4299
0.48188
0.469379
0.420168
0.416418
0.414066
0.41973
0.446261
0.449649
0.42701
0.443301
0.39559
0.458325
0.314286
0.486609
0.408487
0.467598
0.430855
0.495327
0.439929
0.419533
0.488902
0.384825
0.443557
0.471501
0.373089
0.399392
0.504861
0.388865
0.440605
0.377837
0.368773
0.480263
0.440926
0.389508
0.350569
0.48281
0.374808
0.439655
0.476874
0.434698
0.431579
0.399139
0.38709
0.394434
0.443361
0.362659
0.508434
0.362905
0.418268
0.496821
0.384615
0.427147
0.44894
0.389981
0.445676
0.487105
0.425736
0.433176
0.433962
0.504771
0.400794
0.429789
0.454231
0.440026
0.39821
0.402062
0.363636
0.473818
0.462992
0.379318
0.392275
0.446235
0.495928
0.364396
0.448821
0.513793
0.442838
0.449129
0.322917
0.424545
0.452642
0.448276
0.455568
0.417314
0.460264
0.478127
0.42838
0.42613
0.48
0.428483
0.44144
0.398247
0.426029
0.413307
0.437689
0.487037
0.377814
0.383476
0.389325
0.470562
0.45096
0.538462
0.439226
0.387548
0.438967
0.430405
0.384908
0.393692
0.486056
0.425699
0.454665
0.449467
0.490281
0.491085
0.418842
0.468099
0.454277
0.372881
0.453992
0.497394
0.409101
0.441718
0.406665
0.417521
0.463604
0.448993
0.501323
0.453984
0.443825
0.424457
0.515152
0.418707
0.362205
0.39833
0.428724
0.487013
0.483699
0.485993
0.392912
0.434905
0.453708
0.454386
0.37453
0.420732
0.380625
0.444375
0.415198
0.393484
0.469697
0.417659
0.394237
0.485751
0.413997
0.392461
0.425064
0.442634
0.481067
0.391874
0.441328
0.422367
0.422764
0.378987
0.373239
0.382622
0.499781
0.454386
0.445292
0.395929
0.435179
0.445218
0.425882
0.430757
0.75
0.488221
0.403561
0.396067
0.391167
0.404957
0.432855
0.387145
0.394059
0.389925
0.473851
0.45646
0.388535
0.383894
0.347926
0.415768
0.463746
0.391474
0.459292
0.405885
0.366536
0.406877
0.442768
0.404255
0.363716
0.470063
0.420952
0.432965
0.333962
0.40664
0.385455
0.398691
0.424731
0.462902
0.453111
0.479429
0.455917
0.391051
0.465055
0.349727
0.50435
0.359422
0.396385
0.466564
0.428356
0.448571
0.456825
0.46955
0.427359
0.450375
0.443107
0.466082
0.409497
0.484005
0.37954
0.356314
0.394971
0.442857
0.443944
0.359109
0.475491
0.414963
0.491439
0.384972
0.370244
0.392764
0.479614
0.375632
0.374244
0.438119
0.453988
0.43128
0.390164
0.455312
0.474786
0.505147
0.439471
0.418225
0.362468
0.459978
0.431907
0.357019
0.401112
0.360762
0.421912
0.435185
0.493718
0.415094
0.462987
0.399527
0.45933
0.465451
0.435971
0.477791
0.410828
0.478383
0.405556
0.365552
0.481172
0.42094
0.44274
0.401899
0.42696
0.385404
0.462179
0.388253
0.449412
0.454012
0.416684
0.348664
0.449006
0.42888
0.453125
0.434555
0.47744
0.42029
0.448536
0.380952
0.459524
0.419917
0.397531
0.452381
0.473274
0.4186
0.5
0.418549
0.430457
0.44664
0.424667
0.44389
0.472628
0.349152
0.490129
0.446782
0.438453
0.419212
0.407352
0.487991
0.488966
0.468586
0.374527
0.463882
0.433735
0.399825
0.515121
0.469136
0.426471
0.395639
0.469874
0.503417
0.42053
0.388949
0.429164
0.436045
0.496285
0.366337
0.364492
0.452502
0.406031
0.483213
0.478969
0.368489
0.484549
0.464286
0.369514
0.487559
0.415014
0.486052
0.387202
0.375082
0.361923
0.357054
0.358659
0.438944
0.419957
0.490162
0.423973
0.489894
0.377986
0.395729
0.4229
0.420424
0.293103
0.407239
0.422374
0.446351
0.448649
0.636364
0.468182
0.370278
0.347945
0.406708
0.415491
0.404655
0.369815
0.490718
0.440535
0.500954
0.507577
0.460829
0.405187
0.416667
0.404861
0.458513
0.443133
0.428571
0.40238
0.398106
0.362832
0.460416
0.492806
0.37887
0.491478
0.366279
0.481116
0.377338
0.425068
0.391989
0.401575
0.469925
0.492001
0.465469
0.408108
0.425331
0.471971
0.378512
0.389417
0.434754
0.410977
0.408274
0.491181
0.471603
0.5
0.469314
0.421293
0.461111
0.503937
0.395298
0.432295
0.443299
0.3754
0.469136
0.486859
0.462329
0.496401
0.373832
0.466205
0.397489
0.439669
0.444954
0.362413
0.391239
0.457018
0.39916
0.315789
0.477628
0.41417
0.510924
0.503976
0.472958
0.4
0.444444
0.46413
0.35752
0.459713
0.428178
0.409864
0.439353
0.459843
0.429129
0.370386
0.372644
0.45488
0.359561
0.441835
0.420088
0.396952
0.399105
0.357441
0.391323
0.489809
0.424848
0.441735
0.439504
0.366337
0.415322
0.439394
0.448804
0.491525
0.424593
0.362577
0.495425
0.446288
0.467378
0.431611
0.39782
0.454268
0.443207
0.356499
0.469305
0.344727
0.534483
0.448534
0.401996
0.434823
0.420973
0.464125
0.482955
0.431558
0.449123
0.394755
0.456719
0.533088
0.45021
0.395455
0.437979
0.471444
0.461572
0.363837
0.393439
0.332034
0.484163
0.425221
0.333333
0.412351
0.497854
0.486332
0.398033
0.489879
0.444256
0.411483
0.399293
0.477599
0.359615
0.376
0.471597
0.377698
0.434811
0.433819
0.439053
0.383754
0.413296
0.402135
0.499518
0.396864
0.462703
0.434495
0.407628
0.482639
0.390737
