-1000.000	0.000
-999.000	0.000
-998.000	0.000
-996.999	0.000
-995.999	0.000
-994.999	0.000
-993.999	0.000
-992.999	0.000
-991.999	0.000
-990.998	0.000
-989.998	0.000
-988.998	0.000
-987.998	0.000
-986.998	0.000
-985.998	0.000
-984.997	0.000
-983.997	0.000
-982.997	0.000
-981.997	0.000
-980.997	0.000
-979.997	0.000
-978.996	0.000
-977.996	0.000
-976.996	0.000
-975.996	0.000
-974.996	0.000
-973.996	0.000
-972.995	0.000
-971.995	0.000
-970.995	0.000
-969.995	0.000
-968.995	0.000
-967.995	0.000
-966.994	0.000
-965.994	0.000
-964.994	0.000
-963.994	0.000
-962.994	0.000
-961.994	0.000
-960.993	0.000
-959.993	0.000
-958.993	0.000
-957.993	0.000
-956.993	0.000
-955.993	0.000
-954.992	0.000
-953.992	0.000
-952.992	0.000
-951.992	0.000
-950.992	0.000
-949.992	0.000
-948.991	0.000
-947.991	0.000
-946.991	0.000
-945.991	0.000
-944.991	0.000
-943.991	0.000
-942.990	0.000
-941.990	0.000
-940.990	0.000
-939.990	0.000
-938.990	0.000
-937.990	0.000
-936.989	0.000
-935.989	0.000
-934.989	0.000
-933.989	0.000
-932.989	0.000
-931.989	0.000
-930.988	0.000
-929.988	0.000
-928.988	0.000
-927.988	0.000
-926.988	0.000
-925.988	0.000
-924.987	0.000
-923.987	0.000
-922.987	0.000
-921.987	0.000
-920.987	0.000
-919.987	0.000
-918.986	0.000
-917.986	0.000
-916.986	0.000
-915.986	0.000
-914.986	0.000
-913.986	0.000
-912.985	0.000
-911.985	0.000
-910.985	0.000
-909.985	0.000
-908.985	0.000
-907.985	0.000
-906.984	0.000
-905.984	0.000
-904.984	0.000
-903.984	0.000
-902.984	0.000
-901.984	0.000
-900.983	0.000
-899.983	0.000
-898.983	0.000
-897.983	0.000
-896.983	0.000
-895.983	0.000
-894.982	0.000
-893.982	0.000
-892.982	0.000
-891.982	0.000
-890.982	0.000
-889.982	0.000
-888.981	0.000
-887.981	0.000
-886.981	0.000
-885.981	0.000
-884.981	0.000
-883.981	0.000
-882.980	0.000
-881.980	0.000
-880.980	0.000
-879.980	0.000
-878.980	0.000
-877.980	0.000
-876.979	0.000
-875.979	0.000
-874.979	0.000
-873.979	0.000
-872.979	0.000
-871.979	0.000
-870.978	0.000
-869.978	0.000
-868.978	0.000
-867.978	0.000
-866.978	0.000
-865.978	0.000
-864.977	0.000
-863.977	0.000
-862.977	0.000
-861.977	0.000
-860.977	0.000
-859.977	0.000
-858.976	0.000
-857.976	0.000
-856.976	0.000
-855.976	0.000
-854.976	0.000
-853.976	0.000
-852.975	0.000
-851.975	0.000
-850.975	0.000
-849.975	0.000
-848.975	0.000
-847.975	0.000
-846.974	0.000
-845.974	0.000
-844.974	0.000
-843.974	0.000
-842.974	0.000
-841.974	0.000
-840.973	0.000
-839.973	0.000
-838.973	0.000
-837.973	0.000
-836.973	0.000
-835.973	0.000
-834.972	0.000
-833.972	0.000
-832.972	0.000
-831.972	0.000
-830.972	0.000
-829.972	0.000
-828.971	0.000
-827.971	0.000
-826.971	0.000
-825.971	0.000
-824.971	0.000
-823.971	0.000
-822.970	0.000
-821.970	0.000
-820.970	0.000
-819.970	0.000
-818.970	0.000
-817.970	0.000
-816.969	0.000
-815.969	0.000
-814.969	0.000
-813.969	0.000
-812.969	0.000
-811.969	0.000
-810.968	0.000
-809.968	0.000
-808.968	0.000
-807.968	0.000
-806.968	0.000
-805.968	0.000
-804.967	0.000
-803.967	0.000
-802.967	0.000
-801.967	0.000
-800.967	0.000
-799.967	0.000
-798.966	0.000
-797.966	0.000
-796.966	0.000
-795.966	0.000
-794.966	0.000
-793.966	0.000
-792.965	0.000
-791.965	0.000
-790.965	0.000
-789.965	0.000
-788.965	0.000
-787.965	0.000
-786.964	0.000
-785.964	0.000
-784.964	0.000
-783.964	0.000
-782.964	0.000
-781.964	0.000
-780.963	0.000
-779.963	0.000
-778.963	0.000
-777.963	0.000
-776.963	0.000
-775.963	0.000
-774.962	0.000
-773.962	0.000
-772.962	0.000
-771.962	0.000
-770.962	0.000
-769.962	0.000
-768.961	0.000
-767.961	0.000
-766.961	0.000
-765.961	0.000
-764.961	0.000
-763.961	0.000
-762.960	0.000
-761.960	0.000
-760.960	0.000
-759.960	0.000
-758.960	0.000
-757.960	0.000
-756.959	0.000
-755.959	0.000
-754.959	0.000
-753.959	0.000
-752.959	0.000
-751.959	0.000
-750.958	0.000
-749.958	0.000
-748.958	0.000
-747.958	0.000
-746.958	0.000
-745.958	0.000
-744.957	0.000
-743.957	0.000
-742.957	0.000
-741.957	0.000
-740.957	0.000
-739.957	0.000
-738.956	0.000
-737.956	0.000
-736.956	0.000
-735.956	0.000
-734.956	0.000
-733.956	0.000
-732.955	0.000
-731.955	0.000
-730.955	0.000
-729.955	0.000
-728.955	0.000
-727.955	0.000
-726.954	0.000
-725.954	0.000
-724.954	0.000
-723.954	0.000
-722.954	0.000
-721.954	0.000
-720.953	0.000
-719.953	0.000
-718.953	0.000
-717.953	0.000
-716.953	0.000
-715.953	0.000
-714.952	0.000
-713.952	0.000
-712.952	0.000
-711.952	0.000
-710.952	0.000
-709.952	0.000
-708.951	0.000
-707.951	0.000
-706.951	0.000
-705.951	0.000
-704.951	0.000
-703.951	0.000
-702.950	0.000
-701.950	0.000
-700.950	0.000
-699.950	0.000
-698.950	0.000
-697.950	0.000
-696.949	0.000
-695.949	0.000
-694.949	0.000
-693.949	0.000
-692.949	0.000
-691.949	0.000
-690.948	0.000
-689.948	0.000
-688.948	0.000
-687.948	0.000
-686.948	0.000
-685.948	0.000
-684.947	0.000
-683.947	0.000
-682.947	0.000
-681.947	0.000
-680.947	0.000
-679.947	0.000
-678.946	0.000
-677.946	0.000
-676.946	0.000
-675.946	0.000
-674.946	0.000
-673.946	0.000
-672.945	0.000
-671.945	0.000
-670.945	0.000
-669.945	0.000
-668.945	0.000
-667.945	0.000
-666.944	0.000
-665.944	0.000
-664.944	0.000
-663.944	0.000
-662.944	0.000
-661.944	0.000
-660.943	0.000
-659.943	0.000
-658.943	0.000
-657.943	0.000
-656.943	0.000
-655.943	0.000
-654.942	0.000
-653.942	0.000
-652.942	0.000
-651.942	0.000
-650.942	0.000
-649.942	0.000
-648.941	0.000
-647.941	0.000
-646.941	0.000
-645.941	0.000
-644.941	0.000
-643.941	0.000
-642.940	0.000
-641.940	0.000
-640.940	0.000
-639.940	0.000
-638.940	0.000
-637.940	0.000
-636.939	0.000
-635.939	0.000
-634.939	0.000
-633.939	0.000
-632.939	0.000
-631.939	0.000
-630.938	0.000
-629.938	0.000
-628.938	0.000
-627.938	0.000
-626.938	0.000
-625.938	0.000
-624.937	0.000
-623.937	0.000
-622.937	0.000
-621.937	0.000
-620.937	0.000
-619.937	0.000
-618.936	0.000
-617.936	0.000
-616.936	0.000
-615.936	0.000
-614.936	0.000
-613.936	0.000
-612.935	0.000
-611.935	0.000
-610.935	0.000
-609.935	0.000
-608.935	0.000
-607.935	0.000
-606.934	0.000
-605.934	0.000
-604.934	0.000
-603.934	0.000
-602.934	0.000
-601.934	0.000
-600.933	0.000
-599.933	0.000
-598.933	0.000
-597.933	0.000
-596.933	0.000
-595.933	0.000
-594.932	0.000
-593.932	0.000
-592.932	0.000
-591.932	0.000
-590.932	0.000
-589.932	0.000
-588.931	0.000
-587.931	0.000
-586.931	0.000
-585.931	0.000
-584.931	0.000
-583.931	0.000
-582.930	0.000
-581.930	0.000
-580.930	0.000
-579.930	0.000
-578.930	0.000
-577.930	0.000
-576.929	0.000
-575.929	0.000
-574.929	0.000
-573.929	0.000
-572.929	0.000
-571.929	0.000
-570.928	0.000
-569.928	0.000
-568.928	0.000
-567.928	0.000
-566.928	0.000
-565.928	0.000
-564.927	0.000
-563.927	0.000
-562.927	0.000
-561.927	0.000
-560.927	0.000
-559.927	0.000
-558.926	0.000
-557.926	0.000
-556.926	0.000
-555.926	0.000
-554.926	0.000
-553.926	0.000
-552.925	0.000
-551.925	0.000
-550.925	0.000
-549.925	0.000
-548.925	0.000
-547.925	0.000
-546.924	0.000
-545.924	0.000
-544.924	0.000
-543.924	0.000
-542.924	0.000
-541.924	0.000
-540.923	0.000
-539.923	0.000
-538.923	0.000
-537.923	0.000
-536.923	0.000
-535.923	0.000
-534.922	0.000
-533.922	0.000
-532.922	0.000
-531.922	0.000
-530.922	0.000
-529.922	0.000
-528.921	0.000
-527.921	0.000
-526.921	0.000
-525.921	0.000
-524.921	0.000
-523.921	0.000
-522.920	0.000
-521.920	0.000
-520.920	0.000
-519.920	0.000
-518.920	0.000
-517.920	0.000
-516.919	0.000
-515.919	0.000
-514.919	0.000
-513.919	0.000
-512.919	0.000
-511.919	0.000
-510.918	0.000
-509.918	0.000
-508.918	0.000
-507.918	0.000
-506.918	0.000
-505.918	0.000
-504.917	0.000
-503.917	0.000
-502.917	0.000
-501.917	0.000
-500.917	0.000
-499.917	0.000
-498.916	0.000
-497.916	0.000
-496.916	0.000
-495.916	0.000
-494.916	0.000
-493.916	0.000
-492.915	0.000
-491.915	0.000
-490.915	0.000
-489.915	0.000
-488.915	0.000
-487.915	0.000
-486.914	0.000
-485.914	0.000
-484.914	0.000
-483.914	0.000
-482.914	0.000
-481.914	0.000
-480.913	0.000
-479.913	0.000
-478.913	0.000
-477.913	0.000
-476.913	0.000
-475.913	0.000
-474.912	0.000
-473.912	0.000
-472.912	0.000
-471.912	0.000
-470.912	0.000
-469.912	0.000
-468.911	0.000
-467.911	0.000
-466.911	0.000
-465.911	0.000
-464.911	0.000
-463.911	0.000
-462.910	0.000
-461.910	0.000
-460.910	0.000
-459.910	0.000
-458.910	0.000
-457.910	0.000
-456.909	0.000
-455.909	0.000
-454.909	0.000
-453.909	0.000
-452.909	0.000
-451.909	0.000
-450.908	0.000
-449.908	0.000
-448.908	0.000
-447.908	0.000
-446.908	0.000
-445.908	0.000
-444.907	0.000
-443.907	0.000
-442.907	0.000
-441.907	0.000
-440.907	0.000
-439.907	0.000
-438.906	0.000
-437.906	0.000
-436.906	0.000
-435.906	0.000
-434.906	0.000
-433.906	0.000
-432.905	0.000
-431.905	0.000
-430.905	0.000
-429.905	0.000
-428.905	0.000
-427.905	0.000
-426.904	0.000
-425.904	0.000
-424.904	0.000
-423.904	0.000
-422.904	0.000
-421.904	0.000
-420.903	0.000
-419.903	0.000
-418.903	0.000
-417.903	0.000
-416.903	0.000
-415.903	0.000
-414.902	0.000
-413.902	0.000
-412.902	0.000
-411.902	0.000
-410.902	0.000
-409.902	0.000
-408.901	0.000
-407.901	0.000
-406.901	0.000
-405.901	0.000
-404.901	0.000
-403.901	0.000
-402.900	0.000
-401.900	0.000
-400.900	0.000
-399.900	0.000
-398.900	0.000
-397.900	0.000
-396.899	0.000
-395.899	0.000
-394.899	0.000
-393.899	0.000
-392.899	0.000
-391.899	0.000
-390.898	0.000
-389.898	0.000
-388.898	0.000
-387.898	0.000
-386.898	0.000
-385.898	0.000
-384.897	0.000
-383.897	0.000
-382.897	0.000
-381.897	0.000
-380.897	0.000
-379.897	0.000
-378.896	0.000
-377.896	0.000
-376.896	0.000
-375.896	0.000
-374.896	0.000
-373.896	0.000
-372.895	0.000
-371.895	0.000
-370.895	0.000
-369.895	0.000
-368.895	0.000
-367.895	0.000
-366.894	0.000
-365.894	0.000
-364.894	0.000
-363.894	0.000
-362.894	0.000
-361.894	0.000
-360.893	0.000
-359.893	0.000
-358.893	0.000
-357.893	0.000
-356.893	0.000
-355.893	0.000
-354.892	0.000
-353.892	0.000
-352.892	0.000
-351.892	0.000
-350.892	0.000
-349.892	0.000
-348.891	0.000
-347.891	0.000
-346.891	0.000
-345.891	0.000
-344.891	0.000
-343.891	0.000
-342.890	0.000
-341.890	0.000
-340.890	0.000
-339.890	0.000
-338.890	0.000
-337.890	0.000
-336.889	0.000
-335.889	0.000
-334.889	0.000
-333.889	0.000
-332.889	0.000
-331.889	0.000
-330.888	0.000
-329.888	0.000
-328.888	0.000
-327.888	0.000
-326.888	0.000
-325.888	0.000
-324.887	0.000
-323.887	0.000
-322.887	0.000
-321.887	0.000
-320.887	0.000
-319.887	0.000
-318.886	0.000
-317.886	0.000
-316.886	0.000
-315.886	0.000
-314.886	0.000
-313.886	0.000
-312.885	0.000
-311.885	0.000
-310.885	0.000
-309.885	0.000
-308.885	0.000
-307.885	0.000
-306.884	0.000
-305.884	0.000
-304.884	0.000
-303.884	0.000
-302.884	0.000
-301.884	0.000
-300.883	0.000
-299.883	0.000
-298.883	0.000
-297.883	0.000
-296.883	0.000
-295.883	0.000
-294.882	0.000
-293.882	0.000
-292.882	0.000
-291.882	0.000
-290.882	0.000
-289.882	0.000
-288.881	0.000
-287.881	0.000
-286.881	0.000
-285.881	0.000
-284.881	0.000
-283.881	0.000
-282.880	0.000
-281.880	0.000
-280.880	0.000
-279.880	0.000
-278.880	0.000
-277.880	0.000
-276.879	0.000
-275.879	0.000
-274.879	0.000
-273.879	0.000
-272.879	0.000
-271.879	0.000
-270.878	0.000
-269.878	0.000
-268.878	0.000
-267.878	0.000
-266.878	0.000
-265.878	0.000
-264.877	0.000
-263.877	0.000
-262.877	0.000
-261.877	0.000
-260.877	0.000
-259.877	0.000
-258.876	0.000
-257.876	0.000
-256.876	0.000
-255.876	0.000
-254.876	0.000
-253.876	0.000
-252.875	0.000
-251.875	0.000
-250.875	0.000
-249.875	0.000
-248.875	0.000
-247.875	0.000
-246.874	0.000
-245.874	0.000
-244.874	0.000
-243.874	0.000
-242.874	0.000
-241.874	0.000
-240.873	0.000
-239.873	0.000
-238.873	0.000
-237.873	0.000
-236.873	0.000
-235.873	0.000
-234.872	0.000
-233.872	0.000
-232.872	0.000
-231.872	0.000
-230.872	0.000
-229.872	0.000
-228.871	0.000
-227.871	0.000
-226.871	0.000
-225.871	0.000
-224.871	0.000
-223.871	0.000
-222.870	0.000
-221.870	0.000
-220.870	0.000
-219.870	0.000
-218.870	0.000
-217.870	0.000
-216.869	0.000
-215.869	0.000
-214.869	0.000
-213.869	0.000
-212.869	0.000
-211.869	0.000
-210.868	0.000
-209.868	0.000
-208.868	0.000
-207.868	0.000
-206.868	0.000
-205.868	0.000
-204.867	0.000
-203.867	0.000
-202.867	0.000
-201.867	0.000
-200.867	0.000
-199.867	0.000
-198.866	0.000
-197.866	0.000
-196.866	0.000
-195.866	0.000
-194.866	0.000
-193.866	0.000
-192.865	0.000
-191.865	0.000
-190.865	0.000
-189.865	0.000
-188.865	0.000
-187.865	0.000
-186.864	0.000
-185.864	0.000
-184.864	0.000
-183.864	0.000
-182.864	0.000
-181.864	0.000
-180.863	0.000
-179.863	0.000
-178.863	0.000
-177.863	0.000
-176.863	0.000
-175.863	0.000
-174.862	0.000
-173.862	0.000
-172.862	0.000
-171.862	0.000
-170.862	0.000
-169.862	0.000
-168.861	0.000
-167.861	0.000
-166.861	0.000
-165.861	0.000
-164.861	0.000
-163.861	0.000
-162.860	0.000
-161.860	0.000
-160.860	0.000
-159.860	0.000
-158.860	0.000
-157.860	0.000
-156.859	0.000
-155.859	0.000
-154.859	0.000
-153.859	0.000
-152.859	0.000
-151.859	0.000
-150.858	0.000
-149.858	0.000
-148.858	0.000
-147.858	0.000
-146.858	0.000
-145.858	0.000
-144.857	0.000
-143.857	0.000
-142.857	0.000
-141.857	0.000
-140.857	0.000
-139.857	0.000
-138.856	0.000
-137.856	0.000
-136.856	0.000
-135.856	0.000
-134.856	0.000
-133.856	0.000
-132.855	0.000
-131.855	0.000
-130.855	0.000
-129.855	0.000
-128.855	0.000
-127.855	0.000
-126.854	0.000
-125.854	0.000
-124.854	0.000
-123.854	0.000
-122.854	0.000
-121.854	0.000
-120.853	0.000
-119.853	0.000
-118.853	0.000
-117.853	0.000
-116.853	0.000
-115.853	0.000
-114.852	0.000
-113.852	0.000
-112.852	0.000
-111.852	0.000
-110.852	0.000
-109.852	0.000
-108.851	0.000
-107.851	0.000
-106.851	0.000
-105.851	0.000
-104.851	0.000
-103.851	0.000
-102.850	0.000
-101.850	0.000
-100.850	0.000
-99.850	0.000
-98.850	0.000
-97.850	0.000
-96.849	0.000
-95.849	0.000
-94.849	0.000
-93.849	0.000
-92.849	0.000
-91.849	0.000
-90.848	0.000
-89.848	0.000
-88.848	1.000
-87.848	0.000
-86.848	0.000
-85.848	0.000
-84.847	0.000
-83.847	0.000
-82.847	0.000
-81.847	0.000
-80.847	0.000
-79.847	1.000
-78.846	2.000
-77.846	1.000
-76.846	3.000
-75.846	7.000
-74.846	1.000
-73.846	6.000
-72.845	6.000
-71.845	10.000
-70.845	14.000
-69.845	21.000
-68.845	15.000
-67.845	28.000
-66.844	39.000
-65.844	50.000
-64.844	63.000
-63.844	58.000
-62.844	103.000
-61.844	129.000
-60.843	164.000
-59.843	211.000
-58.843	267.000
-57.843	332.000
-56.843	440.000
-55.843	502.000
-54.842	705.000
-53.842	872.000
-52.842	1089.000
-51.842	1312.000
-50.842	1625.000
-49.842	2049.000
-48.841	2473.000
-47.841	3098.000
-46.841	3842.000
-45.841	4427.000
-44.841	5401.000
-43.841	6646.000
-42.840	7939.000
-41.840	9684.000
-40.840	11315.000
-39.840	13358.000
-38.840	15711.000
-37.840	18561.000
-36.839	22147.000
-35.839	25297.000
-34.839	30022.000
-33.839	34521.000
-32.839	39452.000
-31.839	45540.000
-30.838	51994.000
-29.838	59648.000
-28.838	67378.000
-27.838	76020.000
-26.838	85845.000
-25.838	96016.000
-24.837	107326.000
-23.837	119092.000
-22.837	132058.000
-21.837	145252.000
-20.837	159330.000
-19.837	174888.000
-18.836	189718.000
-17.836	205518.000
-16.836	221935.000
-15.836	237924.000
-14.836	254590.000
-13.836	271836.000
-12.835	286900.000
-11.835	302651.000
-10.835	318887.000
-9.835	333437.000
-8.835	347328.000
-7.835	360043.000
-6.834	371486.000
-5.834	383443.000
-4.834	391314.000
-3.834	398828.000
-2.834	404363.000
-1.834	408165.000
-0.833	411360.000
0.167	411010.000
1.167	408823.000
2.167	405295.000
3.167	400208.000
4.167	394122.000
5.168	387059.000
6.168	376395.000
7.168	365965.000
8.168	353008.000
9.168	339358.000
10.168	324750.000
11.169	310060.000
12.169	294326.000
13.169	278507.000
14.169	262104.000
15.169	245932.000
16.169	229158.000
17.170	214015.000
18.170	198662.000
19.170	183205.000
20.170	169084.000
21.170	155775.000
22.170	142250.000
23.171	130263.000
24.171	118855.000
25.171	107825.000
26.171	98294.000
27.171	89224.000
28.171	80759.000
29.172	74034.000
30.172	67837.000
31.172	61996.000
32.172	56631.000
33.172	52538.000
34.172	47973.000
35.173	45262.000
36.173	42257.000
37.173	39962.000
38.173	38511.000
39.173	36935.000
40.173	36153.000
41.174	34961.000
42.174	34680.000
43.174	34028.000
44.174	33860.000
45.174	34026.000
46.174	33915.000
47.175	34024.000
48.175	34423.000
49.175	34008.000
50.175	34702.000
51.175	34818.000
52.175	35046.000
53.176	35149.000
54.176	35508.000
55.176	35750.000
56.176	35490.000
57.176	35919.000
58.176	35759.000
59.177	35958.000
60.177	35424.000
61.177	35461.000
62.177	35164.000
63.177	35075.000
64.177	34522.000
65.178	34258.000
66.178	33436.000
67.178	33295.000
68.178	32378.000
69.178	31968.000
70.178	31015.000
71.179	30334.000
72.179	29519.000
73.179	28517.000
74.179	27975.000
75.179	27197.000
76.179	26362.000
77.180	25256.000
78.180	24461.000
79.180	23622.000
80.180	22550.000
81.180	21651.000
82.180	20728.000
83.181	19767.000
84.181	18812.000
85.181	17923.000
86.181	17114.000
87.181	16230.000
88.181	15477.000
89.182	14461.000
90.182	13911.000
91.182	13085.000
92.182	12483.000
93.182	11845.000
94.182	10949.000
95.183	10364.000
96.183	9680.000
97.183	9218.000
98.183	8649.000
99.183	8294.000
100.183	7713.000
101.184	7447.000
102.184	6916.000
103.184	6618.000
104.184	6136.000
105.184	5717.000
106.184	5397.000
107.185	5125.000
108.185	4826.000
109.185	4737.000
110.185	4393.000
111.185	4016.000
112.185	4024.000
113.186	3671.000
114.186	3692.000
115.186	3423.000
116.186	3362.000
117.186	3164.000
118.186	3104.000
119.187	2975.000
120.187	2888.000
121.187	2645.000
122.187	2610.000
123.187	2499.000
124.187	2402.000
125.188	2408.000
126.188	2217.000
127.188	2277.000
128.188	2096.000
129.188	2079.000
130.188	1982.000
131.189	1909.000
132.189	1911.000
133.189	1780.000
134.189	1838.000
135.189	1673.000
136.189	1727.000
137.190	1611.000
138.190	1601.000
139.190	1493.000
140.190	1477.000
141.190	1410.000
142.190	1361.000
143.191	1397.000
144.191	1310.000
145.191	1299.000
146.191	1217.000
147.191	1173.000
148.191	1101.000
149.192	1108.000
150.192	1068.000
151.192	978.000
152.192	1003.000
153.192	990.000
154.192	907.000
155.193	876.000
156.193	857.000
157.193	795.000
158.193	796.000
159.193	766.000
160.193	685.000
161.194	685.000
162.194	661.000
163.194	677.000
164.194	597.000
165.194	553.000
166.194	536.000
167.195	495.000
168.195	501.000
169.195	483.000
170.195	444.000
171.195	434.000
172.195	430.000
173.196	450.000
174.196	392.000
175.196	355.000
176.196	317.000
177.196	330.000
178.196	314.000
179.197	272.000
180.197	288.000
181.197	260.000
182.197	282.000
183.197	264.000
184.197	242.000
185.198	231.000
186.198	224.000
187.198	224.000
188.198	184.000
189.198	180.000
190.198	182.000
191.199	185.000
192.199	170.000
193.199	152.000
194.199	149.000
195.199	145.000
196.199	157.000
197.200	150.000
198.200	111.000
199.200	149.000
200.200	150.000
201.200	129.000
202.200	114.000
203.201	123.000
204.201	100.000
205.201	99.000
206.201	101.000
207.201	97.000
208.201	96.000
209.202	72.000
210.202	100.000
211.202	84.000
212.202	71.000
213.202	88.000
214.202	66.000
215.203	92.000
216.203	76.000
217.203	86.000
218.203	78.000
219.203	68.000
220.203	63.000
221.204	59.000
222.204	68.000
223.204	54.000
224.204	50.000
225.204	51.000
226.204	66.000
227.205	45.000
228.205	46.000
229.205	57.000
230.205	55.000
231.205	45.000
232.205	47.000
233.206	51.000
234.206	38.000
235.206	45.000
236.206	41.000
237.206	37.000
238.206	47.000
239.207	33.000
240.207	40.000
241.207	27.000
242.207	27.000
243.207	32.000
244.207	37.000
245.208	26.000
246.208	46.000
247.208	27.000
248.208	23.000
249.208	30.000
250.208	19.000
251.209	31.000
252.209	27.000
253.209	24.000
254.209	16.000
255.209	17.000
256.209	15.000
257.210	19.000
258.210	21.000
259.210	19.000
260.210	24.000
261.210	31.000
262.210	20.000
263.211	18.000
264.211	14.000
265.211	12.000
266.211	20.000
267.211	9.000
268.211	15.000
269.212	18.000
270.212	16.000
271.212	11.000
272.212	17.000
273.212	18.000
274.212	17.000
275.213	15.000
276.213	19.000
277.213	14.000
278.213	26.000
279.213	14.000
280.213	17.000
281.214	13.000
282.214	13.000
283.214	11.000
284.214	8.000
285.214	10.000
286.214	15.000
287.215	10.000
288.215	7.000
289.215	11.000
290.215	9.000
291.215	9.000
292.215	13.000
293.216	9.000
294.216	9.000
295.216	14.000
296.216	13.000
297.216	10.000
298.216	9.000
299.217	6.000
300.217	7.000
301.217	14.000
302.217	12.000
303.217	5.000
304.217	4.000
305.218	6.000
306.218	12.000
307.218	7.000
308.218	6.000
309.218	5.000
310.218	3.000
311.219	7.000
312.219	9.000
313.219	7.000
314.219	7.000
315.219	7.000
316.219	3.000
317.220	5.000
318.220	8.000
319.220	2.000
320.220	13.000
321.220	4.000
322.220	6.000
323.221	8.000
324.221	6.000
325.221	11.000
326.221	10.000
327.221	7.000
328.221	9.000
329.222	4.000
330.222	6.000
331.222	7.000
332.222	6.000
333.222	5.000
334.222	3.000
335.223	1.000
336.223	5.000
337.223	6.000
338.223	5.000
339.223	1.000
340.223	6.000
341.224	5.000
342.224	6.000
343.224	4.000
344.224	2.000
345.224	3.000
346.224	3.000
347.225	5.000
348.225	1.000
349.225	5.000
350.225	1.000
351.225	4.000
352.225	2.000
353.226	4.000
354.226	7.000
355.226	6.000
356.226	2.000
357.226	6.000
358.226	4.000
359.227	4.000
360.227	0.000
361.227	1.000
362.227	4.000
363.227	5.000
364.227	3.000
365.228	3.000
366.228	3.000
367.228	2.000
368.228	3.000
369.228	4.000
370.228	4.000
371.229	4.000
372.229	4.000
373.229	2.000
374.229	6.000
375.229	5.000
376.229	2.000
377.230	2.000
378.230	0.000
379.230	1.000
380.230	3.000
381.230	6.000
382.230	5.000
383.231	4.000
384.231	7.000
385.231	2.000
386.231	4.000
387.231	0.000
388.231	3.000
389.232	2.000
390.232	4.000
391.232	0.000
392.232	2.000
393.232	1.000
394.232	2.000
395.233	1.000
396.233	0.000
397.233	2.000
398.233	3.000
399.233	2.000
400.233	0.000
401.234	3.000
402.234	3.000
403.234	2.000
404.234	1.000
405.234	2.000
406.234	0.000
407.235	0.000
408.235	1.000
409.235	2.000
410.235	0.000
411.235	0.000
412.235	0.000
413.236	0.000
414.236	1.000
415.236	1.000
416.236	1.000
417.236	2.000
418.236	0.000
419.237	1.000
420.237	0.000
421.237	0.000
422.237	0.000
423.237	0.000
424.237	0.000
425.238	2.000
426.238	0.000
427.238	1.000
428.238	1.000
429.238	2.000
430.238	0.000
431.239	1.000
432.239	0.000
433.239	0.000
434.239	4.000
435.239	0.000
436.239	3.000
437.240	1.000
438.240	0.000
439.240	1.000
440.240	0.000
441.240	1.000
442.240	1.000
443.241	0.000
444.241	0.000
445.241	0.000
446.241	3.000
447.241	1.000
448.241	2.000
449.242	1.000
450.242	1.000
451.242	1.000
452.242	1.000
453.242	0.000
454.242	0.000
455.243	0.000
456.243	1.000
457.243	0.000
458.243	1.000
459.243	0.000
460.243	2.000
461.244	0.000
462.244	0.000
463.244	2.000
464.244	0.000
465.244	1.000
466.244	0.000
467.245	2.000
468.245	0.000
469.245	0.000
470.245	1.000
471.245	1.000
472.245	1.000
473.246	1.000
474.246	0.000
475.246	0.000
476.246	0.000
477.246	0.000
478.246	0.000
479.247	1.000
480.247	0.000
481.247	1.000
482.247	1.000
483.247	0.000
484.247	0.000
485.248	1.000
486.248	1.000
487.248	0.000
488.248	0.000
489.248	0.000
490.248	0.000
491.249	0.000
492.249	1.000
493.249	0.000
494.249	0.000
495.249	0.000
496.249	0.000
497.250	0.000
498.250	0.000
499.250	0.000
500.250	0.000
501.250	0.000
502.250	0.000
503.251	0.000
504.251	0.000
505.251	0.000
506.251	0.000
507.251	0.000
508.251	0.000
509.252	0.000
510.252	1.000
511.252	0.000
512.252	0.000
513.252	0.000
514.252	0.000
515.253	0.000
516.253	0.000
517.253	0.000
518.253	0.000
519.253	0.000
520.253	0.000
521.254	0.000
522.254	0.000
523.254	0.000
524.254	0.000
525.254	0.000
526.254	0.000
527.255	0.000
528.255	0.000
529.255	0.000
530.255	0.000
531.255	0.000
532.255	0.000
533.256	0.000
534.256	1.000
535.256	0.000
536.256	0.000
537.256	0.000
538.256	0.000
539.257	0.000
540.257	0.000
541.257	0.000
542.257	0.000
543.257	0.000
544.257	0.000
545.258	0.000
546.258	0.000
547.258	0.000
548.258	0.000
549.258	0.000
550.258	0.000
551.259	0.000
552.259	0.000
553.259	0.000
554.259	0.000
555.259	0.000
556.259	0.000
557.260	0.000
558.260	0.000
559.260	0.000
560.260	0.000
561.260	0.000
562.260	0.000
563.261	0.000
564.261	0.000
565.261	0.000
566.261	0.000
567.261	0.000
568.261	0.000
569.262	0.000
570.262	0.000
571.262	0.000
572.262	0.000
573.262	0.000
574.262	0.000
575.263	0.000
576.263	0.000
577.263	1.000
578.263	0.000
579.263	0.000
580.263	0.000
581.264	0.000
582.264	0.000
583.264	0.000
584.264	0.000
585.264	0.000
586.264	0.000
587.265	0.000
588.265	0.000
589.265	0.000
590.265	0.000
591.265	0.000
592.265	0.000
593.266	0.000
594.266	0.000
595.266	0.000
596.266	0.000
597.266	0.000
598.266	0.000
599.267	0.000
600.267	0.000
601.267	0.000
602.267	0.000
603.267	0.000
604.267	0.000
605.268	0.000
606.268	0.000
607.268	0.000
608.268	0.000
609.268	0.000
610.268	0.000
611.269	0.000
612.269	0.000
613.269	0.000
614.269	0.000
615.269	0.000
616.269	0.000
617.270	0.000
618.270	0.000
619.270	0.000
620.270	1.000
621.270	0.000
622.270	0.000
623.271	0.000
624.271	0.000
625.271	0.000
626.271	0.000
627.271	0.000
628.271	0.000
629.272	0.000
630.272	0.000
631.272	0.000
632.272	0.000
633.272	0.000
634.272	0.000
635.273	0.000
636.273	0.000
637.273	0.000
638.273	0.000
639.273	0.000
640.273	0.000
641.274	0.000
642.274	0.000
643.274	0.000
644.274	0.000
645.274	0.000
646.274	0.000
647.275	0.000
648.275	0.000
649.275	0.000
650.275	0.000
651.275	0.000
652.275	0.000
653.276	0.000
654.276	0.000
655.276	0.000
656.276	0.000
657.276	0.000
658.276	0.000
659.277	0.000
660.277	0.000
661.277	0.000
662.277	0.000
663.277	0.000
664.277	0.000
665.278	0.000
666.278	0.000
667.278	0.000
668.278	0.000
669.278	0.000
670.278	0.000
671.279	0.000
672.279	0.000
673.279	0.000
674.279	0.000
675.279	0.000
676.279	0.000
677.280	0.000
678.280	0.000
679.280	0.000
680.280	0.000
681.280	0.000
682.280	0.000
683.281	0.000
684.281	0.000
685.281	0.000
686.281	0.000
687.281	0.000
688.281	0.000
689.282	0.000
690.282	0.000
691.282	0.000
692.282	0.000
693.282	0.000
694.282	0.000
695.283	0.000
696.283	0.000
697.283	0.000
698.283	0.000
699.283	0.000
700.283	0.000
701.284	0.000
702.284	0.000
703.284	0.000
704.284	0.000
705.284	0.000
706.284	0.000
707.285	0.000
708.285	0.000
709.285	0.000
710.285	0.000
711.285	0.000
712.285	0.000
713.286	0.000
714.286	0.000
715.286	0.000
716.286	0.000
717.286	0.000
718.286	0.000
719.287	0.000
720.287	0.000
721.287	0.000
722.287	0.000
723.287	0.000
724.287	0.000
725.288	0.000
726.288	0.000
727.288	0.000
728.288	0.000
729.288	0.000
730.288	0.000
731.289	0.000
732.289	0.000
733.289	0.000
734.289	0.000
735.289	0.000
736.289	0.000
737.290	0.000
738.290	0.000
739.290	0.000
740.290	0.000
741.290	0.000
742.290	0.000
743.291	0.000
744.291	0.000
745.291	0.000
746.291	0.000
747.291	0.000
748.291	0.000
749.292	0.000
750.292	0.000
751.292	0.000
752.292	0.000
753.292	0.000
754.292	0.000
755.293	0.000
756.293	0.000
757.293	0.000
758.293	0.000
759.293	0.000
760.293	0.000
761.294	0.000
762.294	0.000
763.294	0.000
764.294	0.000
765.294	0.000
766.294	0.000
767.295	0.000
768.295	0.000
769.295	0.000
770.295	0.000
771.295	0.000
772.295	0.000
773.296	0.000
774.296	0.000
775.296	0.000
776.296	0.000
777.296	0.000
778.296	0.000
779.297	0.000
780.297	0.000
781.297	0.000
782.297	0.000
783.297	0.000
784.297	0.000
785.298	0.000
786.298	0.000
787.298	0.000
788.298	0.000
789.298	0.000
790.298	0.000
791.299	0.000
792.299	0.000
793.299	0.000
794.299	0.000
795.299	0.000
796.299	0.000
797.300	0.000
798.300	0.000
799.300	0.000
800.300	0.000
801.300	0.000
802.300	0.000
803.301	0.000
804.301	0.000
805.301	0.000
806.301	0.000
807.301	0.000
808.301	0.000
809.302	0.000
810.302	0.000
811.302	0.000
812.302	0.000
813.302	0.000
814.302	0.000
815.303	0.000
816.303	0.000
817.303	0.000
818.303	0.000
819.303	0.000
820.303	0.000
821.304	0.000
822.304	0.000
823.304	0.000
824.304	0.000
825.304	0.000
826.304	0.000
827.305	0.000
828.305	0.000
829.305	0.000
830.305	0.000
831.305	0.000
832.305	0.000
833.306	0.000
834.306	0.000
835.306	0.000
836.306	0.000
837.306	0.000
838.306	0.000
839.307	0.000
840.307	0.000
841.307	0.000
842.307	0.000
843.307	0.000
844.307	0.000
845.308	0.000
846.308	0.000
847.308	0.000
848.308	0.000
849.308	0.000
850.308	0.000
851.309	0.000
852.309	0.000
853.309	0.000
854.309	0.000
855.309	0.000
856.309	0.000
857.310	0.000
858.310	1.000
859.310	0.000
860.310	0.000
861.310	0.000
862.310	0.000
863.311	0.000
864.311	0.000
865.311	0.000
866.311	0.000
867.311	0.000
868.311	0.000
869.312	0.000
870.312	0.000
871.312	0.000
872.312	0.000
873.312	0.000
874.312	0.000
875.313	0.000
876.313	0.000
877.313	0.000
878.313	0.000
879.313	0.000
880.313	0.000
881.314	0.000
882.314	0.000
883.314	0.000
884.314	0.000
885.314	0.000
886.314	0.000
887.315	0.000
888.315	0.000
889.315	0.000
890.315	0.000
891.315	0.000
892.315	0.000
893.316	0.000
894.316	0.000
895.316	0.000
896.316	0.000
897.316	0.000
898.316	0.000
899.317	0.000
900.317	0.000
901.317	0.000
902.317	0.000
903.317	0.000
904.317	0.000
905.318	0.000
906.318	0.000
907.318	0.000
908.318	0.000
909.318	0.000
910.318	0.000
911.319	0.000
912.319	0.000
913.319	0.000
914.319	0.000
915.319	0.000
916.319	0.000
917.320	0.000
918.320	0.000
919.320	0.000
920.320	0.000
921.320	0.000
922.320	0.000
923.321	0.000
924.321	0.000
925.321	0.000
926.321	0.000
927.321	0.000
928.321	0.000
929.322	0.000
930.322	0.000
931.322	0.000
932.322	1.000
933.322	0.000
934.322	0.000
935.323	0.000
936.323	0.000
937.323	0.000
938.323	0.000
939.323	0.000
940.323	0.000
941.324	0.000
942.324	0.000
943.324	0.000
944.324	0.000
945.324	0.000
946.324	0.000
947.325	0.000
948.325	0.000
949.325	0.000
950.325	0.000
951.325	0.000
952.325	0.000
953.326	0.000
954.326	0.000
955.326	0.000
956.326	0.000
957.326	0.000
958.326	0.000
959.327	0.000
960.327	0.000
961.327	0.000
962.327	0.000
963.327	0.000
964.327	0.000
965.328	0.000
966.328	0.000
967.328	0.000
968.328	0.000
969.328	0.000
970.328	0.000
971.329	0.000
972.329	0.000
973.329	0.000
974.329	0.000
975.329	0.000
976.329	0.000
977.330	0.000
978.330	0.000
979.330	0.000
980.330	0.000
981.330	0.000
982.330	0.000
983.331	0.000
984.331	0.000
985.331	0.000
986.331	0.000
987.331	0.000
988.331	0.000
989.332	0.000
990.332	0.000
991.332	0.000
992.332	0.000
993.332	0.000
994.332	0.000
995.333	0.000
996.333	0.000
997.333	0.000
998.333	0.000
999.333	0.000
1000.333	1.000
1001.334	0.000
1002.334	0.000
1003.334	0.000
1004.334	0.000
1005.334	0.000
1006.334	0.000
1007.335	0.000
1008.335	0.000
1009.335	0.000
1010.335	0.000
1011.335	0.000
1012.335	0.000
1013.336	0.000
1014.336	0.000
1015.336	0.000
1016.336	0.000
1017.336	0.000
1018.336	0.000
1019.337	0.000
1020.337	0.000
1021.337	0.000
1022.337	0.000
1023.337	0.000
1024.337	0.000
1025.338	0.000
1026.338	0.000
1027.338	0.000
1028.338	0.000
1029.338	0.000
1030.338	0.000
1031.339	0.000
1032.339	0.000
1033.339	0.000
1034.339	0.000
1035.339	0.000
1036.339	0.000
1037.340	0.000
1038.340	0.000
1039.340	0.000
1040.340	0.000
1041.340	0.000
1042.340	0.000
1043.341	0.000
1044.341	0.000
1045.341	1.000
1046.341	0.000
1047.341	0.000
1048.341	0.000
1049.342	0.000
1050.342	0.000
1051.342	0.000
1052.342	0.000
1053.342	0.000
1054.342	0.000
1055.343	0.000
1056.343	0.000
1057.343	0.000
1058.343	0.000
1059.343	0.000
1060.343	0.000
1061.344	0.000
1062.344	0.000
1063.344	0.000
1064.344	0.000
1065.344	0.000
1066.344	0.000
1067.345	0.000
1068.345	0.000
1069.345	0.000
1070.345	0.000
1071.345	0.000
1072.345	0.000
1073.346	0.000
1074.346	0.000
1075.346	0.000
1076.346	0.000
1077.346	0.000
1078.346	0.000
1079.347	0.000
1080.347	0.000
1081.347	0.000
1082.347	0.000
1083.347	0.000
1084.347	0.000
1085.348	0.000
1086.348	0.000
1087.348	0.000
1088.348	0.000
1089.348	0.000
1090.348	0.000
1091.349	0.000
1092.349	0.000
1093.349	0.000
1094.349	0.000
1095.349	0.000
1096.349	0.000
1097.350	0.000
1098.350	0.000
1099.350	0.000
1100.350	0.000
1101.350	0.000
1102.350	0.000
1103.351	0.000
1104.351	0.000
1105.351	0.000
1106.351	0.000
1107.351	0.000
1108.351	0.000
1109.352	0.000
1110.352	0.000
1111.352	0.000
1112.352	0.000
1113.352	0.000
1114.352	0.000
1115.353	0.000
1116.353	0.000
1117.353	0.000
1118.353	0.000
1119.353	0.000
1120.353	0.000
1121.354	0.000
1122.354	0.000
1123.354	0.000
1124.354	0.000
1125.354	0.000
1126.354	0.000
1127.355	0.000
1128.355	0.000
1129.355	0.000
1130.355	0.000
1131.355	0.000
1132.355	0.000
1133.356	0.000
1134.356	0.000
1135.356	0.000
1136.356	0.000
1137.356	0.000
1138.356	0.000
1139.357	0.000
1140.357	0.000
1141.357	0.000
1142.357	0.000
1143.357	0.000
1144.357	0.000
1145.358	0.000
1146.358	0.000
1147.358	0.000
1148.358	0.000
1149.358	0.000
1150.358	0.000
1151.359	0.000
1152.359	0.000
1153.359	0.000
1154.359	0.000
1155.359	0.000
1156.359	0.000
1157.360	0.000
1158.360	0.000
1159.360	0.000
1160.360	0.000
1161.360	0.000
1162.360	0.000
1163.361	0.000
1164.361	0.000
1165.361	0.000
1166.361	0.000
1167.361	0.000
1168.361	0.000
1169.362	0.000
1170.362	0.000
1171.362	0.000
1172.362	0.000
1173.362	0.000
1174.362	0.000
1175.363	0.000
1176.363	0.000
1177.363	0.000
1178.363	0.000
1179.363	0.000
1180.363	0.000
1181.364	0.000
1182.364	0.000
1183.364	0.000
1184.364	0.000
1185.364	0.000
1186.364	0.000
1187.365	0.000
1188.365	0.000
1189.365	0.000
1190.365	0.000
1191.365	0.000
1192.365	0.000
1193.366	0.000
1194.366	0.000
1195.366	0.000
1196.366	0.000
1197.366	0.000
1198.366	0.000
1199.367	0.000
1200.367	0.000
1201.367	0.000
1202.367	0.000
1203.367	0.000
1204.367	0.000
1205.368	0.000
1206.368	0.000
1207.368	0.000
1208.368	0.000
1209.368	0.000
1210.368	0.000
1211.369	0.000
1212.369	0.000
1213.369	0.000
1214.369	0.000
1215.369	0.000
1216.369	0.000
1217.370	0.000
1218.370	0.000
1219.370	0.000
1220.370	0.000
1221.370	0.000
1222.370	0.000
1223.371	0.000
1224.371	0.000
1225.371	0.000
1226.371	0.000
1227.371	0.000
1228.371	0.000
1229.372	0.000
1230.372	0.000
1231.372	0.000
1232.372	0.000
1233.372	0.000
1234.372	0.000
1235.373	0.000
1236.373	0.000
1237.373	0.000
1238.373	0.000
1239.373	0.000
1240.373	0.000
1241.374	0.000
1242.374	0.000
1243.374	0.000
1244.374	0.000
1245.374	0.000
1246.374	0.000
1247.375	0.000
1248.375	0.000
1249.375	0.000
1250.375	0.000
1251.375	0.000
1252.375	0.000
1253.376	0.000
1254.376	0.000
1255.376	0.000
1256.376	0.000
1257.376	0.000
1258.376	0.000
1259.377	0.000
1260.377	0.000
1261.377	0.000
1262.377	0.000
1263.377	0.000
1264.377	0.000
1265.378	0.000
1266.378	0.000
1267.378	0.000
1268.378	0.000
1269.378	0.000
1270.378	0.000
1271.379	0.000
1272.379	0.000
1273.379	0.000
1274.379	0.000
1275.379	0.000
1276.379	0.000
1277.380	0.000
1278.380	0.000
1279.380	0.000
1280.380	0.000
1281.380	0.000
1282.380	0.000
1283.381	0.000
1284.381	0.000
1285.381	0.000
1286.381	0.000
1287.381	0.000
1288.381	0.000
1289.382	0.000
1290.382	0.000
1291.382	0.000
1292.382	0.000
1293.382	0.000
1294.382	0.000
1295.383	0.000
1296.383	0.000
1297.383	0.000
1298.383	0.000
1299.383	0.000
1300.383	0.000
1301.384	0.000
1302.384	0.000
1303.384	0.000
1304.384	0.000
1305.384	0.000
1306.384	0.000
1307.385	0.000
1308.385	0.000
1309.385	0.000
1310.385	0.000
1311.385	0.000
1312.385	0.000
1313.386	0.000
1314.386	0.000
1315.386	0.000
1316.386	0.000
1317.386	0.000
1318.386	0.000
1319.387	0.000
1320.387	0.000
1321.387	0.000
1322.387	0.000
1323.387	0.000
1324.387	0.000
1325.388	0.000
1326.388	0.000
1327.388	0.000
1328.388	0.000
1329.388	0.000
1330.388	0.000
1331.389	0.000
1332.389	0.000
1333.389	0.000
1334.389	0.000
1335.389	0.000
1336.389	0.000
1337.390	0.000
1338.390	0.000
1339.390	0.000
1340.390	0.000
1341.390	0.000
1342.390	0.000
1343.391	0.000
1344.391	0.000
1345.391	0.000
1346.391	0.000
1347.391	0.000
1348.391	0.000
1349.392	0.000
1350.392	0.000
1351.392	0.000
1352.392	0.000
1353.392	0.000
1354.392	0.000
1355.393	0.000
1356.393	0.000
1357.393	0.000
1358.393	0.000
1359.393	0.000
1360.393	0.000
1361.394	0.000
1362.394	0.000
1363.394	0.000
1364.394	0.000
1365.394	0.000
1366.394	0.000
1367.395	0.000
1368.395	0.000
1369.395	0.000
1370.395	0.000
1371.395	0.000
1372.395	0.000
1373.396	0.000
1374.396	0.000
1375.396	0.000
1376.396	0.000
1377.396	0.000
1378.396	0.000
1379.397	0.000
1380.397	0.000
1381.397	0.000
1382.397	0.000
1383.397	0.000
1384.397	0.000
1385.398	0.000
1386.398	0.000
1387.398	0.000
1388.398	0.000
1389.398	0.000
1390.398	0.000
1391.399	0.000
1392.399	0.000
1393.399	0.000
1394.399	0.000
1395.399	0.000
1396.399	0.000
1397.400	0.000
1398.400	0.000
1399.400	0.000
1400.400	0.000
1401.400	0.000
1402.400	0.000
1403.401	0.000
1404.401	0.000
1405.401	0.000
1406.401	0.000
1407.401	0.000
1408.401	0.000
1409.402	0.000
1410.402	0.000
1411.402	0.000
1412.402	0.000
1413.402	0.000
1414.402	0.000
1415.403	0.000
1416.403	0.000
1417.403	0.000
1418.403	0.000
1419.403	0.000
1420.403	0.000
1421.404	0.000
1422.404	0.000
1423.404	0.000
1424.404	0.000
1425.404	0.000
1426.404	0.000
1427.405	0.000
1428.405	0.000
1429.405	0.000
1430.405	0.000
1431.405	0.000
1432.405	0.000
1433.406	0.000
1434.406	0.000
1435.406	0.000
1436.406	0.000
1437.406	0.000
1438.406	0.000
1439.407	0.000
1440.407	0.000
1441.407	0.000
1442.407	0.000
1443.407	0.000
1444.407	0.000
1445.408	0.000
1446.408	0.000
1447.408	0.000
1448.408	0.000
1449.408	0.000
1450.408	0.000
1451.409	0.000
1452.409	0.000
1453.409	0.000
1454.409	0.000
1455.409	0.000
1456.409	0.000
1457.410	0.000
1458.410	0.000
1459.410	0.000
1460.410	0.000
1461.410	0.000
1462.410	0.000
1463.411	0.000
1464.411	0.000
1465.411	0.000
1466.411	0.000
1467.411	0.000
1468.411	0.000
1469.412	0.000
1470.412	0.000
1471.412	0.000
1472.412	0.000
1473.412	0.000
1474.412	0.000
1475.413	0.000
1476.413	0.000
1477.413	0.000
1478.413	0.000
1479.413	0.000
1480.413	0.000
1481.414	0.000
1482.414	0.000
1483.414	0.000
1484.414	0.000
1485.414	0.000
1486.414	0.000
1487.415	0.000
1488.415	0.000
1489.415	0.000
1490.415	0.000
1491.415	0.000
1492.415	0.000
1493.416	0.000
1494.416	0.000
1495.416	0.000
1496.416	0.000
1497.416	0.000
1498.416	0.000
1499.417	0.000
1500.417	0.000
1501.417	0.000
1502.417	0.000
1503.417	0.000
1504.417	0.000
1505.418	0.000
1506.418	0.000
1507.418	0.000
1508.418	0.000
1509.418	0.000
1510.418	0.000
1511.419	0.000
1512.419	0.000
1513.419	0.000
1514.419	0.000
1515.419	0.000
1516.419	0.000
1517.420	0.000
1518.420	0.000
1519.420	0.000
1520.420	0.000
1521.420	0.000
1522.420	0.000
1523.421	0.000
1524.421	0.000
1525.421	0.000
1526.421	0.000
1527.421	0.000
1528.421	0.000
1529.422	0.000
1530.422	0.000
1531.422	0.000
1532.422	0.000
1533.422	0.000
1534.422	0.000
1535.423	0.000
1536.423	0.000
1537.423	0.000
1538.423	0.000
1539.423	0.000
1540.423	0.000
1541.424	0.000
1542.424	0.000
1543.424	0.000
1544.424	0.000
1545.424	0.000
1546.424	0.000
1547.425	0.000
1548.425	0.000
1549.425	0.000
1550.425	0.000
1551.425	0.000
1552.425	0.000
1553.426	0.000
1554.426	0.000
1555.426	0.000
1556.426	0.000
1557.426	0.000
1558.426	0.000
1559.427	0.000
1560.427	0.000
1561.427	0.000
1562.427	0.000
1563.427	0.000
1564.427	0.000
1565.428	0.000
1566.428	0.000
1567.428	0.000
1568.428	0.000
1569.428	0.000
1570.428	0.000
1571.429	0.000
1572.429	0.000
1573.429	0.000
1574.429	0.000
1575.429	0.000
1576.429	0.000
1577.430	0.000
1578.430	0.000
1579.430	0.000
1580.430	0.000
1581.430	0.000
1582.430	0.000
1583.431	0.000
1584.431	0.000
1585.431	0.000
1586.431	0.000
1587.431	0.000
1588.431	0.000
1589.432	0.000
1590.432	0.000
1591.432	0.000
1592.432	0.000
1593.432	0.000
1594.432	0.000
1595.433	0.000
1596.433	0.000
1597.433	0.000
1598.433	0.000
1599.433	0.000
1600.433	0.000
1601.434	0.000
1602.434	0.000
1603.434	0.000
1604.434	0.000
1605.434	0.000
1606.434	0.000
1607.435	0.000
1608.435	0.000
1609.435	0.000
1610.435	0.000
1611.435	0.000
1612.435	0.000
1613.436	0.000
1614.436	0.000
1615.436	0.000
1616.436	0.000
1617.436	0.000
1618.436	0.000
1619.437	0.000
1620.437	0.000
1621.437	0.000
1622.437	0.000
1623.437	0.000
1624.437	0.000
1625.438	0.000
1626.438	0.000
1627.438	0.000
1628.438	0.000
1629.438	0.000
1630.438	0.000
1631.439	0.000
1632.439	0.000
1633.439	0.000
1634.439	0.000
1635.439	0.000
1636.439	0.000
1637.440	0.000
1638.440	0.000
1639.440	0.000
1640.440	0.000
1641.440	0.000
1642.440	0.000
1643.441	0.000
1644.441	0.000
1645.441	0.000
1646.441	0.000
1647.441	0.000
1648.441	0.000
1649.442	0.000
1650.442	0.000
1651.442	0.000
1652.442	0.000
1653.442	0.000
1654.442	0.000
1655.443	0.000
1656.443	0.000
1657.443	0.000
1658.443	0.000
1659.443	0.000
1660.443	0.000
1661.444	0.000
1662.444	0.000
1663.444	0.000
1664.444	0.000
1665.444	0.000
1666.444	0.000
1667.445	0.000
1668.445	0.000
1669.445	0.000
1670.445	0.000
1671.445	0.000
1672.445	0.000
1673.446	0.000
1674.446	0.000
1675.446	0.000
1676.446	0.000
1677.446	0.000
1678.446	0.000
1679.447	0.000
1680.447	0.000
1681.447	0.000
1682.447	0.000
1683.447	0.000
1684.447	0.000
1685.448	0.000
1686.448	0.000
1687.448	0.000
1688.448	0.000
1689.448	0.000
1690.448	0.000
1691.449	0.000
1692.449	0.000
1693.449	0.000
1694.449	0.000
1695.449	0.000
1696.449	0.000
1697.450	0.000
1698.450	0.000
1699.450	0.000
1700.450	0.000
1701.450	0.000
1702.450	0.000
1703.451	0.000
1704.451	0.000
1705.451	0.000
1706.451	0.000
1707.451	0.000
1708.451	0.000
1709.452	0.000
1710.452	0.000
1711.452	0.000
1712.452	0.000
1713.452	0.000
1714.452	0.000
1715.453	0.000
1716.453	0.000
1717.453	0.000
1718.453	0.000
1719.453	0.000
1720.453	0.000
1721.454	0.000
1722.454	0.000
1723.454	0.000
1724.454	0.000
1725.454	0.000
1726.454	0.000
1727.455	0.000
1728.455	0.000
1729.455	0.000
1730.455	0.000
1731.455	0.000
1732.455	0.000
1733.456	0.000
1734.456	0.000
1735.456	0.000
1736.456	0.000
1737.456	0.000
1738.456	0.000
1739.457	0.000
1740.457	0.000
1741.457	0.000
1742.457	0.000
1743.457	0.000
1744.457	0.000
1745.458	0.000
1746.458	0.000
1747.458	0.000
1748.458	0.000
1749.458	0.000
1750.458	0.000
1751.459	0.000
1752.459	0.000
1753.459	0.000
1754.459	0.000
1755.459	0.000
1756.459	0.000
1757.460	0.000
1758.460	0.000
1759.460	0.000
1760.460	0.000
1761.460	0.000
1762.460	0.000
1763.461	0.000
1764.461	0.000
1765.461	0.000
1766.461	0.000
1767.461	0.000
1768.461	0.000
1769.462	0.000
1770.462	0.000
1771.462	0.000
1772.462	0.000
1773.462	0.000
1774.462	0.000
1775.463	0.000
1776.463	0.000
1777.463	0.000
1778.463	0.000
1779.463	0.000
1780.463	0.000
1781.464	0.000
1782.464	0.000
1783.464	0.000
1784.464	0.000
1785.464	0.000
1786.464	0.000
1787.465	0.000
1788.465	0.000
1789.465	0.000
1790.465	0.000
1791.465	0.000
1792.465	0.000
1793.466	0.000
1794.466	0.000
1795.466	0.000
1796.466	0.000
1797.466	0.000
1798.466	0.000
1799.467	0.000
1800.467	0.000
1801.467	0.000
1802.467	0.000
1803.467	0.000
1804.467	0.000
1805.468	0.000
1806.468	0.000
1807.468	0.000
1808.468	0.000
1809.468	0.000
1810.468	0.000
1811.469	0.000
1812.469	0.000
1813.469	0.000
1814.469	0.000
1815.469	0.000
1816.469	0.000
1817.470	0.000
1818.470	0.000
1819.470	0.000
1820.470	0.000
1821.470	0.000
1822.470	0.000
1823.471	0.000
1824.471	0.000
1825.471	0.000
1826.471	0.000
1827.471	0.000
1828.471	0.000
1829.472	0.000
1830.472	0.000
1831.472	0.000
1832.472	0.000
1833.472	0.000
1834.472	0.000
1835.473	0.000
1836.473	0.000
1837.473	0.000
1838.473	0.000
1839.473	0.000
1840.473	0.000
1841.474	0.000
1842.474	0.000
1843.474	0.000
1844.474	0.000
1845.474	0.000
1846.474	0.000
1847.475	0.000
1848.475	0.000
1849.475	0.000
1850.475	0.000
1851.475	0.000
1852.475	0.000
1853.476	0.000
1854.476	0.000
1855.476	0.000
1856.476	0.000
1857.476	0.000
1858.476	0.000
1859.477	0.000
1860.477	0.000
1861.477	0.000
1862.477	0.000
1863.477	0.000
1864.477	0.000
1865.478	0.000
1866.478	0.000
1867.478	0.000
1868.478	0.000
1869.478	0.000
1870.478	0.000
1871.479	0.000
1872.479	0.000
1873.479	0.000
1874.479	0.000
1875.479	0.000
1876.479	0.000
1877.480	0.000
1878.480	0.000
1879.480	0.000
1880.480	0.000
1881.480	0.000
1882.480	0.000
1883.481	0.000
1884.481	0.000
1885.481	0.000
1886.481	0.000
1887.481	0.000
1888.481	0.000
1889.482	0.000
1890.482	0.000
1891.482	0.000
1892.482	0.000
1893.482	0.000
1894.482	0.000
1895.483	0.000
1896.483	0.000
1897.483	0.000
1898.483	0.000
1899.483	0.000
1900.483	0.000
1901.484	0.000
1902.484	0.000
1903.484	0.000
1904.484	0.000
1905.484	0.000
1906.484	0.000
1907.485	0.000
1908.485	0.000
1909.485	0.000
1910.485	0.000
1911.485	0.000
1912.485	0.000
1913.486	0.000
1914.486	0.000
1915.486	0.000
1916.486	0.000
1917.486	0.000
1918.486	0.000
1919.487	0.000
1920.487	0.000
1921.487	0.000
1922.487	0.000
1923.487	0.000
1924.487	0.000
1925.488	0.000
1926.488	0.000
1927.488	0.000
1928.488	0.000
1929.488	0.000
1930.488	0.000
1931.489	0.000
1932.489	0.000
1933.489	0.000
1934.489	0.000
1935.489	0.000
1936.489	0.000
1937.490	0.000
1938.490	0.000
1939.490	0.000
1940.490	0.000
1941.490	0.000
1942.490	0.000
1943.491	0.000
1944.491	0.000
1945.491	0.000
1946.491	0.000
1947.491	0.000
1948.491	0.000
1949.492	0.000
1950.492	0.000
1951.492	0.000
1952.492	0.000
1953.492	0.000
1954.492	0.000
1955.493	0.000
1956.493	0.000
1957.493	0.000
1958.493	0.000
1959.493	0.000
1960.493	0.000
1961.494	0.000
1962.494	0.000
1963.494	0.000
1964.494	0.000
1965.494	0.000
1966.494	0.000
1967.495	0.000
1968.495	0.000
1969.495	0.000
1970.495	0.000
1971.495	0.000
1972.495	0.000
1973.496	0.000
1974.496	0.000
1975.496	0.000
1976.496	0.000
1977.496	0.000
1978.496	0.000
1979.497	0.000
1980.497	0.000
1981.497	0.000
1982.497	0.000
1983.497	0.000
1984.497	0.000
1985.498	0.000
1986.498	0.000
1987.498	0.000
1988.498	0.000
1989.498	0.000
1990.498	0.000
1991.499	0.000
1992.499	0.000
1993.499	0.000
1994.499	0.000
1995.499	0.000
1996.499	0.000
1997.500	0.000
1998.500	0.000
1999.500	0.000
