586
550
504
507
574
557
548
605
547
488
483
542
546
531
537
494
543
592
548
543
572
309
561
499
569
308
550
530
525
520
512
532
505
480
571
298
574
517
505
579
531
561
494
497
599
581
573
352
557
548
464
478
521
540
526
578
554
489
570
511
542
545
322
530
552
515
515
609
517
543
538
544
486
512
514
530
482
543
550
541
565
545
483
549
557
624
545
555
526
530
541
538
549
547
555
544
320
525
503
531
563
557
560
549
553
519
572
513
553
526
551
523
558
580
571
508
486
317
498
546
528
487
545
539
524
328
309
522
559
529
517
570
507
571
344
513
269
533
507
567
500
553
473
305
509
311
512
486
473
562
598
526
541
573
539
555
553
494
504
554
498
536
530
565
527
557
271
566
498
511
533
495
345
579
498
564
537
524
557
528
548
490
513
536
565
542
606
570
550
565
531
504
472
554
538
545
541
542
321
526
546
490
554
541
540
461
525
568
520
606
492
488
549
549
578
482
564
533
569
538
559
536
547
482
533
499
546
559
560
514
480
529
527
332
548
551
558
317
544
531
481
564
486
519
582
554
544
537
327
531
509
567
551
519
505
561
576
533
331
503
525
547
503
515
506
534
537
549
547
60
460
532
543
560
536
584
543
477
581
529
620
528
559
498
543
513
549
325
488
563
532
523
529
560
527
524
538
570
525
592
553
532
496
577
575
499
512
583
518
583
584
564
571
545
546
335
537
312
546
566
554
481
562
488
328
558
499
543
523
537
503
551
542
542
504
544
293
503
539
541
517
541
561
455
556
589
555
495
578
525
533
295
551
508
559
529
513
500
525
556
524
343
564
297
533
519
525
505
532
581
558
493
317
570
543
556
533
514
541
559
548
540
498
547
526
531
591
517
529
590
326
527
528
535
574
514
563
552
537
507
464
547
550
516
489
563
562
454
570
562
534
561
525
543
548
515
497
315
559
605
597
519
553
565
563
577
568
53
525
563
548
574
543
511
483
510
542
338
547
565
512
520
500
521
512
536
540
557
521
510
550
546
549
548
510
258
499
517
520
490
480
502
520
529
539
528
577
501
319
544
559
540
344
548
549
573
523
515
513
315
505
556
524
532
519
323
520
583
536
557
537
518
581
543
542
551
595
551
499
543
587
522
534
508
428
582
529
509
498
558
543
561
515
522
306
621
516
498
524
574
563
603
567
549
492
555
549
573
553
582
546
545
542
579
502
507
482
582
555
295
478
528
335
541
548
555
487
558
491
348
524
555
545
489
528
547
568
473
553
488
570
139
479
536
575
520
552
550
504
539
504
527
550
527
562
345
289
543
490
483
317
530
608
321
519
541
577
547
551
564
517
554
566
572
559
549
539
543
556
541
519
547
557
518
585
518
533
504
526
569
506
544
530
555
542
580
468
529
524
509
529
549
616
598
511
562
594
529
554
521
526
541
570
562
564
547
533
543
510
518
564
577
570
546
517
548
233
534
453
523
563
540
575
558
594
518
563
491
541
528
474
525
524
457
452
534
477
606
523
581
486
510
556
491
490
308
543
562
534
499
534
563
538
319
571
329
562
562
566
522
322
570
591
568
504
0
489
553
544
582
558
516
289
530
544
497
455
559
520
542
563
560
540
564
520
520
547
585
557
414
551
560
521
555
546
532
567
540
544
498
524
505
517
498
526
542
512
542
557
525
553
555
511
529
322
538
546
550
517
274
505
524
571
544
550
528
467
562
560
513
509
528
539
544
497
545
534
522
474
493
473
582
546
494
541
553
520
537
540
497
530
499
571
525
319
562
549
513
555
518
520
301
529
535
548
550
536
479
557
560
546
539
313
514
529
507
571
523
558
504
522
561
516
535
533
534
521
560
554
549
547
546
550
488
552
548
585
585
540
557
335
529
548
502
508
519
571
566
582
496
535
578
581
564
517
560
507
531
562
492
535
512
530
557
531
559
529
552
572
559
500
533
593
514
530
561
584
532
538
554
574
504
583
609
293
525
519
515
564
529
532
582
578
511
555
540
521
589
451
549
500
548
551
596
504
504
573
541
528
563
580
497
473
544
293
508
562
569
550
547
587
561
541
546
564
486
551
545
302
539
585
546
550
515
552
538
522
565
546
563
516
541
515
512
520
404
580
548
534
491
559
532
300
509
604
395
541
578
556
527
531
539
572
541
525
565
542
534
558
572
518
561
542
589
550
601
542
564
543
535
529
558
547
484
551
557
518
566
558
510
514
546
535
543
533
519
559
531
491
587
549
518
509
316
560
534
462
484
491
564
532
523
550
561
549
520
504
524
267
544
334
0
516
545
504
578
544
552
575
596
564
515
550
522
561
570
496
493
537
529
567
571
550
525
577
583
546
547
533
522
531
461
499
509
481
563
540
534
579
546
525
506
551
558
494
554
541
533
515
527
568
520
518
573
340
550
505
298
522
514
575
533
565
546
542
530
514
566
320
582
543
534
561
531
529
520
547
544
557
567
559
568
329
529
514
324
537
514
577
515
544
321
498
579
521
587
498
564
538
585
506
516
481
515
561
560
580
530
507
569
557
329
350
524
490
544
562
300
530
537
550
556
527
568
540
513
493
546
309
552
344
522
570
549
474
565
567
530
529
571
514
562
517
512
596
608
573
478
516
547
459
450
572
584
523
550
550
551
586
523
329
540
556
528
577
585
546
532
513
525
585
580
564
492
533
343
274
496
553
514
539
578
541
581
506
503
576
522
510
525
569
544
514
547
496
572
293
481
574
580
575
299
498
562
549
544
531
572
564
449
551
505
581
525
551
523
541
533
554
581
463
507
549
498
490
510
531
529
569
515
540
558
522
302
479
543
554
524
541
549
563
576
542
548
285
536
515
547
544
551
302
539
603
552
567
548
319
509
514
554
522
568
516
528
578
516
563
524
563
578
577
536
535
500
524
500
524
327
508
427
587
558
478
541
507
323
581
543
524
550
532
582
541
521
496
569
512
550
527
515
527
513
594
576
545
292
528
520
584
539
521
541
546
538
550
573
561
539
496
514
588
50
538
461
557
517
531
529
551
555
556
558
566
527
543
473
555
519
305
303
558
552
493
531
533
585
538
552
572
290
538
497
552
543
341
564
340
0
534
469
533
569
527
531
566
525
448
287
522
538
518
516
494
529
505
543
503
542
560
533
561
517
555
468
561
574
557
554
497
544
572
544
523
317
555
596
549
575
312
589
497
578
442
555
509
499
485
506
527
561
538
519
535
518
564
520
494
494
563
508
516
69
544
556
579
321
529
559
537
288
559
512
550
527
538
511
511
513
505
573
519
587
540
588
543
524
512
514
542
439
517
549
557
517
524
555
532
538
555
532
516
290
494
545
520
603
455
539
503
536
536
551
515
610
322
539
597
550
492
562
531
493
536
530
531
544
513
545
554
484
543
517
521
575
522
476
519
548
530
505
560
543
548
554
592
499
566
563
526
524
445
533
556
532
341
553
545
534
564
543
529
531
507
556
522
525
506
579
532
517
532
507
549
541
557
517
555
505
580
502
534
541
567
513
608
543
541
555
505
563
562
557
518
264
497
534
560
551
573
522
532
523
535
501
559
506
540
540
518
508
477
292
554
529
607
358
527
535
546
310
536
528
570
542
533
300
321
527
511
495
563
471
343
240
478
530
549
587
474
501
531
604
491
539
530
511
528
561
477
520
332
526
548
580
481
497
565
537
484
596
457
588
561
351
545
546
570
501
542
528
518
537
535
520
578
541
552
322
494
530
590
509
491
516
531
575
493
577
619
550
552
527
549
528
523
502
282
560
529
523
578
570
244
520
605
310
532
536
562
523
320
554
571
514
504
537
547
562
348
556
532
491
548
541
522
500
512
480
542
520
551
551
457
547
557
526
566
526
468
306
547
560
578
482
537
536
524
570
522
598
532
557
533
596
562
548
549
542
338
511
300
556
538
513
503
481
495
527
523
555
544
546
538
519
60
570
489
526
496
503
527
567
538
541
541
527
570
292
526
539
562
542
564
554
539
533
551
507
506
586
286
581
517
536
557
528
504
551
562
284
580
550
290
553
539
573
342
562
545
483
532
533
523
350
537
515
515
515
316
578
639
550
500
533
575
512
596
496
570
534
555
550
533
519
460
533
539
583
521
523
548
563
502
526
270
496
552
534
545
565
496
525
572
358
570
558
621
324
528
534
543
503
544
516
561
313
549
326
543
518
506
543
573
481
449
477
546
567
521
524
544
466
550
525
610
485
467
531
522
545
489
533
498
315
553
550
536
539
497
534
602
549
576
511
497
579
592
513
535
563
563
529
498
560
461
514
543
485
508
540
565
551
518
522
586
537
532
532
500
563
568
564
503
540
576
555
572
557
561
534
523
555
551
496
568
559
538
310
537
321
514
587
353
560
528
531
510
563
479
536
523
265
537
549
495
535
517
496
323
589
541
495
526
296
510
555
597
552
517
535
554
553
558
507
532
638
558
559
548
523
518
573
603
474
52
589
305
577
530
567
547
533
564
524
555
500
577
567
561
531
550
522
510
542
521
566
560
502
538
562
551
505
543
479
550
527
506
527
546
560
505
519
469
542
539
529
529
590
508
520
568
525
545
283
553
547
522
533
517
533
527
338
503
502
542
567
479
565
573
501
561
516
518
531
522
514
512
585
505
572
324
543
528
532
511
568
525
528
514
558
541
552
537
503
537
551
577
589
513
540
605
530
475
517
564
496
531
483
518
534
509
569
621
354
547
554
552
567
560
332
542
542
323
567
552
502
555
586
572
558
582
523
494
559
546
537
489
554
499
572
524
552
554
347
459
526
523
531
528
517
599
552
554
542
347
568
562
502
570
298
570
514
517
560
539
561
503
545
534
512
595
541
524
551
541
501
568
552
507
562
553
567
489
529
544
519
530
527
516
591
167
549
516
557
539
524
555
533
530
504
294
539
565
577
550
601
570
518
518
534
550
501
594
535
554
583
563
542
553
283
548
519
560
534
479
527
272
511
523
588
561
576
503
489
65
602
585
557
553
534
560
519
308
533
570
560
548
500
550
352
535
551
519
575
528
530
570
588
534
560
560
560
535
541
535
492
481
592
567
538
504
546
482
535
539
536
525
528
514
584
468
525
543
544
588
499
512
515
528
542
491
577
471
534
591
558
516
331
525
531
505
542
508
556
504
539
519
513
552
468
531
528
571
522
532
560
535
539
551
497
581
497
524
559
520
529
528
566
562
569
533
558
528
523
560
562
523
507
557
607
543
536
535
567
483
505
520
549
297
481
513
552
494
504
487
523
517
506
546
574
492
577
523
541
558
493
489
500
596
463
542
537
538
508
536
548
529
527
573
562
557
539
565
530
542
545
559
586
600
544
534
578
538
498
567
573
464
546
542
572
314
534
323
528
564
583
510
526
552
529
537
573
515
618
575
539
563
522
500
510
533
549
547
621
509
481
524
504
575
537
480
512
494
579
502
569
502
61
546
514
553
531
559
286
537
541
527
512
565
301
528
550
313
537
476
525
514
302
558
507
529
479
534
572
495
494
553
604
503
519
528
574
532
285
515
485
546
510
304
332
529
309
570
482
526
548
617
508
516
560
549
579
564
541
550
207
548
557
554
527
500
555
535
326
298
569
495
135
530
538
535
591
508
538
534
481
500
517
531
571
495
532
292
540
551
528
532
558
504
536
495
500
529
511
514
569
546
514
507
546
572
584
520
559
541
539
527
502
562
536
323
515
530
582
567
462
340
560
514
541
532
529
560
546
561
523
562
563
586
531
550
505
548
543
560
574
522
514
560
483
588
321
291
512
329
511
548
497
502
530
528
540
576
544
593
508
514
497
533
558
508
523
619
527
534
549
575
555
311
500
521
587
543
579
568
530
581
533
481
532
528
593
540
571
506
525
565
561
530
564
496
297
522
546
550
546
508
515
512
561
248
556
311
509
536
551
318
496
501
520
521
516
546
533
519
562
483
535
506
533
534
538
588
559
560
513
533
558
566
550
521
547
299
581
577
490
546
557
557
570
563
533
546
477
528
552
523
558
545
509
516
550
556
560
505
529
309
501
509
551
469
525
582
572
524
505
295
589
537
554
553
551
562
326
478
510
591
567
564
539
584
485
278
525
563
546
560
514
501
563
559
544
549
513
536
564
480
330
518
537
505
488
533
495
516
519
555
511
539
495
520
543
488
527
617
507
530
551
494
559
502
516
494
561
476
540
525
510
546
534
543
447
576
568
525
503
521
580
573
534
524
567
582
491
582
576
575
490
521
513
593
503
531
346
531
516
528
454
515
584
549
484
561
462
525
508
546
553
565
562
579
547
501
302
562
501
546
508
459
532
552
548
273
518
506
563
509
313
556
570
504
529
503
529
279
566
505
537
486
292
520
519
535
553
483
479
516
486
493
552
528
502
516
493
556
320
563
531
521
557
539
495
544
521
546
516
530
562
498
498
519
571
326
325
526
540
561
570
513
552
582
581
509
559
528
514
557
542
444
523
539
318
312
533
575
522
568
503
575
298
589
578
518
540
288
563
567
580
545
582
543
554
504
527
503
494
505
546
548
534
509
532
506
546
549
488
527
540
297
513
548
510
502
516
527
532
579
577
548
553
474
550
526
530
519
478
561
568
575
573
499
302
516
553
562
588
537
524
531
537
556
356
567
527
529
529
562
546
567
562
564
566
541
557
551
560
554
546
523
288
495
565
594
554
567
504
567
560
552
551
537
309
497
579
535
442
517
532
318
482
531
490
509
564
551
530
547
600
548
519
556
327
559
571
581
536
51
574
553
576
546
504
508
579
533
315
523
590
546
543
567
579
534
555
566
527
523
538
503
572
573
587
517
469
512
523
513
322
511
514
545
556
513
551
519
504
514
559
507
519
505
541
513
534
545
502
534
337
513
516
590
544
550
527
554
518
523
564
554
563
496
556
556
560
516
578
472
542
607
558
519
551
493
538
558
577
527
546
525
556
536
504
514
506
552
508
539
563
505
279
576
520
560
550
536
447
529
583
530
547
515
536
571
594
520
526
348
510
549
524
544
509
551
597
514
550
570
526
526
546
517
536
553
577
579
540
508
514
549
573
508
564
292
528
473
509
515
490
512
479
584
550
530
328
570
337
530
333
520
590
587
565
553
551
440
533
515
560
534
566
343
529
544
521
537
546
540
550
535
531
556
540
541
612
531
531
533
512
484
541
534
537
302
578
578
547
536
597
332
518
538
578
552
540
493
487
537
543
554
564
587
518
502
523
518
551
527
504
558
533
522
551
572
338
466
574
504
513
508
530
552
542
522
553
496
563
325
580
590
547
507
508
539
563
538
510
556
564
572
540
539
548
564
540
495
329
540
489
552
548
528
548
553
512
323
303
495
547
533
497
520
590
299
530
569
504
582
486
311
313
270
567
524
579
562
547
556
522
498
546
546
519
533
560
566
533
539
530
611
479
580
530
551
316
475
552
556
608
529
562
555
533
552
535
505
547
517
553
311
548
545
535
542
608
591
526
490
576
503
583
502
552
574
601
566
525
515
597
510
484
539
539
297
560
545
575
466
573
533
583
439
531
520
535
551
484
520
549
525
540
280
539
520
531
547
548
500
589
541
524
547
487
545
519
528
518
517
294
571
534
536
499
528
497
535
45
566
520
579
563
545
522
548
549
481
292
540
337
499
540
287
541
548
507
530
508
562
533
513
576
526
521
525
491
538
528
546
308
531
540
533
572
522
488
516
547
518
542
553
597
571
509
518
519
552
509
541
521
552
560
544
605
570
562
565
511
574
530
543
511
542
537
547
538
550
561
537
537
571
565
515
557
517
545
581
557
541
550
575
303
497
545
531
507
533
276
541
446
285
602
521
557
507
555
587
470
552
534
565
487
516
558
541
524
551
539
341
549
537
319
546
565
533
544
543
533
515
540
504
278
562
543
602
550
493
531
553
524
515
550
521
307
513
546
545
507
528
516
506
561
327
321
545
491
546
563
505
521
545
540
516
537
538
508
509
530
565
556
483
538
506
482
593
304
519
581
561
505
558
592
537
580
541
523
550
543
284
522
521
536
528
503
491
561
565
530
558
526
597
581
548
529
535
555
545
494
532
343
565
600
580
507
527
547
572
568
491
546
523
540
583
522
489
459
545
494
529
531
526
568
551
537
539
579
499
532
510
582
559
536
496
497
547
512
495
534
545
547
554
522
544
320
581
544
310
572
530
488
467
309
535
541
555
503
565
498
455
567
569
538
500
559
513
346
606
528
499
592
505
576
529
587
608
568
511
553
517
529
585
467
529
536
494
544
501
553
576
582
586
552
535
507
521
306
565
569
530
528
519
555
491
568
555
526
532
569
531
500
496
566
295
520
550
480
528
511
517
536
520
553
552
582
547
569
505
504
512
546
555
571
476
537
547
540
587
564
509
543
553
529
537
521
556
525
548
559
537
451
535
518
563
578
547
591
576
566
549
547
564
497
531
555
583
287
309
555
511
535
530
574
308
560
503
509
538
531
546
533
557
531
327
532
529
592
557
569
589
549
573
510
519
538
568
496
486
564
545
488
515
505
560
559
476
508
541
543
536
491
486
501
396
517
421
485
511
546
301
565
558
567
533
576
558
486
556
521
547
486
323
594
549
553
539
554
559
512
501
562
310
508
516
522
479
579
553
584
306
353
576
552
515
547
521
533
536
296
542
492
507
547
516
532
543
542
508
506
592
587
510
546
567
530
553
513
536
319
553
504
517
470
577
524
573
550
512
536
587
501
553
543
561
531
439
552
514
485
566
575
574
559
313
528
0
531
515
563
504
566
533
554
564
486
519
520
555
507
472
554
522
577
495
453
531
524
540
549
329
574
551
540
493
587
512
495
515
566
508
548
537
569
485
568
517
498
519
509
552
536
551
519
514
541
526
558
517
498
544
525
331
549
496
296
572
495
525
487
282
551
485
483
549
597
564
561
550
512
313
509
558
559
549
585
566
301
552
556
538
590
539
297
515
540
502
518
543
551
518
573
541
505
535
575
588
514
533
557
497
503
534
599
539
518
514
569
318
319
510
537
573
584
579
556
564
511
485
568
545
530
473
565
565
572
549
524
280
331
551
508
619
462
524
568
569
559
575
511
521
548
538
537
551
540
572
595
566
513
554
527
570
557
597
562
547
528
525
504
515
581
553
541
599
599
556
542
455
587
573
536
479
500
587
291
532
526
567
311
575
533
562
326
606
493
536
493
562
533
516
561
545
524
581
277
509
509
510
552
480
520
307
492
543
533
562
569
540
556
546
541
483
338
561
538
558
501
545
513
531
551
565
573
511
586
518
576
516
528
526
516
524
536
388
538
552
496
558
621
565
542
497
524
539
574
555
328
86
572
561
514
515
557
498
329
572
554
586
521
563
337
526
585
567
514
576
592
596
565
597
526
553
601
488
470
530
527
553
541
498
581
483
515
488
562
547
498
581
558
585
519
504
514
535
541
505
343
513
595
575
553
577
550
508
522
568
557
519
561
566
536
538
489
529
306
542
461
562
563
543
591
548
584
524
345
517
336
550
540
548
525
527
575
521
536
529
535
515
317
558
324
562
565
434
332
542
487
533
509
294
496
512
490
576
551
494
293
525
514
543
514
562
316
564
558
457
558
521
522
60
507
542
447
559
605
543
530
538
247
502
539
533
517
549
507
556
556
560
490
522
555
547
573
537
508
573
549
560
480
543
542
553
542
523
565
587
539
536
547
559
553
534
558
552
582
533
509
593
541
547
565
562
558
562
492
449
556
538
522
541
540
539
527
472
537
573
525
511
562
560
551
514
532
513
567
551
463
527
546
502
556
542
529
540
486
574
532
562
536
490
323
510
291
557
323
517
580
553
549
549
330
516
541
523
545
546
537
559
514
524
543
535
539
542
505
536
532
515
543
576
580
537
514
344
547
475
490
524
532
580
470
539
502
523
564
523
588
524
585
330
518
582
539
540
548
335
517
502
552
515
562
555
524
572
602
540
564
523
519
584
568
579
501
558
578
552
564
556
555
456
516
571
588
462
534
544
492
619
538
572
550
562
539
503
535
466
565
512
576
513
303
521
477
570
510
573
559
513
560
291
530
528
469
578
530
563
573
514
563
531
521
529
535
539
583
479
324
506
539
552
513
540
549
503
528
491
512
567
562
523
541
606
565
319
538
548
468
507
519
493
546
607
570
538
545
280
511
512
304
638
517
523
585
315
563
498
479
590
551
332
551
620
498
562
554
570
506
571
600
524
484
517
549
270
519
541
566
457
539
540
503
570
583
495
561
543
592
534
531
512
492
537
567
578
567
548
555
535
565
536
502
531
535
535
539
500
535
580
578
516
510
558
539
498
597
570
567
563
581
570
474
503
543
0
518
524
549
579
324
45
572
553
562
515
504
524
545
449
501
564
577
530
303
547
530
534
301
469
513
346
516
555
507
544
547
529
493
525
529
538
528
486
320
542
585
559
560
551
536
546
283
565
510
507
603
532
524
531
519
286
513
523
561
586
522
584
576
525
524
524
519
549
602
472
535
547
599
552
531
556
520
326
518
566
532
539
532
530
530
562
574
584
563
570
583
579
277
567
525
551
511
334
546
531
529
548
568
330
304
551
503
528
499
556
513
518
543
548
558
571
561
565
530
574
595
534
472
500
553
533
516
526
525
522
544
484
583
537
559
558
519
551
603
556
527
597
564
494
271
525
550
516
587
530
466
508
559
522
556
512
569
543
568
578
545
564
281
549
596
488
527
312
532
562
505
509
542
568
533
519
459
508
540
494
575
539
521
591
603
571
507
498
593
561
528
527
551
547
513
523
591
526
549
522
535
320
444
505
491
524
