0.507359
0.504587
0.454463
0.478754
0.492704
0.476476
0.498635
0.507125
0.502296
0.45951
0.443119
0.494075
0.483614
0.484489
0.5
0.462114
0.481383
0.500846
0.49148
0.472585
0.520947
0.472477
0.500893
0.434669
0.490517
0.478261
0.490633
0.481818
0.462555
0.461402
0.44176
0.484959
0.466728
0.450704
0.49609
0.493377
0.514337
0.45874
0.447695
0.517426
0.486264
0.4969
0.456562
0.454712
0.517718
0.518287
0.493966
0.517647
0.495552
0.494139
0.425688
0.409949
0.4627
0.48913
0.484793
0.514693
0.464376
0.427074
0.524862
0.440517
0.481778
0.493659
0.494624
0.486239
0.499548
0.461883
0.466908
0.524548
0.467028
0.485689
0.477374
0.494995
0.437444
0.471455
0.492809
0.445378
0.436199
0.485689
0.481611
0.494516
0.515041
0.484875
0.417098
0.477391
0.49292
0.526582
0.493659
0.48727
0.461809
0.480944
0.486074
0.490428
0.477807
0.506481
0.500451
0.477612
0.500782
0.487013
0.474081
0.481414
0.496473
0.481002
0.496894
0.498638
0.473865
0.459292
0.5
0.460503
0.478374
0.491589
0.481223
0.475887
0.482282
0.508326
0.503972
0.457658
0.447926
0.49454
0.466292
0.476024
0.469751
0.424956
0.487042
0.458723
0.483395
0.501529
0.482059
0.472398
0.47173
0.465669
0.453907
0.497817
0.448673
0.508459
0.50514
0.466788
0.459044
0.471264
0.455935
0.50761
0.464253
0.487225
0.441643
0.456587
0.461469
0.484424
0.474513
0.439024
0.446226
0.48658
0.525022
0.5
0.474145
0.519964
0.470332
0.475171
0.473459
0.456562
0.468401
0.504095
0.461967
0.482448
0.453767
0.484147
0.485267
0.511949
0.48135
0.484589
0.464986
0.45022
0.481917
0.447154
0.511111
0.504795
0.450679
0.503571
0.506126
0.471647
0.476884
0.475248
0.476522
0.459231
0.472376
0.467714
0.512239
0.470078
0.514868
0.48927
0.488455
0.500887
0.493494
0.47191
0.444444
0.496861
0.474009
0.498628
0.479185
0.465236
0.486364
0.467972
0.489247
0.451197
0.4907
0.504194
0.472855
0.430841
0.466252
0.528372
0.472727
0.510101
0.437333
0.454376
0.471649
0.508333
0.5
0.431127
0.507651
0.49034
0.482203
0.479074
0.491645
0.463668
0.501375
0.44424
0.498131
0.444742
0.500917
0.497331
0.498664
0.453263
0.418118
0.483105
0.465137
0.519562
0.491039
0.497742
0.49866
0.486943
0.498168
0.480978
0.460287
0.486207
0.436658
0.457672
0.505647
0.472696
0.487019
0.464131
0.488789
0.496726
0.461469
0.478481
0.493286
0.457672
0.446508
0.494273
0.512
0.471681
0.491098
0.451121
0.474255
0.478147
0.455616
0.479963
0.474227
0.49126
0.492209
0.498638
0.483216
0.517241
0.413297
0.463819
0.497709
0.497336
0.487716
0.487073
0.470945
0.429343
0.501727
0.456034
0.506536
0.482633
0.496007
0.455627
0.4677
0.481238
0.475325
0.514241
0.465649
0.501336
0.479279
0.489242
0.500473
0.493827
0.476492
0.463717
0.485122
0.494363
0.499049
0.503401
0.476724
0.481448
0.452968
0.493584
0.514311
0.468985
0.472761
0.493232
0.488679
0.502586
0.513632
0.494737
0.49523
0.473913
0.471503
0.503759
0.48248
0.506494
0.481481
0.506261
0.494643
0.445783
0.514652
0.437276
0.503067
0.503156
0.449145
0.484389
0.483364
0.485973
0.449911
0.48291
0.49228
0.483497
0.453237
0.4932
0.477977
0.459361
0.493138
0.479185
0.46202
0.492714
0.512329
0.439189
0.496872
0.51803
0.508242
0.441176
0.503046
0.467082
0.480613
0.495798
0.473775
0.467341
0.501795
0.489815
0.472376
0.469925
0.487013
0.48559
0.454861
0.53096
0.493007
0.469194
0.481481
0.483691
0.473827
0.450089
0.465442
0.492791
0.475703
0.426471
0.503175
0.497817
0.485689
0.473191
0.470848
0.461815
0.503724
0.480241
0.496377
0.487365
0.42931
0.490583
0.474301
0.457759
0.498314
0.442637
0.474439
0.511709
0.493939
0.454702
0.44898
0.485481
0.50662
0.46558
0.500444
0.46661
0.47861
0.446696
0.409532
0.492349
0.487589
0.451444
0.457865
0.475909
0.490401
0.436959
0.509383
0.493415
0.476786
0.488251
0.475543
0.476316
0.4906
0.450175
0.441778
0.470852
0.489492
0.526087
0.499582
0.479667
0.492431
0.496485
0.504933
0.486509
0.511712
0.504762
0.470009
0.495599
0.499544
0.494828
0.51518
0.462025
0.439891
0.465328
0.474606
0.522411
0.510738
0.490026
0.473636
0.453752
0.47619
0.459031
0.472761
0.476444
0.4741
0.497766
0.464349
0.438521
0.505051
0.485765
0.480315
0.493249
0.47619
0.461538
0.462465
0.474312
0.471869
0.443038
0.449859
0.473585
0.481036
0.472744
0.49359
0.486636
0.520289
0.456284
0.493808
0.477193
0.494253
0.502793
0.495677
0.495928
0.486702
0.496964
0.482028
0.46147
0.471507
0.500795
0.486513
0.503167
0.464951
0.466258
0.455263
0.519293
0.445587
0.497865
0.493554
0.494232
0.464131
0.472628
0.480165
0.468507
0.475022
0.485035
0.517391
0.483758
0.462465
0.479259
0.519929
0.45234
0.473404
0.453167
0.420432
0.503025
0.486661
0.471296
0.470699
0.492063
0.4677
0.488676
0.483568
0.466071
0.478125
0.534884
0.472961
0.459834
0.467023
0.486029
0.48914
0.500415
0.493473
0.475325
0.445652
0.496867
0.491055
0.494819
0.492431
0.505208
0.493225
0.469423
0.470078
0.491511
0.442681
0.44907
0.43898
0.495741
0.492021
0.461659
0.433757
0.469751
0.509119
0.474145
0.496827
0.48514
0.443938
0.486911
0.434513
0.504348
0.487442
0.491585
0.47849
0.448213
0.484848
0.474415
0.485885
0.433547
0.471039
0.447706
0.507117
0.498208
0.433092
0.489051
0.520833
0.483721
0.485488
0.492832
0.451209
0.473638
0.459016
0.479964
0.501825
0.475632
0.496905
0.502183
0.495712
0.498623
0.43711
0.45098
0.473842
0.473214
0.520994
0.507109
0.454466
0.485637
0.501303
0.48579
0.489778
0.494737
0.453907
0.507326
0.472849
0.507993
0.470935
0.489741
0.475728
0.477153
0.471186
0.481745
0.454864
0.487522
0.472434
0.464574
0.513608
0.461264
0.49034
0.465804
0.490672
0.514002
0.480532
0.494995
0.488029
0.508242
0.507491
0.504787
0.431734
0.476148
0.469114
0.467831
0.488909
0.483275
0.506163
0.510675
0.462025
0.487847
0.525664
0.463628
0.503636
0.473636
0.481244
0.475395
0.487596
0.492119
0.519337
0.462775
0.461472
0.468912
0.465328
0.481413
0.486626
0.499567
0.504425
0.486198
0.458333
0.493249
0.477459
0.458369
0.395979
0.480699
0.484509
0.482143
0.5093
0.48564
0.529412
0.473925
0.502679
0.449634
0.4839
0.489796
0.436464
0.466252
0.492944
0.422757
0.42803
0.503774
0.413703
0.521964
0.493862
0.502161
0.460664
0.464481
0.501353
0.450046
0.456238
0.497577
0.489189
0.516544
0.485014
0.450361
0.493987
0.49823
0.482944
0.5104
0.502641
0.5
0.509058
0.503584
0.518315
0.468582
0.486405
0.500439
0.51436
0.486301
0.453645
0.436997
0.482969
0.478032
0.505647
0.461157
0.460303
0.484087
0.486685
0.500921
0.464486
0.421296
0.49469
0.452567
0.49228
0.495599
0.475786
0.474517
0.496479
0.491493
0.47402
0.485359
0.497026
0.479759
0.385116
0.495058
0.4947
0.443027
0.490716
0.500458
0.485845
0.503106
0.5
0.470996
0.445438
0.473351
0.449288
0.472578
0.451087
0.473874
0.466839
0.476723
0.501388
0.484769
0.447189
0.49375
0.477214
0.466241
0.472744
0.465991
0.474846
0.492335
0.499093
0.452318
0.478185
0.46716
0.48972
0.485544
0.481842
0.49195
0.467257
0.443495
0.493415
0.486111
0.473684
0.461051
0.49531
0.475728
0.488769
0.449774
0.500459
0.470899
0.471971
0.422084
0.461179
0.431569
0.507411
0.508854
0.442256
0.484333
0.489381
0.477941
0.478183
0.498615
0.437115
0.449915
0.444742
0.512108
0.504323
0.516181
0.497786
0.489741
0.478099
0.480104
0.452402
0.477064
0.477778
0.47106
0.485041
0.51215
0.480769
0.485947
0.455323
0.481002
0.502693
0.479789
0.502799
0.499203
0.462646
0.478733
0.443958
0.519091
0.474592
0.490334
0.453645
0.451948
0.516575
0.480895
0.49537
0.474622
0.475512
0.47192
0.499109
0.484689
0.480315
0.468322
0.480211
0.485009
0.440036
0.498195
0.504604
0.495343
0.500428
0.479148
0.516219
0.514593
0.50333
0.481124
0.457612
0.486124
0.47139
0.514878
0.519266
0.484596
0.457987
0.478105
0.51015
0.483764
0.495171
0.475184
0.489939
0.463014
0.474107
0.508597
0.426713
0.475133
0.472761
0.490741
0.50135
0.459343
0.502698
0.472744
0.481675
0.490146
0.47534
0.446429
0.493519
0.51972
0.487204
0.49812
0.492105
0.520036
0.47585
0.472344
0.502722
0.514798
0.466235
0.50302
0.517417
0.459969
0.454939
0.461333
0.468608
0.514599
0.483547
0.452381
0.519643
0.523551
0.474026
0.488556
0.463122
0.479742
0.528725
0.434071
0.486271
0.454133
0.475694
0.49417
0.508967
0.458599
0.483685
0.506184
0.494064
0.468917
0.485764
0.499139
0.440994
0.432358
0.483986
0.501712
0.475655
0.498669
0.501322
0.505515
0.471552
0.492037
0.487402
0.470026
0.488372
0.482051
0.450835
0.482487
0.499084
0.545126
0.479964
0.524194
0.499543
0.470085
0.484023
0.480418
0.495853
0.48513
0.49216
0.471503
0.501783
0.485419
0.478338
0.490476
0.455922
0.477064
0.354386
0.490694
0.501832
0.476786
0.455473
0.515207
0.460606
0.485437
0.450841
0.526132
0.36106
0.489593
0.491497
0.488576
0.475203
0.491667
0.482543
0.485157
0.492714
0.48121
0.501776
0.477954
0.471315
0.503156
0.469237
0.474359
0.488251
0.482636
0.524021
0.481611
0.512799
0.482206
0.52514
0.496798
0.473871
0.433962
0.49512
0.492349
0.440801
0.491964
0.481834
0.483209
0.498678
0.501348
0.451327
0.473297
0.482332
0.450716
0.472997
0.491697
0.467989
0.498217
0.46743
0.429571
0.494941
0.489305
0.483209
0.442994
0.478064
0.492524
0.478924
0.416592
0.451493
0.44115
0.505376
0.467898
0.461606
0.489324
0.500446
0.50367
0.485981
0.442882
0.467857
0.464348
0.475941
0.510703
0.479109
0.487914
0.431507
0.499568
0.478452
0.491541
0.497835
0.502106
0.485788
0.457371
0.49195
0.468582
0.492537
0.518653
0.445642
0.431699
0.479464
0.46649
0.50177
0.494372
0.49195
0.443787
0.50703
0.52808
0.490126
0.482363
0.493976
0.481106
0.457759
0.405097
0.473435
0.466972
0.434116
0.500444
0.480855
0.485455
0.517889
0.465473
0.451031
0.47334
0.481223
0.504977
0.453211
0.49865
0.472077
0.490792
0.45656
0.49717
0.488812
0.453752
0.47698
0.506184
0.49062
0.471294
0.458258
0.488525
0.467742
0.472426
0.481978
0.468777
0.488332
0.509328
0.482206
0.474485
0.475926
0.506261
0.486322
0.523381
0.494536
0.471315
0.5
0.469496
0.47148
0.470588
0.475652
0.472632
0.478934
0.515455
0.50315
0.508961
0.508501
0.457612
0.47156
0.490909
0.471466
0.439692
0.511979
0.495192
0.481416
0.496136
0.464986
0.501733
0.463936
0.494941
0.476099
0.518382
0.47193
0.49201
0.44464
0.451444
0.448694
0.459002
0.486135
0.504505
0.508772
0.492108
0.462591
0.5
0.495111
0.514062
0.52161
0.485185
0.448718
0.468966
0.481577
0.477707
0.480944
0.482047
0.485866
0.486014
0.462281
0.503546
0.460751
0.471507
0.429817
0.475196
0.545936
0.500907
0.5142
0.455497
0.488432
0.473684
0.429737
0.521218
0.492615
0.46087
0.463222
0.48064
0.469835
0.488696
0.473877
0.476279
0.501684
0.511785
0.502191
0.460945
0.456233
0.492793
0.424607
0.437743
0.497824
0.50519
0.492467
0.488455
0.485866
0.487179
0.505608
0.434746
0.511664
0.486049
0.484743
0.481752
0.513345
0.509582
0.4875
0.481884
0.465095
0.457317
0.515873
0.501296
0.516957
0.448087
0.454778
0.510417
0.457429
0.439716
0.479203
0.495661
0.49359
0.502172
0.498158
0.519214
0.461258
0.440841
0.486898
0.476712
0.461538
0.462555
0.493924
0.492754
0.468978
0.486222
0.450909
0.512545
0.49577
0.429848
0.495682
0.513274
0.517552
0.462848
0.428203
0.501786
0.488869
0.484848
0.490305
0.5
0.495606
0.402691
0.482065
0.471963
0.496157
0.472973
0.479965
0.470324
0.497243
0.467954
0.501812
0.500862
0.399138
0.453083
0.502287
0.45521
0.45709
0.465753
0.476233
0.473166
0.485495
0.467757
0.467532
0.494681
0.48155
0.487884
0.445996
0.485255
0.463598
0.464539
0.47373
0.497733
0.491703
0.507937
0.503717
0.493694
0.478188
0.482448
0.461883
0.501835
0.512241
0.482487
0.46677
0.467882
0.510152
0.492857
0.510351
0.499544
0.493045
0.466972
0.455674
0.507326
0.455497
0.49607
0.473394
0.467671
0.496137
0.470803
0.484093
0.498099
0.476311
0.512411
0.478045
0.45617
0.477679
0.459982
0.483395
0.448029
0.471647
0.502304
0.44679
0.396472
0.522707
0.518106
0.442593
0.494968
0.483317
0.48209
0.521076
0.475482
0.456049
0.497288
0.490323
0.497861
0.481745
0.454228
0.456302
0.469472
0.461261
0.482456
0.467199
0.466486
0.476492
0.468493
0.501689
0.494421
0.471453
0.474026
0.476105
0.479263
0.5
0.470742
0.464764
0.47373
0.486631
0.488647
0.482456
0.504401
0.4969
0.485586
0.452968
0.459339
0.49205
0.505051
0.494031
0.430841
0.485615
0.468297
0.466608
0.482224
0.487611
0.479689
0.492908
0.483536
0.50991
0.472222
0.468507
0.422699
0.492895
0.480111
0.488782
0.481717
0.477331
0.509225
0.468631
0.47242
0.457904
0.522321
0.508988
0.488928
0.502636
0.479339
0.479929
0.458487
0.505032
0.501385
0.514329
0.502226
0.502959
0.481515
0.428702
0.488991
0.493495
0.471377
0.468667
0.504007
0.459318
0.402154
0.493127
0.456294
0.478648
0.448097
0.470803
0.443845
0.465669
0.441048
0.507003
0.470974
0.493176
0.503597
0.485428
0.486557
0.461195
0.491585
0.441093
0.511861
0.504394
0.495552
0.499549
0.454296
0.470588
0.478661
0.499083
0.480257
0.503175
0.488556
0.509837
0.476977
0.5084
0.492891
0.511729
0.469311
0.513778
0.405133
0.488127
0.461469
0.447534
0.438517
0.472897
0.472646
0.4969
0.483378
0.485047
0.476402
0.463742
0.50583
0.483721
0.433714
0.459108
0.484927
0.458484
0.485876
0.5
0.48099
0.506837
0.512843
0.487842
0.458009
0.496007
0.510942
0.509735
0.496007
0.458371
0.504587
0.476492
0.474009
0.467093
0.487131
0.483051
0.471082
0.498261
0.460515
0.520852
0.488688
0.502994
0.467298
0.467857
0.447944
0.450877
0.485228
0.403493
0.45874
0.493705
0.489886
0.463262
0.455256
0.478448
0.476703
0.46905
0.477625
0.481884
0.498069
0.46252
0.44186
0.479332
0.436975
0.532215
0.421296
0.476991
0.442392
0.484192
0.472247
0.503196
0.48041
0.509607
0.469388
0.489555
0.528787
0.465313
0.452206
0.496905
0.454234
0.442152
0.463267
0.505725
0.485375
0.470588
0.451187
0.460304
0.497307
0.426808
0.498623
0.479147
0.457821
0.496546
0.478022
0.409991
0.465889
0.488849
0.477477
0.468026
0.486957
0.469723
0.478603
0.490265
0.504689
0.447534
0.468156
0.484093
0.478617
0.472498
0.401262
0.46919
0.496429
0.492137
0.521407
0.505023
0.489668
0.484574
0.486207
0.509381
0.481785
0.465381
0.470315
0.472387
0.463177
0.465839
0.440767
0.530706
0.484517
0.493792
0.475424
0.456346
0.473684
0.504194
0.499104
0.469573
0.486415
0.458674
0.503472
0.458447
0.486782
0.490036
0.522581
0.468493
0.508361
0.506058
0.481745
0.51105
0.467593
0.496911
0.483233
0.497321
0.469628
0.463972
0.448961
0.47636
0.48951
0.488909
0.473554
0.456294
0.472469
0.474161
0.513929
0.467351
0.481067
0.469824
0.495413
0.490463
0.471767
0.463504
0.424
0.483444
0.502267
0.478733
0.499178
0.518841
0.463093
0.505671
0.495913
0.494418
0.511939
0.467257
0.511211
0.506542
0.487649
0.492611
0.496136
0.467199
0.447069
0.432692
0.484509
0.443921
0.505155
0.504202
0.427167
0.463692
0.479895
0.501709
0.45229
0.455869
0.468667
0.511864
0.449222
0.499074
0.488479
0.45625
0.482633
0.487402
0.443309
0.469738
0.510769
0.469643
0.472414
0.525839
0.422671
0.459759
0.482082
0.471466
0.444853
0.508967
0.401229
0.52641
0.489102
0.515419
0.489668
0.47191
0.493506
0.43832
0.500462
0.481313
0.468778
0.479893
0.471366
0.481036
0.510601
0.494064
0.50411
0.511924
0.438332
0.46696
0.512598
0.465265
0.455473
0.463196
0.477089
0.490196
0.459888
0.521229
0.526809
0.462574
0.477509
0.476492
0.472055
0.47185
0.484708
0.455122
0.482877
0.496014
0.483105
0.478062
0.507018
0.502646
0.431858
0.461402
0.521552
0.474732
0.465442
0.470588
0.493849
0.466964
0.496124
0.485965
0.49609
0.479925
0.438642
0.509488
0.478984
0.489547
0.537867
0.487719
0.493049
0.456744
0.501832
0.496786
0.466905
0.459137
0.458781
0.428571
0.480496
0.506823
0.520794
0.501365
0.419651
0.491023
0.498211
0.451502
0.503111
0.462621
0.43454
0.481132
0.491906
0.481928
0.505245
0.441392
0.476909
0.47308
0.466192
0.497382
0.477585
0.512425
0.480144
0.496878
0.485871
0.527434
0.489121
0.49148
0.498185
0.494075
0.508271
0.453819
0.468019
0.495102
0.476528
0.458445
0.457273
0.431777
0.439219
0.47307
0.475887
0.516279
0.48099
0.484472
0.481216
0.454068
0.545455
0.503534
0.442134
0.471749
0.467925
0.452745
0.478656
0.508065
0.484248
0.506554
0.473316
0.460262
0.498252
0.486667
0.472172
0.459114
0.48532
0.474606
0.474348
0.491571
0.464255
0.481917
0.485463
0.446303
0.461679
0.517668
0.484746
0.506098
0.462847
0.479428
0.468461
0.472695
0.479543
0.499547
0.50722
0.489655
0.499569
0.459098
0.49236
0.502271
0.49359
0.485182
0.541139
0.502234
0.481874
0.433962
0.511047
0.449789
0.455178
0.508721
0.476486
0.47118
0.469462
0.482662
0.48318
0.487764
0.541525
0.493274
0.479846
0.463882
0.498267
0.462094
0.520979
0.446043
0.503534
0.469244
0.495979
0.489324
0.473357
0.461744
0.426321
0.466725
0.462661
0.513656
0.47667
0.492004
0.475282
0.491703
0.453069
0.458988
0.425868
0.443253
0.524715
0.474245
0.465414
0.496485
0.449275
0.483871
0.513004
0.51363
0.510753
0.476923
0.522727
0.503106
0.474394
0.505682
0.485689
0.446318
0.490532
0.469091
0.513736
0.476408
0.473276
0.51746
0.487433
0.466667
0.471136
0.491403
0.516682
0.44088
0.408925
0.428957
0.499543
0.495197
0.473636
0.477666
0.476357
0.423636
0.47993
0.477273
0.49959
0.464115
0.432808
0.463755
0.474545
0.50463
0.451107
0.477599
0.45941
0.475831
0.494633
0.505051
0.476444
0.489111
0.434061
0.494903
0.515411
0.494595
0.499566
0.463282
0.453467
0.492766
0.489256
0.461746
0.464813
0.489565
0.476311
0.487558
0.447439
0.507246
0.435728
0.446568
0.466896
0.445363
0.454383
0.489574
0.496922
0.477056
0.480519
0.47541
0.503436
0.487296
0.486289
0.464223
0.451671
0.50448
0.514959
0.502674
0.456443
0.490463
0.491887
0.500451
0.542694
0.496435
0.497782
0.478495
0.492931
0.486415
0.485035
0.456302
0.47691
0.481897
0.468641
0.520134
0.476486
0.499222
0.460573
0.502999
0.508646
0.477816
0.471429
0.47538
0.461121
0.496035
0.462802
0.449664
0.475023
0.469027
0.508042
0.490179
0.453712
0.484163
0.466186
0.441674
0.521809
0.50256
0.486511
0.447559
0.473447
0.490879
0.482498
0.500451
0.498331
0.488928
0.460374
0.485922
0.496416
0.495964
0.48145
0.467281
0.488522
0.53211
0.492933
0.494253
0.495032
0.495735
0.47963
0.501312
0.517153
0.446328
0.626506
0.480424
0.502471
0.517489
0.48893
0.493473
0.513615
0.478456
0.511797
0.466192
0.498652
0.465549
0.51426
0.505348
0.506318
0.477518
0.471294
0.471971
0.469613
0.504186
0.46147
0.483761
0.503597
0.442291
0.492674
0.514181
0.496844
0.463303
0.493188
0.440662
0.48288
0.488868
0.459165
0.499053
0.480211
0.500447
0.465438
0.463807
0.425976
0.483497
0.491788
0.477868
0.475719
0.500849
0.45479
0.476627
0.50669
0.479015
0.475983
0.459416
0.498198
0.492793
0.458297
0.45439
0.470856
0.498597
0.469697
0.510574
0.468779
0.471805
0.474606
0.50625
0.44393
0.490451
0.498261
0.443756
0.49297
0.486792
0.473492
0.469912
0.465656
0.463481
0.470588
0.476384
0.464154
0.484746
0.480712
0.486559
0.473118
0.484076
0.470534
0.485056
0.463781
0.465608
0.464738
0.471682
0.484767
0.475452
0.483784
0.451932
0.467363
0.507366
0.503051
0.508197
0.477209
0.470383
0.517979
0.47195
0.420354
0.483178
0.486626
0.466604
0.463351
0.442713
0.446167
0.473404
0.441075
0.506679
0.538595
0.508621
0.473593
0.507791
0.473413
0.495629
0.496014
0.508423
0.503717
0.5
0.484985
0.490909
0.478751
0.466543
0.488127
0.517211
0.515315
0.483536
0.505208
0.469901
0.434095
0.491645
0.494118
0.473545
0.466603
0.475536
0.462894
0.50935
0.471223
0.491979
0.49865
0.517139
0.423041
0.486586
0.463242
0.470328
0.480874
0.449956
0.519965
0.50457
0.479239
0.51619
0.517139
0.493484
0.487424
0.455122
0.503089
0.476038
0.489691
0.460573
0.459556
0.485269
0.485586
0.481132
0.469216
0.512218
0.484134
0.470156
0.497076
0.481317
0.474638
0.495504
0.491371
0.457117
0.518721
0.479583
0.478754
0.503584
0.49775
0.490909
0.441336
0.474865
0.475109
0.465889
0.476619
0.481279
0.438403
0.509483
0.540453
0.508804
0.487713
0.482669
0.486462
0.497626
0.484293
0.454003
0.477477
0.448798
0.500852
0.503738
0.498676
0.496131
0.482033
0.525809
0.499124
0.475229
0.458813
0.462338
0.475367
0.44573
0.510748
0.478962
0.485114
0.50302
0.487868
0.480071
0.479203
0.503559
0.490161
0.478782
0.494263
0.467601
0.447664
0.461471
0.478873
0.479812
0.493862
0.521277
0.508613
0.503937
0.451121
0.459155
0.492424
0.508446
0.511811
0.50135
0.515858
0.482821
0.503597
0.469259
0.470229
0.473778
0.491803
0.502242
0.484099
0.444444
0.469684
0.53012
0.470951
0.476644
0.47139
0.491453
0.465608
0.470275
0.475793
0.511304
0.47007
0.499109
0.477002
0.504959
0.454545
0.465577
0.475556
0.471716
0.437273
0.50127
0.50177
0.481647
0.473239
0.485765
0.442608
0.498602
0.507056
0.477293
0.476407
0.469333
0.467698
0.499145
0.450433
0.470852
0.488749
0.469775
0.500426
0.446333
0.462511
0.484478
0.461135
0.483929
0.45632
0.509267
0.437326
0.473404
0.504697
0.501799
0.486792
0.506891
0.477273
0.469081
0.42616
0.493176
0.45807
0.459504
0.450805
0.472393
0.481894
0.459677
0.485488
0.417857
0.449619
0.478694
0.513951
0.466071
0.471631
0.48738
0.470951
0.487783
0.508303
0.461467
0.511444
0.449367
0.467857
0.473729
0.490566
0.476148
0.466019
0.487931
0.497786
0.499561
0.470018
0.5
0.463565
0.464064
0.499109
0.495591
0.472448
0.455526
0.490317
0.503734
0.47465
0.497217
0.459622
0.494764
0.435921
0.437988
0.468047
0.495041
0.459752
0.438869
0.462996
0.50457
0.430314
0.470588
0.429075
0.469058
0.491912
0.47026
0.49278
0.516652
0.454713
0.488983
0.466132
0.486511
0.501348
0.451052
0.44495
0.447628
0.512468
0.425943
0.485228
0.505174
0.479074
0.480151
0.486388
0.484099
0.494393
0.457863
0.504846
0.481577
0.499552
0.484712
0.492589
0.480944
0.490942
0.486173
0.498217
0.497876
0.503778
0.499083
0.453696
0.501301
0.49631
0.458986
0.48503
0.513901
0.425688
0.467866
0.462852
0.512086
0.504823
0.474667
0.507064
0.458333
0.503122
0.508726
0.483871
0.461404
0.486772
0.483105
0.469816
0.508429
0.45656
0.523729
0.500435
0.491788
0.495163
0.48155
0.477099
0.484791
0.48018
0.486271
0.487957
0.526271
0.471733
0.430233
0.479853
0.467967
0.515233
0.472296
0.449438
0.457143
0.443447
0.499138
0.444641
0.493924
0.453888
0.465649
0.483186
0.452067
0.490683
0.47538
0.518072
0.513465
0.479037
0.477915
0.480401
0.44176
0.49518
0.468847
0.458732
0.488889
0.480061
0.463731
0.439926
0.472973
0.452067
0.477848
0.504521
0.456346
0.459201
0.423519
0.455243
0.499563
0.43883
0.436396
0.49287
0.52936
0.454792
0.478341
0.455172
0.507067
0.484076
0.445313
0.484023
0.451163
0.47644
0.46832
0.479495
0.472262
0.4783
0.514143
0.490112
0.428064
0.483012
0.484099
0.530069
0.470806
0.459075
0.495575
0.487567
0.508787
0.491289
0.477072
0.500455
0.507353
0.492806
0.495993
0.481321
0.477355
0.454545
0.493333
0.494455
0.495441
0.474522
0.493495
0.455382
0.515267
0.467785
0.489982
0.480683
0.515257
0.451155
0.500465
0.486339
0.427176
0.462963
0.478261
0.463755
0.513489
0.447559
0.47585
0.470209
0.490463
0.493286
0.467257
0.488073
0.49163
0.465804
0.483318
0.463918
0.460829
0.4783
0.481621
0.476809
0.50044
0.478947
0.46223
0.468577
0.478528
0.492679
0.501288
0.470163
0.497331
0.486074
0.463855
0.480839
0.447017
0.497345
0.485507
0.486446
0.494242
0.477908
0.505208
0.50177
0.40139
0.530421
0.504959
0.497099
0.482175
0.479279
0.47148
0.504959
0.488372
0.497782
0.451251
0.471477
0.482434
0.502573
0.455013
0.486726
0.470205
0.499544
0.472585
0.472973
0.507515
0.467323
0.459339
0.500894
0.447222
0.509532
0.498447
0.518717
0.453499
0.471347
0.466667
0.479021
0.444147
0.457195
0.469442
0.488889
0.495413
0.50482
0.499541
0.516101
0.454383
0.477695
0.460612
0.484545
0.507734
0.463081
0.440978
0.514975
0.461067
0.479354
0.481157
0.522252
0.484716
0.479938
0.44843
0.443782
0.500853
0.494536
0.511033
0.506239
0.462075
0.519214
0.459879
0.44291
0.471631
0.480437
0.511207
0.471204
0.511191
0.4621
0.487918
0.508094
0.486135
0.474485
0.481229
0.450909
0.512953
0.472398
0.481906
0.497288
0.479368
0.462659
0.466063
0.478505
0.489529
0.445242
0.483058
0.466267
0.456093
0.481149
0.499094
0.477477
0.457987
0.465181
0.479263
0.470217
0.479109
0.492335
0.482353
0.47354
0.487424
0.43949
0.475556
0.443471
0.457511
0.481949
0.480786
0.485549
0.502246
0.479452
0.482143
0.448653
0.486486
0.508079
0.490196
0.491509
0.485359
0.493399
0.498712
0.5161
0.467112
0.485765
0.496435
0.49292
0.513977
0.475105
0.477171
0.467466
0.437615
0.458333
0.496403
0.462832
0.471284
0.46621
0.460217
0.480447
0.514019
0.478485
0.481928
0.478673
0.479167
0.490476
0.462177
0.463148
0.509242
0.447947
0.462148
0.49197
0.516245
0.482949
0.457014
0.460938
0.515311
0.471053
0.484689
0.482548
0.479965
0.498227
0.524116
0.452223
0.477081
0.514808
0.487952
0.493007
0.50421
0.514537
0.43381
0.461028
0.466252
0.520333
0.47069
0.50405
0.458929
0.452166
0.509042
0.483983
0.49635
0.466837
0.472811
0.482883
0.504924
0.441582
0.52381
0.467087
0.487738
0.465009
0.424348
0.486758
0.444345
0.453029
0.47484
0.508242
0.461608
0.480821
0.446348
0.474886
0.475482
0.44977
0.476923
0.530525
0.473389
0.49672
0.487179
0.457831
0.484822
0.455535
0.464446
0.467803
0.479487
0.432334
0.461538
0.460931
0.464058
0.481481
0.477639
0.472997
0.430221
0.509284
0.507143
0.503839
0.462741
0.481961
0.509219
0.505291
0.472985
0.471647
0.525974
0.493639
0.465403
0.515957
0.509284
0.495263
0.44505
0.472348
0.468493
0.482114
0.462741
0.473684
0.518741
0.468254
0.485876
0.498113
0.417663
0.465221
0.505628
0.492819
0.441203
0.479897
0.432584
0.474684
0.455605
0.498175
0.49375
0.500443
0.513711
0.527322
0.490143
0.467787
0.477848
0.501786
0.442189
0.481057
0.473439
0.412399
0.478848
0.488064
0.47944
0.488372
0.447323
0.490786
0.480786
0.452444
0.481538
0.460646
0.510753
0.474576
0.475292
0.473635
0.480036
0.469697
0.479661
0.453729
0.479037
0.464627
0.515901
0.467206
0.457269
0.489031
0.514898
0.43949
0.427679
0.468665
0.43705
0.439003
0.492417
0.460331
0.472248
0.445981
0.455638
0.507299
0.48855
0.49779
0.46743
0.479301
0.511009
0.480821
0.451231
0.471404
0.473636
0.516068
0.475138
0.496255
0.501786
0.477011
0.450271
0.479224
0.485544
0.502311
0.470333
0.461809
0.478299
0.476231
0.485106
0.463415
0.515406
0.519179
0.527223
0.459801
0.499107
0.492997
0.452465
0.485192
0.485663
0.40474
0.480257
0.463457
0.489985
0.489796
0.473357
0.503062
0.479339
0.50221
0.457689
0.518953
0.471519
0.515311
0.500867
0.488219
0.490018
0.443077
0.516988
0.503106
0.506108
0.47849
0.507411
0.485255
0.496861
0.446413
0.453138
0.468779
0.439893
0.457428
0.47437
0.47487
0.479784
0.472609
0.492593
0.452189
0.486631
0.466044
0.448118
0.48393
0.460358
0.450683
0.448035
0.457811
0.45658
0.464815
0.444828
0.469279
0.493506
0.503916
0.486099
0.490161
0.477135
0.44507
0.485866
0.472172
0.476619
0.469683
0.458293
0.481132
0.484642
0.493562
0.484362
0.455708
0.509275
0.463612
0.498198
0.508137
0.507334
0.501869
0.478539
0.484932
0.480322
0.504537
0.516691
0.49912
0.470116
0.4783
0.466079
0.482818
0.49278
0.504448
0.489547
0.495171
0.499559
0.47373
0.476068
0.482065
0.516605
0.495971
0.491007
0.473732
0.496552
0.430809
0.509928
0.505102
0.485114
0.486695
0.45
0.497805
0.490798
0.512535
0.482487
0.468178
0.471037
0.447345
0.522092
0.499067
0.394996
0.484082
0.47038
0.489231
0.426549
0.504753
0.45709
0.457734
0.495606
0.474591
0.48758
0.479825
0.51458
0.475282
0.488241
0.491166
0.484444
0.490351
0.498255
0.497858
0.468941
0.459459
0.50131
0.504562
0.484441
0.494565
0.451209
0.462238
0.518817
0.482353
0.469449
0.479817
0.528201
0.481481
0.479259
0.491334
0.511936
0.462338
0.475986
0.496927
0.478221
0.430453
0.46742
0.451526
0.496959
0.511151
0.517181
0.474312
0.438728
0.470156
0.486059
0.473684
0.512739
0.464968
0.467273
0.4806
0.488576
0.477654
0.487179
0.486867
0.478178
0.466848
0.485665
0.457169
0.469683
0.460346
0.476652
0.473684
0.47636
0.488351
0.454299
0.472149
0.512158
0.455595
0.467391
0.506873
0.482697
0.508788
0.480839
0.488106
0.473925
0.469058
0.529577
0.499099
0.5
0.4505
0.497317
0.4916
0.512351
0.449869
0.494863
0.412948
0.472949
0.540036
0.493805
0.47484
0.471747
0.449818
0.478648
0.489903
0.499567
0.484821
0.496364
0.483425
0.498655
0.479428
0.475472
0.467273
0.461258
0.484636
0.472998
0.483842
0.49386
0.470205
0.497326
0.495697
0.468047
0.4947
0.494604
0.494009
0.396277
0.476148
0.513204
0.488479
0.4845
0.450175
0.467306
0.521938
0.522887
0.464286
0.454231
0.534562
0.458221
0.502287
0.485185
0.478032
0.483381
0.498643
0.520035
0.447735
0.503202
0.490534
0.469224
0.467556
0.500458
0.479147
0.48683
0.481288
0.499567
0.505236
0.488688
0.478343
0.46558
0.525359
0.51024
0.438309
0.506284
0.509599
0.463565
0.436347
0.45487
0.44244
0.43058
0.485769
0.428827
0.513181
0.50598
0.484461
0.510903
0.481419
0.479374
0.469858
0.494065
0.484171
0.508621
0.502139
0.514572
0.494633
0.491964
0.393912
0.503781
0.466908
0.484429
0.496283
0.501329
0.519697
0.483105
0.482697
0.459031
0.48248
0.479368
0.499076
0.466102
0.469298
0.461338
0.4903
0.487805
0.479185
0.538259
0.484932
0.485375
0.472518
0.463768
0.456604
0.489593
0.469657
0.480752
0.485531
0.498706
0.520721
0.520457
0.455395
0.494205
0.505327
0.460854
0.488647
0.489416
0.474635
0.502326
0.452709
0.453023
0.476909
0.480531
0.489832
0.495606
0.52039
0.456388
0.476733
0.471596
0.45122
0.507366
0.484821
0.476371
0.497326
0.459087
0.466488
0.491525
0.50935
0.507508
0.418688
0.49697
0.464945
0.472811
0.483349
0.481818
0.482517
0.500462
0.486034
0.486368
0.45841
0.501783
0.480059
0.47502
0.509499
0.501375
0.480569
0.473439
0.469104
0.488291
0.489091
0.479774
0.507299
0.507194
0.492679
0.462725
0.489111
0.497278
0.506284
0.49678
0.429315
0.494737
0.486925
0.477539
0.511111
0.496827
0.45993
0.486247
0.476724
0.472761
0.504687
0.453593
0.451642
0.478984
0.459483
0.449774
0.470588
0.503843
0.486971
0.486685
0.524424
0.433362
0.49322
0.435484
0.507341
0.498408
0.478723
0.494333
0.460053
0.505677
0.483649
0.472774
0.513863
0.491525
0.433043
0.472727
0.505556
0.455663
0.471264
0.474576
0.512217
0.480613
0.503738
0.469442
0.52
0.454459
0.515556
0.499529
0.493286
0.531092
0.437385
0.50782
0.500901
0.528236
0.489362
0.509058
0.467565
0.476318
0.485488
0.468887
0.446508
0.505545
0.455106
0.469839
0.473364
0.481124
0.479754
0.5
0.473362
0.512648
0.509483
0.470904
0.43711
0.488964
0.447509
0.506957
0.463956
0.505495
0.485207
0.518998
0.499559
0.479452
0.47907
0.498747
0.474419
0.458768
0.477837
0.488225
0.459752
0.489083
0.476399
0.4836
0.41982
0.511607
0.476318
0.505199
0.383406
0.497191
0.486891
0.478105
0.485463
0.429078
0.452567
0.512605
0.476839
0.470793
0.492958
0.487342
0.473157
0.507163
0.485359
0.467577
0.473485
0.521701
0.490036
0.460862
0.492349
0.427568
0.471046
0.481447
0.49162
0.445783
0.469573
0.481178
0.496522
0.497207
0.478145
0.454877
0.47185
0.439434
0.502347
0.505618
0.492602
0.458554
0.50745
0.48914
0.481024
0.481994
0.487979
0.50137
0.438069
0.499145
0.4741
0.511381
0.437719
0.473684
0.49654
0.465978
0.477352
0.457995
0.481818
0.472998
0.512306
0.479317
0.453982
0.522212
0.477748
0.464349
0.483871
0.459738
0.48556
0.49531
0.489686
0.496774
0.47881
0.474934
0.483228
0.507993
0.459912
0.4506
0.503906
0.486222
0.469628
0.482206
0.488516
0.520488
0.502199
0.458146
0.480074
0.465471
0.474227
0.429899
0.465577
0.468947
0.47382
0.505872
0.50046
0.522904
0.47619
0.510445
0.496485
0.439759
0.495255
0.482257
0.486559
0.462025
0.488729
0.489964
0.480668
0.487761
0.475367
0.514679
0.498607
0.479464
0.505757
0.516926
0.47597
0.499104
0.47
0.487042
0.499141
0.496878
0.487387
0.487157
0.485232
0.491883
0.473785
0.489228
0.465381
0.450266
0.465502
0.486772
0.480462
0.408799
0.450237
0.523023
0.472348
0.490749
0.458409
0.486415
0.493277
0.405172
0.477509
0.490809
0.496049
0.443534
0.482694
0.49163
0.497243
0.475499
0.479965
0.494949
0.50295
0.495041
0.505174
0.494574
0.495463
0.49518
0.469604
0.495898
0.476316
0.48944
0.463964
0.499537
0.461538
0.492035
0.506763
0.482667
0.51453
0.504587
0.476789
0.479675
0.480035
0.460053
0.472044
0.47619
0.454625
0.463746
0.477654
0.483614
0.484014
0.449867
0.45913
0.461952
0.464646
0.490814
0.527419
0.507911
0.504163
0.442741
0.487936
0.494293
0.451699
0.465179
0.468213
0.472441
0.490028
0.472711
0.493578
0.453977
0.465691
0.475763
0.469269
0.4903
0.442308
0.468233
0.457919
0.433453
0.505111
0.481775
0.466307
0.512798
0.486979
0.444151
0.478149
0.511668
0.486854
0.496151
0.508459
0.486965
0.495942
0.487433
0.464052
0.486486
0.463523
0.448161
0.472695
0.458106
0.424373
0.492105
0.509928
0.480944
0.507734
0.486586
0.52231
0.512346
0.481124
0.452137
0.46441
0.498652
0.474739
0.432954
0.486289
0.52207
0.493881
0.519931
0.492778
0.467281
0.484375
0.485359
0.504854
0.503993
0.473025
0.491449
0.473303
0.48
0.518222
0.462766
0.454884
0.417652
0.483585
0.448683
0.502852
0.493036
0.468388
0.495637
0.48632
0.474801
0.487783
0.527322
0.438489
0.46955
0.474419
0.510526
0.497331
0.494922
0.459685
0.451408
0.504613
0.489016
0.459184
0.462738
0.479332
0.495471
0.51487
0.458699
0.479718
0.550775
0.510994
0.484848
0.474732
0.502195
0.499058
0.44404
0.429228
0.488924
0.476827
0.481317
0.502717
0.432502
0.48791
0.463256
0.41065
0.50177
0.504433
0.503274
0.464253
0.481897
0.467213
0.523449
0.532046
0.49392
0.436189
0.516129
0.465009
0.536813
0.485767
0.504296
0.516568
0.49607
0.457475
0.495964
0.457927
0.475719
0.507813
0.425706
0.487558
0.5
0.433714
0.471813
0.466047
0.490683
0.49063
0.521505
0.519965
0.492857
0.465622
0.459239
0.45265
0.517766
0.495614
0.512151
0.471111
0.49392
0.453671
0.469941
0.443141
0.505788
0.495094
0.486586
0.487179
0.493495
0.474107
0.468165
0.460967
0.489196
0.451761
0.470588
0.481611
0.45977
0.481752
0.458707
0.461195
0.502814
0.479263
0.508272
0.508287
0.5
0.501375
0.515399
0.454137
0.469711
0.463348
0.489686
0.488556
0.513951
0.426523
0.485973
0.491465
0.477876
0.497458
0.494303
0.45325
0.482667
0.496409
0.461606
0.476064
0.458223
0.486439
0.474255
0.480702
0.489064
0.465742
0.427894
0.458048
0.457597
0.509502
0.51015
0.494128
0.505128
0.507489
0.526022
0.478223
0.489705
0.501333
0.431798
0.463351
0.48727
0.508282
0.491438
0.482812
0.506387
0.463702
0.497674
0.486685
0.504394
0.526496
0.493392
0.461045
0.477486
0.465398
0.455794
0.479789
0.481047
0.476068
0.476233
0.491729
0.480578
0.468556
0.512998
0.461475
0.49651
0.511729
0.473684
0.498695
0.450132
0.478341
0.490428
0.477311
0.44725
0.452514
0.501779
0.507922
0.433778
0.454545
0.436474
0.492958
0.49338
0.449057
0.476995
0.490036
0.48181
0.495379
0.43567
0.439421
0.434519
0.358047
0.442258
0.385531
0.440509
0.457066
0.505556
0.484702
0.482906
0.484375
0.489637
0.481917
0.496124
0.500898
0.427817
0.487719
0.459436
0.509311
0.443431
0.512698
0.514286
0.484554
0.461988
0.48168
0.504095
0.50315
0.476723
0.455041
0.483649
0.494418
0.47037
0.45583
0.494787
0.457935
0.494027
0.490248
0.507385
0.458771
0.527653
0.501742
0.475862
0.478625
0.469528
0.472777
0.486314
0.472663
0.486043
0.488288
0.453875
0.457995
0.491023
0.495202
0.482759
0.456686
0.48135
0.48659
0.455446
0.511226
0.500853
0.478424
0.488809
0.531396
0.487132
0.488516
0.450395
0.470175
0.499218
0.463149
0.45283
0.475184
0.426885
0.515639
0.490637
0.516682
0.460251
0.469725
0.488605
0.503863
0.468662
0.508272
0.503711
0.512329
0.474107
0.397285
0.490667
0.479925
0.475024
0.489619
0.504386
0.516187
0.5
0.483025
0.483516
0.477948
0.462298
0.484093
0.442882
0.493892
0.484545
0.493761
0.490009
0.441818
0.447028
0.454943
0.494212
0.458409
0.427924
0.499549
0.481994
0.490229
0.455382
0.423364
0.494874
0.48835
0.488688
0.474913
0.496229
0.499565
0.47094
0.485175
0.448182
0.509549
0.448336
0.450409
0.483114
0.501773
0.451957
0.488849
0.491758
0.514002
0.442518
0.490925
0.459556
0.449458
0.451304
0.469557
0.492857
0.476444
0.491525
0.485955
0.462646
0.490036
0.471326
0.49777
0.482276
0.461538
0.490532
0.468332
0.476945
0.499091
0.461825
0.490066
0.526703
0.465226
0.446429
0.443938
0.480409
0.488909
0.436937
0.416739
0.503208
0.494205
0.48412
0.50134
0.492832
0.459605
0.474962
0.444154
0.5
0.496889
0.484127
0.523256
0.491746
0.493443
0.477096
0.489006
0.491324
0.50906
0.471566
0.526596
0.449389
0.478723
0.446619
0.465827
0.472997
0.475
0.465409
0.504846
0.480462
0.452104
0.503293
0.518953
0.510417
0.475926
0.487203
0.474043
0.442171
0.463168
0.464752
0.527289
0.455621
0.474794
0.460573
0.488832
0.505564
0.494574
0.460289
0.487738
0.491003
0.521429
0.510582
0.500901
0.508108
0.463282
0.429204
0.49956
0.47891
0.47619
0.432754
0.506272
0.493019
0.506643
0.491055
0.452504
0.507246
0.496997
0.481643
0.473881
0.529966
0.431776
0.466192
0.509874
0.50265
0.487358
0.501745
0.453014
0.440034
0.510718
0.483813
0.47188
0.492404
0.48474
0.5
0.494597
0.499559
0.468066
0.498201
0.473495
0.497382
0.477292
0.527851
0.488696
0.486655
0.46438
0.467082
0.442105
0.459821
0.50434
0.488516
0.482605
0.515935
0.515047
0.495986
0.490054
0.40991
0.491625
0.491424
0.478571
0.421655
0.485437
0.493692
0.455399
0.455479
0.478617
0.505798
0.495223
0.489362
0.487649
0.495154
0.535304
0.524221
0.459032
0.482448
0.462477
0.494718
0.460276
0.472961
0.489956
0.482728
0.470377
0.508311
0.423547
0.450442
0.454464
0.439276
0.498645
0.465567
0.472298
0.471582
0.44086
0.494086
0.492606
0.497786
0.510314
0.486049
0.485166
0.47191
0.4839
0.463087
0.518405
0.485294
0.477374
0.501799
0.440633
0.487914
0.471507
0.493036
0.499094
0.494313
0.480302
0.457475
0.530317
0.454386
0.488136
0.459075
0.453219
0.457789
0.445981
0.465364
0.5
0.54725
0.466609
0.469787
0.445642
0.500898
0.506939
0.47922
0.485228
0.448961
0.476797
0.46586
0.491018
0.492895
0.496218
0.589041
0.511171
0.484038
0.482629
0.469891
0.494671
0.459834
0.514867
0.499563
0.503636
0.473727
0.470217
0.502679
0.491971
0.499051
0.514512
0.476471
0.456889
0.525547
0.510785
0.519164
0.500443
0.526455
0.48524
0.49375
0.526731
0.447296
0.435185
0.488479
0.461876
0.49375
0.457699
0.444643
0.482158
0.422942
0.459411
0.44123
0.480753
0.479825
0.44385
0.496157
0.515712
0.52139
0.466727
0.442105
0.458519
0.468476
0.491818
0.466297
0.494236
0.444926
0.516942
0.48853
0.491119
0.500434
0.498188
0.445223
0.470694
0.489233
0.485615
0.464637
0.489102
0.496056
0.447786
0.469459
0.410924
0.494393
0.50495
0.493176
0.423713
0.511374
0.495163
0.487433
0.502124
0.495928
0.507385
0.475931
0.509601
0.475184
0.516129
0.474547
0.479148
0.484956
0.470852
0.476923
0.511566
0.460654
0.471831
0.468972
0.483725
0.463129
0.493769
0.49777
0.489426
0.498227
0.509928
0.394545
0.510769
0.483497
0.446789
0.477599
0.468692
0.469649
0.439327
0.462094
0.417732
0.484441
0.495504
0.427706
0.460692
0.460931
0.47156
0.475898
0.486742
0.498669
0.496855
0.483705
0.486486
0.399476
0.489045
0.479301
0.444255
0.487805
0.473389
0.490942
0.408592
0.464286
0.523356
0.481383
0.497186
0.485998
0.434859
0.473585
0.474472
0.481047
0.453907
0.484982
0.461328
0.492035
0.487719
0.496014
0.446673
0.465656
0.498652
0.49592
0.502191
0.471053
0.481061
0.507529
0.480736
0.496454
0.437158
0.490072
0.456613
0.475086
0.476693
0.466548
0.49216
0.494108
0.482543
0.478571
0.485359
0.492077
0.498647
0.472566
0.48062
0.511585
0.477833
0.478027
0.486616
0.505973
0.492266
0.488829
0.491732
0.489974
0.478559
0.483649
0.454294
0.413444
0.496429
0.482079
0.478899
0.478761
0.479574
0.476569
0.470116
0.434622
0.473963
0.488908
0.457317
0.453416
0.48658
0.504959
0.483333
0.443486
0.477987
0.475881
0.500441
0.484609
0.416742
0.475203
0.478528
0.475829
0.511029
0.469671
0.485767
0.493151
0.425942
0.494828
0.47038
0.496028
0.474756
0.44505
0.467438
0.464481
0.490725
0.498211
0.517628
0.482726
0.5
0.487654
0.505525
0.491495
0.498489
0.472527
0.486511
0.468218
0.494107
0.483186
0.480752
0.47737
0.453263
0.478976
0.498165
0.482852
0.463058
0.478376
0.459927
0.494009
0.461806
0.467757
0.483957
0.4796
0.491525
0.477333
0.448517
0.531685
0.500916
0.458052
0.461394
0.476364
0.465442
0.507881
0.442978
0.484712
0.430163
0.476755
0.486626
0.479817
0.513537
0.489262
0.488314
0.498489
0.470909
0.505647
0.482543
0.492701
0.50647
0.495562
0.443396
0.447814
0.475043
0.450569
0.469115
0.504087
0.459649
0.506643
0.521664
0.482143
0.506739
0.476321
0.468412
0.500858
0.492628
0.507005
0.471751
0.504065
0.492334
0.493298
0.48537
0.498208
0.481771
0.410441
0.468665
0.502199
0.504288
0.419238
0.486782
0.49009
0.473077
0.542032
0.480357
0.499127
0.478677
0.491259
0.476569
0.446318
0.467249
0.447217
0.505367
0.465032
0.509284
0.45318
0.478673
0.473206
0.415867
0.494363
0.460705
0.491845
0.483983
0.454787
0.487805
0.445636
0.485793
0.488437
0.42559
0.488588
0.486685
0.513686
0.515288
0.471127
0.50448
0.468667
0.466846
0.460801
0.469298
0.495404
0.515929
0.447246
0.493902
0.458333
0.489555
0.485062
0.479888
0.474934
0.487567
0.463594
0.476965
0.455896
0.470156
0.489637
0.517972
0.465717
0.481317
0.51928
0.508551
0.479699
0.458262
0.47986
0.423146
0.445127
0.463807
0.444545
0.47191
0.520137
0.513977
0.471516
0.471453
0.48951
0.458707
0.471021
0.510924
0.533891
0.470428
0.480699
0.507372
0.492958
0.496035
0.45521
0.446412
0.512598
0.488475
0.491852
0.499094
0.523207
0.448245
0.493415
0.51107
0.501319
0.475117
0.48472
0.511509
0.473351
0.424934
0.48093
0.505525
0.42654
0.469259
0.5
0.493461
0.394646
0.487783
0.48913
0.461045
0.503534
0.528558
0.460465
0.49646
0.495438
0.524823
0.489908
0.463755
0.479401
0.441256
0.476064
0.490484
0.501301
0.509434
0.472414
0.489418
0.484601
0.490451
0.462468
0.462247
0.471581
0.468887
0.477252
0.476991
0.47081
0.481982
0.497001
0.5
0.472095
0.470046
0.496441
0.48125
0.456881
0.51913
0.508929
0.514053
0.47113
0.484975
0.487179
0.427798
0.464022
0.485255
0.464991
0.454861
0.490617
0.507895
0.533773
0.5
0.489307
0.478788
0.470293
0.468608
0.45283
0.491097
0.460693
0.399111
0.446126
0.500444
0.502613
0.455326
0.476415
0.473593
0.478771
0.455631
0.5
0.416519
0.479439
0.51952
0.475576
0.493333
0.461749
0.494995
0.494575
0.467314
0.442549
0.477707
0.492093
0.477798
0.452055
0.460664
0.533333
0.470486
0.520926
0.496448
0.48823
0.49065
0.467306
0.481481
0.487091
0.496049
0.454545
0.494634
0.512319
0.486734
0.482949
0.466198
0.479667
0.5
0.472811
0.4897
0.4969
0.492024
0.467742
0.508268
0.522212
0.470852
0.471647
0.469114
0.458886
0.482425
0.517627
0.439479
0.466434
0.503683
0.516379
0.488496
0.468254
0.508227
0.466368
0.496195
0.458407
0.494755
0.497196
0.450669
0.485845
0.473637
0.464505
0.5
0.507515
0.504318
0.483677
0.485934
0.494907
0.503916
0.478411
0.487532
0.463781
0.472556
0.50049
0.55298
0.469072
0.471581
0.468142
0.493249
0.504889
0.50536
0.518771
0.505041
0.467472
0.45993
0.467666
0.474808
0.46978
0.452797
0.490958
0.487111
0.490334
0.492241
0.494709
0.522181
0.481818
0.498697
0.517391
0.499532
0.431839
0.461681
0.483392
0.46919
0.464446
0.463028
0.46875
0.477585
0.494995
0.434861
0.503454
0.473128
0.527358
0.50361
0.493815
0.495058
0.498347
0.47562
0.474347
0.496672
0.494737
0.445045
0.458545
0.458115
0.480349
0.485419
0.502139
0.474485
0.420198
0.459313
0.487784
0.468582
0.470787
0.461261
0.496077
0.480957
0.520623
0.477291
0.495455
0.513194
0.463696
0.491055
0.508532
0.467881
0.467199
0.482972
0.47585
0.481164
0.439513
0.48384
0.464439
0.513098
0.483228
0.462567
0.428972
0.444056
0.478723
0.454462
0.500435
0.49134
0.460247
0.520705
0.515385
0.493518
0.480569
0.445837
0.508141
0.50134
0.484404
0.478656
0.497742
0.494128
0.459266
0.478938
0.48843
0.471326
0.50137
0.474545
0.491276
0.496124
0.408464
0.451296
0.439964
0.472924
