1155
1090
1109
1059
1165
1169
1099
1193
1089
1062
1090
1097
1129
1096
1074
1069
1128
1182
1115
1149
1098
654
1120
1148
1160
644
1121
1100
1135
1127
1159
1097
1082
1065
1151
604
1116
1127
1128
1119
1092
1129
1082
1093
1157
1121
1160
680
1124
1109
1090
1166
1126
1104
1085
1123
1193
1145
1086
1160
1125
1104
651
1090
1105
1115
1103
1161
1107
1118
1127
1099
1111
1086
1043
1190
1105
1118
1142
1094
1097
1124
1158
1150
1130
1185
1104
1139
1139
1102
1113
1097
1149
1080
1109
1139
639
1078
1061
1103
1134
1158
1127
1101
1167
1130
1144
1114
1156
1070
1145
1099
1157
1141
1133
1110
1085
641
1068
1147
1124
1146
1119
1175
1084
654
641
1105
1185
1136
1139
1145
1130
1123
681
1099
586
1131
1112
1117
1077
1135
1071
668
1103
642
1079
1107
1060
1155
1139
1052
1141
1102
1146
1168
1168
1082
1076
1099
1078
1111
1168
1167
1086
1088
563
1168
1071
1135
1106
1107
675
1147
1105
1120
1061
1111
1168
1111
1150
1067
1086
1146
1103
1153
1177
1165
1126
1128
1076
1068
1062
1115
1135
1093
1129
1165
660
1124
1116
1086
1129
1073
1142
1070
1126
1075
1100
1188
1125
1074
1164
1080
1156
1118
1111
1087
1180
1123
1137
1156
1091
1085
1070
1122
1090
1124
1123
1134
1148
1095
1133
639
1116
1107
1119
651
1092
1104
1045
1160
1113
1134
1151
1172
1117
1157
669
1069
1103
1185
1117
1134
1131
1135
1125
1130
674
1115
1107
1144
1104
1073
1067
1087
1091
1101
1132
116
1113
1147
1091
1126
1099
1199
1153
1111
1158
1160
1224
1094
1127
1093
1161
1066
1155
632
1048
1123
1110
1069
1057
1134
1106
1130
1109
1153
1052
1176
1160
1105
1095
1169
1118
1064
1083
1182
1060
1160
1137
1140
1153
1150
1158
665
1113
616
1134
1118
1120
1079
1092
1116
652
1109
1111
1121
1082
1105
1118
1141
1101
1121
1112
1103
613
1095
1093
1129
1119
1098
1095
1036
1119
1137
1092
1122
1149
1124
1109
595
1163
1087
1114
1080
1086
1064
1078
1145
1152
646
1144
633
1107
1073
1108
1122
1143
1179
1173
1156
630
1145
1118
1175
1132
1113
1074
1164
1104
1108
1160
1115
1109
1160
1186
1168
1115
1153
660
1159
1176
1102
1133
1104
1125
1183
1122
1135
1133
1111
1128
1143
1068
1183
1146
1039
1119
1139
1120
1149
1104
1140
1117
1144
1125
669
1142
1150
1195
1082
1123
1138
1115
1186
1110
105
1117
1136
1097
1160
1054
1106
1098
1096
1142
647
1071
1153
1081
1146
1050
1135
1083
1125
1139
1119
1122
1163
1089
1124
1143
1111
1071
559
1079
1090
1102
1106
1067
1060
1081
1119
1092
1085
1109
1098
646
1140
1131
1074
694
1105
1128
1153
1085
1116
1088
629
1038
1105
1127
1141
1140
622
1167
1171
1086
1127
1157
1096
1210
1159
1141
1136
1150
1139
1079
1133
1129
1154
1128
1121
1018
1157
1087
1080
1058
1134
1161
1148
1065
1120
640
1161
1091
1083
1122
1181
1151
1205
1149
1155
1104
1117
1118
1158
1123
1152
1107
1161
1153
1178
1134
1129
1098
1174
1128
639
1102
1124
658
1141
1103
1144
1097
1146
1130
690
1075
1129
1139
1091
1089
1153
1169
1091
1174
1090
1124
279
1106
1096
1104
1075
1137
1116
1117
1138
1098
1098
1096
1108
1131
687
583
1089
1121
1071
669
1120
1167
633
1142
1114
1151
1126
1125
1140
1139
1092
1197
1126
1187
1121
1133
1138
1180
1123
1141
1122
1179
1115
1139
1123
1087
1082
1072
1107
1053
1099
1086
1092
1068
1149
1084
1111
1117
1088
1082
1136
1217
1171
1106
1152
1130
1141
1100
1100
1093
1138
1169
1142
1086
1182
1155
1158
1096
1076
1159
1155
1130
1123
1128
1111
488
1165
1144
1088
1162
1120
1129
1149
1122
1093
1120
1092
1118
1078
1086
1126
1063
1081
1056
1060
1153
1161
1059
1157
1055
1098
1109
1091
1074
619
1110
1088
1101
1108
1081
1130
1114
625
1136
658
1104
1116
1092
1114
662
1139
1149
1168
1111
0
1119
1145
1138
1151
1210
1121
597
1089
1086
1070
1080
1130
1149
1101
1136
1177
1138
1136
1058
1097
1127
1177
1161
1075
1113
1132
1176
1131
1091
1095
1127
1080
1155
1118
1107
1124
1094
1104
1110
1161
1074
1081
1149
1174
1120
1163
1096
1119
691
1133
1109
1102
1143
573
1081
1070
1176
1129
1118
1130
1053
1139
1152
1083
1104
1066
1133
1113
1105
1089
1134
1106
1123
1069
1096
1147
1073
1117
1117
1130
1088
1123
1083
1137
1178
1122
1115
1041
618
1129
1121
1073
1156
1145
1090
630
1123
1103
1070
1144
1103
1052
1158
1114
1138
1072
627
1111
1105
1142
1100
1102
1138
1111
1155
1086
1073
1080
1123
1123
1104
1122
1143
1143
1168
1137
1134
1109
1108
1086
1181
1169
1127
1079
651
1051
1139
1097
1045
1101
1109
1090
1201
1083
1119
1133
1201
1139
1088
1143
1095
1120
1105
1153
1126
1083
1080
1111
1156
1112
1119
1146
1167
1176
1120
1080
1141
1055
1064
1140
1123
1118
1139
1102
1115
1081
1159
1177
637
1154
1125
1099
1096
1094
1176
1120
1104
1078
1136
1166
1086
1114
1039
1129
1101
1152
1115
1171
1099
1042
1132
1095
1126
1159
1162
1127
1094
1124
584
1068
1127
1135
1088
1160
1193
1151
1151
1118
1170
1078
1142
1092
554
1123
1116
1093
1170
1064
1149
1085
1076
1148
1158
1122
1063
1131
1050
1123
1090
1140
1182
1092
1120
1078
1085
1155
618
1129
1148
1094
1105
1176
1138
1109
1080
1117
1179
1098
1091
1126
1134
1133
1109
1219
1092
1149
1123
1124
1142
1172
1124
1074
1093
1129
1219
1127
1111
1098
1120
1156
1072
1135
1113
1130
1086
1132
1187
1148
1084
1109
1122
1136
1143
1186
1122
1072
1149
661
1137
1115
1109
1072
1113
1116
1137
1133
1124
1121
1090
1070
1138
1120
575
1143
654
0
1077
1117
1168
1157
1137
1123
1155
1187
1161
1126
1118
1114
1139
1099
1113
1142
1120
1134
1130
1155
1118
1183
1138
1104
1114
1134
1079
1085
1160
1138
1054
1090
1108
1125
1123
1100
1118
1173
1164
1069
1145
1105
1090
1111
1146
1086
1128
1060
1162
1146
1086
1132
693
1167
1102
610
1116
1088
1193
1137
1157
1072
1124
1117
1080
1118
658
1112
1098
1133
1122
1131
1122
1105
1150
1151
1163
1100
1111
1116
647
1156
1090
660
1139
1169
1127
1040
1130
647
1071
1154
1123
1186
1046
1088
1140
1189
1138
1143
1072
1122
1154
1110
1140
1077
1096
1138
1125
640
671
1080
1092
1160
1167
628
1102
1114
1132
1144
1140
1128
1172
1088
1147
1149
566
1102
669
1146
1167
1159
1103
1084
1151
1150
1142
1188
1094
1150
1091
1075
1188
1188
1141
1037
1131
1110
1081
1028
1149
1156
1062
1126
1132
1131
1159
1203
643
1111
1147
1096
1124
1148
1120
1104
1103
1148
1134
1157
1091
1098
1172
672
599
1128
1154
1037
1092
1151
1086
1119
1097
1141
1183
1095
1105
1135
1152
1104
1096
1125
1100
1116
591
1119
1158
1130
1111
646
1163
1120
1123
1122
1083
1144
1138
1115
1143
1070
1171
1110
1148
1112
1088
1139
1104
1160
1160
1119
1093
1094
1072
1095
1115
1118
1172
1101
1155
1128
1084
619
1074
1119
1195
1128
1142
1103
1145
1134
1076
1110
596
1111
1115
1090
1062
1142
647
1152
1182
1120
1111
1097
647
1090
1128
1092
1146
1145
1090
1129
1165
1096
1163
1052
1182
1128
1207
1175
1120
1087
1084
1116
1111
651
1137
1077
1123
1077
1080
1093
1049
670
1115
1142
1149
1106
1085
1169
1123
1147
1087
1212
1110
1140
1128
1104
1106
1095
1184
1165
1156
616
1109
1085
1168
1145
1121
1142
1122
1101
1140
1136
1129
1110
1095
1119
1195
99
1089
1070
1147
1104
1138
1097
1130
1157
1128
1154
1110
1116
1159
1119
1126
1081
624
629
1169
1084
1052
1124
1164
1120
1057
1129
1138
605
1121
1084
1093
1083
663
1123
676
0
1109
1094
1090
1153
1118
1133
1123
1143
1114
582
1144
1124
1156
1096
1113
1136
1145
1071
1068
1099
1112
1098
1153
1121
1129
1061
1096
1138
1124
1109
1094
1156
1195
1090
1089
630
1136
1169
1151
1131
633
1151
1059
1125
1091
1137
1103
1115
1106
1070
1115
1129
1113
1070
1123
1117
1115
1075
1139
1076
1161
1108
1062
138
1131
1097
1129
658
1155
1127
1051
565
1127
1117
1090
1106
1135
1094
1049
1062
1072
1150
1127
1127
1105
1169
1162
1120
1143
1140
1117
1088
1127
1112
1137
1116
1151
1160
1116
1147
1162
1104
1036
627
1118
1137
1190
1133
1080
1130
1137
1107
1135
1095
1072
1197
686
1101
1129
1182
1088
1131
1169
1115
1157
1048
1094
1156
1137
1184
1114
1134
1089
1079
1138
1158
1092
1161
1114
1121
1110
1079
1150
1156
1145
1130
1173
1115
1209
1163
1099
1109
1109
1136
1120
1081
654
1095
1113
1102
1160
1066
1098
1141
1078
1177
1127
1127
1148
1091
1098
1047
1119
1111
1159
1073
1116
1101
1141
1101
1152
1095
1097
1104
1085
1095
1196
1073
1123
1086
1080
1133
1163
1120
1103
569
1107
1121
1144
1127
1210
1144
1126
1103
1041
1072
1162
1077
1090
1101
1098
1096
1125
604
1103
1105
1216
690
1138
1058
1101
627
1047
1130
1115
1070
1093
609
647
1128
1143
1144
1162
1061
679
476
1119
1143
1144
1170
1048
1099
1133
1180
1093
1080
1085
1120
1094
1151
1076
1107
650
1120
1160
1103
1138
1081
1172
1139
1088
1171
1139
1117
1147
681
1113
1157
1155
1143
1083
1097
1105
1119
1135
1081
1132
1095
1095
629
1127
1135
1151
1094
1078
1114
1113
1173
1072
1107
1175
1189
1156
1106
1163
1119
1079
1103
584
1129
1095
1094
1140
1134
565
1127
1160
653
1143
1139
1138
1120
645
1140
1151
1071
1149
1054
1142
1148
647
1140
1079
1075
1092
1089
1118
1089
1116
1120
1128
1026
1058
1099
1089
1114
1118
1165
1125
1137
1077
636
1112
1162
1144
1092
1126
1133
1124
1146
1093
1167
1108
1121
1097
1130
1149
1115
1102
1097
665
1126
641
1123
1129
1119
1100
1114
1127
1114
1099
1075
1131
1127
1118
1143
110
1132
1106
1115
1060
1111
1101
1116
1111
1068
1143
1145
1144
600
1114
1174
1158
1142
1189
1127
1161
1106
1135
1136
1096
1132
590
1148
1117
1118
1189
1117
1051
1103
1108
580
1161
1198
589
1101
1092
1181
632
1119
1131
1113
1041
1185
1149
688
1127
1093
1097
1067
654
1185
1180
1115
1042
1149
1154
1108
1144
1112
1132
1138
1119
1124
1126
1124
1079
1142
1165
1135
1093
1063
1153
1145
1108
1146
634
1119
1052
1126
1171
1138
1104
1085
1115
697
1116
1170
1188
644
1113
1056
1118
1127
1109
1100
1092
657
1160
630
1114
1110
1074
1105
1109
1091
1098
1112
1093
1145
1100
1097
1142
1100
1146
1100
1221
1045
1079
1145
1100
1080
1084
1116
1084
662
1118
1089
1125
1102
1145
1079
1168
1110
1153
1103
1096
1175
1210
1111
1151
1150
1182
1085
1113
1104
1058
1151
1163
1089
1118
1103
1137
1155
1078
1098
1164
1102
1094
1146
1107
1116
1103
1122
1102
1101
1171
1109
1054
1122
1127
1116
1061
1141
1136
1087
1191
1160
1148
596
1127
643
1116
1167
694
1172
1120
1117
1106
1135
1035
1192
1101
565
1057
1120
1091
1105
1109
1123
619
1172
1112
1106
1111
603
1057
1109
1198
1129
1123
1101
1116
1115
1159
1085
1089
1199
1132
1131
1107
1055
1080
1143
1166
1062
83
1226
607
1115
1084
1149
1065
1114
1102
1124
1113
1074
1122
1122
1108
1112
1167
1106
1086
1075
1129
1170
1112
1135
1092
1093
1109
1090
1101
1087
1139
1078
1102
1056
1137
1119
1085
1119
1101
1121
1096
1107
1112
1178
1117
1091
1121
1096
1145
616
1110
1110
1139
1173
1098
1069
1122
662
1073
1064
1142
1120
1079
1152
1150
1129
1138
1060
1094
1130
1121
1109
1088
1228
1088
1180
674
1116
1116
1099
1086
1171
1132
1134
1106
1183
1116
1161
1110
1113
1149
1086
1147
1159
1075
1148
1168
1123
1130
1070
1159
1063
1146
1091
1161
1128
1154
1123
1153
696
1155
1091
1166
1144
1129
653
1076
1084
666
1155
1153
1076
1137
1133
1110
1154
1152
1113
1138
1137
1105
1134
1048
1165
1078
1123
1112
1122
1111
671
1085
1081
1129
1129
1098
1149
1152
1094
1156
1050
671
1151
1153
1103
1133
626
1164
1116
1125
1154
1110
1166
1072
1064
1103
1089
1197
1124
1104
1112
1101
1096
1095
1151
1059
1116
1111
1155
1108
1114
1145
1114
1112
1095
1177
1160
309
1079
1058
1154
1108
1053
1146
1174
1110
1123
587
1070
1133
1163
1141
1143
1142
1090
1129
1155
1157
1124
1163
1117
1142
1159
1154
1129
1154
562
1118
1084
1133
1142
1070
1142
568
1065
1059
1128
1103
1143
1115
1065
132
1184
1143
1111
1072
1106
1112
1106
655
1125
1159
1115
1132
1125
1171
664
1136
1156
1101
1170
1134
1127
1198
1150
1136
1122
1174
1109
1177
1162
1125
1043
1100
1181
1130
1117
1065
1124
1089
1073
1063
1123
1102
1125
1099
1170
1039
1115
1111
1158
1175
1118
1107
1063
1145
1120
1076
1133
1077
1128
1171
1112
1060
653
1100
1132
1185
1099
1109
1210
1118
1141
1077
1116
1137
1120
1181
1103
1111
1120
1128
1149
1136
1105
1084
1077
1136
1106
1120
1180
1060
1111
1133
1160
1129
1139
1134
1116
1139
1127
1122
1134
1107
1113
1136
1205
1144
1078
1164
1146
1108
1153
1111
1109
646
1096
1108
1094
1148
1071
1135
1115
1051
1076
1108
1111
1082
1180
1122
1112
1113
1093
1099
1117
1163
1087
1117
1063
1123
1058
1102
1132
1070
1151
1135
1167
1115
1112
1147
1102
1104
1121
1122
1177
1191
1090
1177
1153
1084
1085
1169
1115
1090
1167
1171
1117
622
1125
637
1152
1121
1146
1054
1140
1134
1095
1143
1127
1128
1180
1149
1096
1137
1084
1048
1052
1110
1129
1121
1180
1079
1118
1092
1077
1116
1137
1068
1120
1114
1160
1129
1152
1106
131
1130
1137
1127
1117
1079
557
1121
1132
1097
1159
1141
642
1151
1125
652
1158
1082
1110
1137
632
1106
1111
1152
1131
1173
1145
1128
1132
1122
1141
1106
1085
1160
1132
1099
640
1064
1075
1146
1089
634
703
1106
601
1163
1126
1089
1132
1164
1079
1124
1130
1126
1138
1148
1134
1099
408
1112
1123
1151
1104
1100
1125
1082
658
628
1153
1087
262
1133
1098
1113
1147
1126
1075
1098
1126
1080
1081
1145
1112
1106
1118
621
1101
1117
1130
1090
1135
1082
1109
1067
1085
1106
1061
1078
1137
1140
1112
1082
1141
1161
1165
1106
1124
1113
1162
1096
1123
1130
1104
664
1042
1109
1152
1130
1151
641
1109
1034
1122
1110
1122
1109
1118
1127
1159
1192
1167
1166
1167
1130
1074
1097
1149
1184
1131
1117
1119
1118
1080
1154
644
561
1129
698
1095
1144
1119
1098
1129
1080
1090
1141
1089
1149
1118
1076
1079
1100
1099
1097
1186
1202
1143
1114
1141
1101
1145
648
1115
1174
1172
1098
1133
1122
1147
1119
1159
1086
1128
1099
1160
1146
1117
1095
1076
1112
1154
1117
1172
1100
579
1105
1133
1106
1139
1098
1105
1070
1146
557
1151
667
1116
1114
1104
666
1083
1077
1085
1108
1077
1109
1105
1096
1153
1099
1125
1141
1165
1108
1119
1211
1113
1168
1064
1188
1147
1114
1122
1060
1127
606
1165
1118
1049
1124
1122
1130
1109
1185
1117
1168
1090
1152
1112
1130
1184
1169
1106
1074
1070
1162
1162
1055
1104
630
1084
1099
1082
1047
1136
1183
1108
1085
1105
640
1143
1140
1143
1146
1148
1128
622
1057
1069
1148
1162
1144
1069
1135
1118
603
1126
1082
1160
1111
1120
1108
1106
1155
1096
1176
1085
1110
1117
1087
630
1109
1101
1086
1150
1095
1114
1139
1093
1092
1107
1121
1109
1095
1142
1085
1105
1163
1071
1067
1131
1079
1153
1102
1111
1056
1170
1101
1170
1139
1099
1134
1118
1148
1039
1131
1120
1042
1087
1081
1139
1134
1129
1111
1078
1179
1055
1128
1131
1161
1101
1103
1095
1230
1087
1121
667
1134
1062
1060
1087
1107
1155
1114
1097
1169
1068
1106
1115
1096
1120
1129
1094
1098
1116
1071
632
1120
1133
1135
1073
1113
1111
1131
1143
559
1158
1031
1171
1125
650
1207
1116
1062
1113
1062
1102
594
1180
1113
1121
1046
566
1113
1135
1094
1074
1099
1120
1101
1112
1123
1121
1147
1063
1157
1082
1096
655
1131
1136
1087
1090
1121
1097
1154
1100
1058
1086
1068
1120
1044
1106
1083
1176
649
691
1139
1129
1178
1175
1107
1071
1121
1102
1107
1120
1071
1136
1148
1116
1097
1089
1163
649
637
1126
1143
1089
1131
1099
1108
632
1143
1154
1061
1102
650
1089
1127
1146
1139
1147
1119
1115
1129
1163
1073
1123
1104
1151
1154
1113
1077
1080
1119
1122
1178
1089
1089
1173
659
1145
1197
1117
1080
1160
1123
1078
1149
1187
1118
1159
1065
1132
1114
1112
1105
1043
1166
1172
1165
1183
1095
593
1113
1110
1106
1159
1070
1095
1095
1118
1102
689
1136
1121
1106
1135
1164
1108
1124
1148
1139
1133
1142
1170
1143
1084
1117
1112
1104
580
1149
1108
1176
1142
1165
1120
1139
1141
1077
1142
1147
656
1111
1109
1072
1119
1068
1131
650
1130
1052
1072
1112
1138
1161
1087
1140
1166
1153
1063
1132
675
1140
1146
1167
1143
111
1145
1096
1189
1104
1117
1099
1116
1105
671
1090
1117
1134
1133
1154
1131
1155
1166
1139
1102
1215
1151
1114
1151
1121
1135
1090
1069
1089
1076
1083
628
1099
1100
1134
1138
1074
1131
1066
1054
1101
1151
1109
1105
1097
1135
1083
1121
1116
1105
1131
658
1126
1104
1164
1127
1081
1096
1135
1093
1115
1065
1110
1126
1101
1118
1131
1093
1147
1168
1143
1146
1124
1130
1093
1168
1096
1124
1139
1155
1087
1100
1086
1115
1118
1060
1100
1097
1139
1074
1114
1140
1074
561
1162
1111
1132
1112
1085
1128
1111
1136
1085
1129
1144
1147
1094
1136
1120
1158
651
1113
1093
1080
1138
1053
1105
1148
1148
1093
1162
1121
1125
1091
1079
1101
1149
1155
1146
1105
1062
1104
1045
1123
1159
1114
573
1139
1084
1119
1164
1138
1054
1117
1138
1087
1094
642
1184
703
1128
674
1074
1160
1169
1098
1118
1120
1117
1058
1103
1156
1076
1129
660
1095
1127
1135
1113
1139
1082
1180
1140
1151
1134
1107
1129
1137
1095
1094
1128
1104
1060
1105
1137
1117
622
1159
1110
1051
1177
1208
657
1124
1101
1181
1163
1075
1089
1075
1126
1130
1131
1138
1128
1135
1053
1109
1148
1086
1087
1058
1122
1161
1119
1121
1123
666
1113
1155
1084
1085
1051
1100
1144
1083
1074
1137
1082
1122
677
1221
1158
1091
1055
1073
1149
1153
1100
1063
1096
1112
1161
1167
1102
1102
1114
1087
1153
665
1109
1024
1080
1103
1148
1127
1160
1083
640
668
1096
1142
1160
1105
1105
1171
614
1089
1085
1163
1180
1116
613
628
564
1147
1139
1145
1162
1157
1082
1062
1150
1155
1080
1139
1131
1180
1105
1109
1070
1129
1175
1054
1125
1061
1117
595
1086
1087
1110
1151
1081
1104
1187
1119
1137
1141
1131
1082
1136
1177
657
1139
1136
1070
1145
1186
1160
1117
1121
1178
1124
1150
1082
1092
1183
1158
1133
1095
1075
1197
1075
1055
1128
1104
646
1145
1144
1189
1110
1120
1119
1154
1145
1068
1068
1119
1135
1128
1149
1071
1101
1147
568
1106
1099
1047
1127
1172
1056
1129
1104
1137
1111
1139
1157
1078
1074
1162
1101
611
1150
1074
1121
1097
1119
1131
1065
89
1149
1134
1141
1151
1133
1083
1123
1095
1098
585
1139
659
1140
1140
578
1161
1148
1107
1100
1074
1097
1112
1130
1103
1101
1122
1085
1068
1108
1066
1115
620
1109
1137
1103
1126
1135
1083
1024
1125
1103
1124
1132
1147
1137
1111
1079
1115
1164
1184
1162
1111
1165
1107
1087
1157
1197
1101
1138
1162
1159
1099
1116
1106
1109
1096
1138
1103
1157
1090
1077
1120
1129
1093
1082
1116
1100
1119
1164
1121
1110
1129
1185
616
1049
1114
1141
1126
1145
567
1126
1091
633
1151
1103
1135
1106
1141
1190
1160
1156
1088
1139
1098
1069
1135
1088
1102
1148
1089
678
1109
1063
645
1102
1141
1135
1097
1140
1089
1110
1081
1092
565
1109
1125
1170
1090
1034
1107
1152
1139
1091
1155
1146
662
1074
1129
1126
1127
1150
1117
1089
1143
620
632
1081
1109
1119
1139
1118
1120
1164
1143
1053
1136
1090
1119
1093
1114
1204
1134
1092
1149
1105
1112
1174
631
1113
1133
1152
1137
1167
1157
1103
1169
1064
1074
1109
1114
612
1073
1124
1196
1117
1098
1157
1140
1108
1102
1099
1081
1143
1134
1139
1170
1152
1113
1148
1141
1094
657
1144
1154
1177
1085
1088
1127
1133
1127
1038
1111
1105
1125
1125
1128
1075
1099
1127
1101
1052
1077
1123
1146
1133
1131
1105
1098
1138
1133
1075
1140
1124
1083
1079
1101
1084
1047
1078
1154
1137
1104
1076
1138
1134
581
1137
1122
653
1139
1062
1099
1088
632
1122
1124
1104
1163
1158
1075
1108
1130
1128
1069
1077
1160
1098
661
1139
1069
1144
1147
1086
1073
1089
1164
1177
1145
1117
1115
1129
1112
1152
1097
1085
1072
1139
1153
1075
1127
1174
1116
1127
1120
1149
1104
1151
591
1140
1111
1125
1069
1144
1181
1108
1123
1121
1081
1092
1153
1120
1068
1076
1157
653
1105
1142
1044
1096
1114
1121
1066
1085
1088
1086
1164
1091
1104
1112
1073
1105
1115
1136
1111
1116
1105
1113
1130
1180
1141
1123
1125
1114
1146
1128
1137
1143
1107
1140
1143
1153
1054
1168
1132
1105
1133
1107
1170
1135
1076
1148
1117
1125
1151
1146
1139
1147
584
640
1096
1102
1075
1089
1138
585
1135
1091
1066
1156
1165
1138
1108
1170
1115
665
1107
1129
1154
1207
1146
1151
1159
1149
1133
1085
1097
1190
1109
1074
1124
1073
1125
1133
1157
1136
1133
1060
1065
1104
1127
1082
1127
1106
1153
1106
1169
1092
1101
1118
1080
621
1170
1152
1158
1106
1161
1114
1136
1140
1134
1074
1096
630
1155
1133
1197
1119
1099
1111
1074
1101
1162
627
1080
1132
1055
1046
1172
1128
1151
667
669
1148
1160
1076
1165
1102
1096
1134
609
1110
1084
1107
1114
1042
1102
1189
1126
1044
1111
1158
1172
1066
1117
1067
1088
1132
1139
1140
639
1194
1113
1088
1101
1119
1068
1109
1195
1090
1097
1165
1069
1088
1078
1095
1120
1105
1125
1071
1021
1156
1140
1112
1118
648
1092
0
1111
1114
1163
1138
1146
1100
1122
1151
1100
1161
1143
1123
1106
1103
1109
1083
1177
1087
1070
1073
1073
1105
1156
663
1149
1170
1113
1100
1152
1142
1099
1066
1128
1124
1121
1092
1107
1096
1157
1125
1108
1150
1084
1120
1125
1121
1068
1111
1104
1116
1121
1072
1079
1109
1121
694
1100
1074
604
1086
1064
1176
1097
587
1127
1110
1159
1091
1208
1165
1119
1116
1114
659
1146
1116
1125
1134
1118
1151
610
1157
1137
1095
1159
1143
564
1146
1128
1124
1112
1148
1160
1113
1135
1126
1117
1063
1108
1152
1080
1094
1175
1124
1086
1149
1136
1183
1091
1116
1164
629
645
1108
1101
1167
1120
1134
1110
1110
1103
1130
1137
1138
1113
1093
1116
1146
1129
1118
1158
552
666
1144
1072
1168
1070
1124
1114
1132
1147
1146
1128
1184
1073
1112
1138
1119
1114
1144
1203
1133
1096
1112
1113
1146
1167
1131
1150
1124
1137
1124
1140
1120
1152
1132
1121
1161
1163
1121
1106
1110
1194
1166
1120
1136
1030
1189
639
1168
1099
1121
628
1175
1093
1135
609
1156
1074
1111
1066
1136
1158
1091
1145
1129
1114
1143
654
1130
1120
1161
1107
1031
1101
651
1116
1099
1082
1129
1115
1111
1146
1157
1118
1043
652
1156
1127
1112
1137
1117
1088
1077
1104
1143
1193
1117
1105
1140
1180
1124
1165
1149
1157
1126
1072
709
1153
1175
1113
1114
1225
1179
1117
1107
1099
1157
1169
1126
661
146
1119
1159
1065
1096
1126
1083
639
1145
1100
1237
1108
1120
685
1054
1137
1190
1125
1096
1159
1148
1129
1134
1084
1120
1141
1091
1080
1085
1141
1120
1182
1120
1205
1142
1121
1106
1169
1140
1122
1171
1082
1122
1112
1140
1121
1142
1100
1083
694
1153
1151
1177
1126
1153
1104
1141
1109
1161
1147
1117
1147
1141
1197
1146
1190
1070
606
1099
1088
1099
1137
1114
1177
1105
1151
1101
677
1088
651
1159
1127
1130
1115
1105
1124
1131
1136
1128
1106
1112
642
1121
662
1128
1108
1100
650
1121
1090
1116
1086
626
1129
1108
1173
1189
1112
1155
636
1139
1090
1141
1056
1127
636
1166
1147
1144
1141
1087
1175
123
1071
1104
1094
1204
1156
1128
1066
1107
568
1060
1136
1108
1139
1132
1099
1130
1140
1129
1097
1121
1113
1103
1141
1140
1056
1129
1142
1128
1098
1108
1187
1164
1137
1121
1148
1188
1117
1120
1127
1136
1109
1130
1161
1079
1218
1115
1046
1172
1099
1119
1149
1147
1166
1162
1083
1086
1120
1116
1090
1130
1126
1131
1121
1086
1133
1172
1148
1127
1155
1109
1140
1159
1113
1078
1133
1137
1111
1109
1141
1055
1088
1154
1089
1095
1141
1160
1131
1133
1129
1101
691
1098
593
1118
624
1071
1160
1134
1086
1117
662
1092
1112
1117
1103
1130
1117
1171
1134
1094
1090
1108
1164
1133
1098
1085
1152
1101
1122
1201
1180
1125
1146
647
1092
1037
1062
1100
1143
1142
1061
1112
1167
1097
1159
1090
1145
1071
1198
662
1100
1151
1117
1096
1082
676
1166
1121
1162
1143
1198
1101
1140
1129
1154
1120
1113
1098
1108
1166
1153
1142
1062
1107
1174
1119
1162
1116
1152
1111
1101
1137
1166
1102
1097
1110
1040
1142
1120
1146
1149
1144
1131
1127
1145
1042
1118
1101
1131
1132
633
1101
1147
1153
1107
1165
1155
1128
1148
653
1091
1081
1102
1183
1089
1096
1112
1091
1116
1133
1116
1148
1140
1088
1130
1071
656
1104
1101
1138
1069
1137
1126
1085
1107
1077
1089
1158
1085
1123
1124
1167
1111
665
1174
1142
1106
1139
1119
1109
1157
1167
1109
1141
1156
572
1114
1087
595
1195
1099
1088
1153
639
1135
1094
1073
1151
1128
675
1104
1185
1111
1139
1084
1137
1065
1178
1173
1107
1139
1075
1086
633
1106
1082
1147
1158
1105
1104
1091
1132
1103
1075
1130
1096
1128
1090
1145
1068
1115
1128
1156
1153
1113
1160
1134
1104
1152
1159
1086
1126
1141
1121
1130
1062
1110
1167
1156
1093
1085
1124
1120
1090
1150
1120
1103
1195
1198
1170
1108
1084
1119
0
1114
1152
1119
1140
607
90
1169
1155
1195
1099
1113
1067
1183
1125
1123
1127
1148
1164
636
1155
1107
1172
602
1126
1070
666
1085
1125
1098
1099
1106
1132
1114
1099
1075
1126
1168
1055
600
1152
1123
1126
1147
1123
1147
1134
581
1139
1122
1025
1177
1093
1085
1139
1082
572
1085
1068
1129
1191
1116
1149
1103
1115
1111
1117
1131
1138
1163
1074
1147
1086
1160
1130
1134
1094
1115
657
1130
1144
1070
1196
1095
1119
1141
1124
1131
1158
1164
1173
1178
1149
579
1163
1132
1166
1021
604
1164
1126
1130
1111
1125
653
586
1091
1076
1148
1067
1171
1092
1144
1106
1125
1138
1160
1134
1082
1100
1151
1150
1069
1093
1083
1144
1136
1111
1136
1120
1093
1099
1113
1158
1135
1060
1108
1051
1113
1210
1169
1111
1202
1140
1110
591
1146
1145
1063
1169
1117
1109
1106
1146
1114
1181
1110
1147
1129
1091
1211
1100
1099
606
1118
1172
1043
1128
646
1118
1168
1149
1052
1167
1107
1103
1122
1070
1144
1128
1087
1149
1097
1132
1135
1170
1157
1055
1117
1167
1119
1090
1101
1107
1107
1117
1092
1210
1116
1095
1100
1089
645
1087
1119
1116
1108
