2037
2008
0
0
2127
2021
2078
2104
2045
2041
2174
2023
2105
2035
2040
2051
2090
2075
2078
2044
2053
2094
2072
0
2077
1611
0
265
2109
2153
2019
2123
0
0
0
2042
2049
0
2106
2113
2113
2056
2165
0
2075
0
2207
2029
2066
0
2054
2124
1686
2055
2034
2091
2092
2067
2059
2073
2084
2082
2093
1984
2134
0
2079
2108
2103
2105
2061
2047
2027
0
2093
2067
2081
0
2161
411
2111
0
2013
0
2073
2058
2155
2068
2142
2068
2119
0
2128
2032
2094
2082
2087
2178
2081
2108
2065
2050
0
2074
2102
2100
0
2044
2024
2175
0
2096
1987
2066
2138
2015
2130
2019
1633
2088
2144
0
0
2108
0
1995
2056
2072
0
2132
2078
2122
2039
2202
0
2045
2037
2061
0
2049
0
0
2058
2096
2065
0
2108
2099
0
365
2116
0
0
2055
2112
2066
1544
2108
0
2046
2102
0
2063
2078
2127
2133
2032
0
2084
2136
1950
2067
285
0
2121
2087
2104
0
2061
2092
2052
2078
2083
2060
0
2100
2117
2135
0
2049
2065
1994
0
2068
2071
2077
0
0
1635
2101
2062
0
2137
2040
2067
2047
0
2108
2078
0
2061
2022
1986
2161
2209
2161
2137
2034
2090
2105
0
2063
2118
2022
2063
2106
2136
1968
0
256
2144
2081
2071
2106
2083
2061
2053
0
2058
2145
2113
2084
2135
2090
0
2098
2096
2086
2091
2053
0
2014
2063
2078
2013
0
2054
427
2195
627
2132
2061
2015
2059
2044
0
2066
2153
2132
2034
0
2103
2051
2112
2054
2016
2108
2051
0
2028
2079
2107
2145
0
2043
0
2147
2100
2014
2123
1462
2058
2133
2185
2049
2040
2019
0
2074
2089
2071
2067
2101
2172
2116
2123
2087
2076
0
2109
2129
2067
0
2062
2122
2071
0
2112
2017
2057
2051
2015
0
2017
2040
2088
2031
2014
2128
2059
2012
2094
2119
0
0
2151
0
2058
2052
2166
0
2097
0
0
2128
2054
1562
2166
2067
2025
2097
2128
0
2083
2137
2077
2103
2084
2095
2026
2094
0
0
0
2065
2076
2210
2051
2121
2059
1998
2072
2091
2079
2127
2078
2122
0
2102
2097
2061
2118
2123
2069
2126
0
2072
0
2137
2097
2063
2155
72
2114
2015
2049
2064
2083
2081
2134
1989
2064
2027
2075
2073
2032
0
1989
2090
0
0
2120
2062
2143
2122
2072
0
0
2049
2035
2103
2119
2012
2122
2088
2162
2033
2081
2051
0
2034
2137
0
2133
2114
0
2191
0
2051
2084
0
2042
2054
2086
460
2037
2097
2107
0
2050
2072
2049
2103
0
2082
2044
2125
0
2062
2064
2019
2029
2083
0
2046
2111
2025
2045
2135
2100
0
2047
2081
2083
2066
2136
2053
1988
2081
2154
2033
0
2137
2028
2040
2046
0
2062
2116
2073
0
2083
2130
2174
1982
2031
2087
2078
2025
2137
2192
2041
0
2103
0
2119
2059
2036
0
0
0
0
2089
193
1629
1984
2027
2106
2036
0
0
2077
2041
0
2105
0
2092
2049
2055
2175
2100
2135
2132
2136
2056
0
2045
0
2081
2092
0
2068
2055
2148
2113
2116
2086
2153
2007
2061
2028
2121
2101
2045
0
2042
2069
0
0
0
344
0
2053
2038
2092
2073
2164
2075
2041
2095
2064
2109
2100
2097
2032
60
2148
2087
2071
0
0
0
1625
2131
2118
2051
2029
2072
2090
2065
2055
0
2056
2120
0
2082
2158
2083
0
2032
2075
2070
1668
1996
84
2057
2104
0
2020
2003
2041
2148
2036
2028
0
2097
2085
2116
2112
2055
2032
2105
2075
2052
0
2043
2077
0
2070
2057
2148
2093
2052
2117
0
0
1989
2046
2050
283
1794
2095
2015
312
0
32
2015
2033
2087
2061
2016
2076
2138
2117
2061
2158
0
0
2113
0
2056
2013
0
2042
2028
0
2105
2046
2095
2128
2132
2082
2072
2080
1991
2048
2185
0
2061
0
2100
0
2091
2139
0
0
2052
2083
2111
0
2092
2087
2192
0
2028
2059
398
0
0
0
2015
0
2124
1999
2097
2142
0
2161
0
2152
0
2021
2100
2115
2051
2105
2102
2061
2094
2127
429
0
2087
2060
0
1507
0
2067
0
1968
0
0
2153
2068
2156
2133
0
2079
2048
2089
1623
0
2120
2111
2015
2038
2023
0
2123
2045
2092
2055
1651
0
2096
2072
2063
2032
2087
2152
2103
2089
2071
2029
2059
2109
2067
2029
2054
1632
0
2091
0
2096
2098
2068
2082
2070
0
1987
2017
2049
2120
1556
2008
2150
2033
2037
2058
2064
2071
2054
2020
2086
2081
0
2114
2041
0
2110
2036
2069
2048
2094
2167
2067
0
0
0
2049
0
1648
1987
2030
2061
0
2041
0
2006
2117
2089
2023
2051
2145
1575
2092
2012
2085
2110
0
2113
2083
2078
0
2013
2109
2085
2069
2068
2152
2122
2050
2004
2114
2092
2172
2080
0
2067
0
0
2075
2088
2131
2047
2034
2074
2018
2075
107
2096
0
57
0
2086
2073
2129
0
2132
2093
2132
2008
0
419
2096
2134
117
2100
0
2107
2166
2034
0
2133
0
2128
2127
0
2172
2058
0
2098
2047
2087
2147
0
2124
0
0
2158
2153
2090
2050
2236
2042
2062
0
2011
2104
2029
2024
2073
2033
0
1979
2102
2061
2113
2054
2141
2135
2075
2106
2101
2022
2041
2187
2036
2010
2062
2123
2145
0
0
2011
2031
0
2097
0
2121
0
0
2077
2091
2036
0
178
2076
0
2008
2158
2107
2051
2088
2026
2084
2088
2102
2023
2049
2099
2071
2007
2040
2215
2101
0
2128
2188
2021
2144
2142
2105
2044
2042
2038
75
0
2039
2100
0
2080
2016
2110
2136
0
1996
2195
0
2023
2073
2086
2022
2037
2136
1979
2075
0
2050
2049
2121
74
2120
1968
2087
2098
2098
2015
2104
0
2046
2075
2121
2158
1991
2081
2031
2067
2165
2201
2089
2059
2069
2147
2087
2053
0
2097
2131
0
2113
2140
0
2056
2029
2009
0
2102
2050
1623
0
2127
1603
2154
2064
2024
2097
1965
2075
1993
2065
2061
2044
2068
2088
0
2072
2088
2011
2087
2014
2041
2097
2094
2037
2126
2142
0
1939
2082
0
0
2103
0
2009
0
2153
2079
2072
345
2150
2162
2191
0
2206
2094
2045
2081
2071
2001
2034
2167
0
2157
2046
2095
2069
0
2091
2099
0
2018
0
2090
1958
0
2149
2084
2100
2011
0
0
0
2090
2032
2164
2069
0
2056
2057
2149
2100
2090
2075
2178
2112
2082
2025
2022
2109
2051
1993
1972
0
2090
2089
2173
2158
2057
0
2052
2109
2033
2086
2004
2122
0
2097
1996
2073
2070
2175
2032
2092
2048
2090
2064
2126
2015
2038
0
0
0
2020
0
0
0
2096
2106
2063
2111
2032
2056
2020
2041
2079
0
2056
2112
2020
2081
2020
2087
0
2063
2040
0
2084
1587
2068
2082
2132
2118
2093
0
2077
2133
0
2125
2076
2142
1600
0
2080
2085
0
2073
2039
0
2062
2076
2071
312
0
2068
2080
2139
2129
2095
0
0
1993
2084
2128
2076
2005
2084
2129
2004
2133
1985
0
2076
2078
2050
2070
0
2084
2098
2058
2120
2102
2094
2051
0
0
2033
0
2002
2072
2099
0
0
2004
0
2004
2082
0
2014
2089
2058
2082
2166
2090
2056
0
0
2112
0
2099
2061
2077
0
2071
2072
2085
0
0
2076
0
2113
0
2049
2004
2069
2077
2100
0
2112
0
2152
1552
2100
2003
2036
2031
2095
2041
0
2073
2036
0
2123
2077
2149
0
1998
0
0
2083
2052
1659
2062
2094
2074
0
2070
2027
2147
2077
2092
2068
1684
2098
207
2118
2149
0
2125
2061
1568
2027
2021
1942
0
2044
1983
0
0
2072
0
2093
2015
0
2087
0
2107
2038
2149
2001
2094
2115
2064
0
2087
2127
2030
2049
2091
2061
1998
2135
2066
2107
1620
1997
2041
1953
2032
2089
2071
2055
2111
2118
2100
1995
0
1971
2052
0
0
2126
2084
2123
34
0
2073
2093
0
2089
2030
0
238
2168
2106
0
2139
2093
0
2030
2105
2031
0
2065
2050
2053
2070
2035
236
2078
2102
2078
0
2144
2095
2084
2133
2109
2095
2122
2136
2064
2068
2047
2069
2128
2128
2024
2079
2084
2006
2033
0
2097
2117
2041
2119
2062
2058
2073
2151
2089
2076
2067
2134
1647
0
0
2121
2056
2174
2045
2067
2112
2135
2093
2058
2140
0
2087
2138
0
2132
2046
2116
2065
2017
0
2035
0
2036
2064
2101
2027
2069
2026
0
2095
2105
2100
0
0
0
2066
2116
2062
255
2096
33
2019
2111
2052
2116
2093
1998
2070
0
2095
2091
2026
2146
2091
0
2047
2002
1997
2053
2146
93
2015
0
0
2153
2067
2102
2169
2176
2073
2080
0
0
2015
0
1977
2024
2163
2082
2118
2147
2031
0
2065
2088
2066
2153
2025
2083
0
2030
0
2013
2060
2055
2076
2076
2072
2118
2097
2170
2124
2077
2174
2052
2018
2011
2140
2158
2135
2079
0
2086
2111
0
0
1979
2102
455
2107
0
42
2134
2138
2036
0
2042
2039
2046
2028
2090
2140
2073
2074
2128
0
2111
0
0
2091
0
0
2034
2072
2123
2028
2033
2162
2045
2089
2030
2108
2095
0
2084
2086
2045
2099
2121
0
1990
2023
2099
0
1641
0
2038
2045
2104
2084
2024
2115
2071
2063
2037
2061
2029
2138
0
2032
0
2137
2088
2101
0
2080
0
2099
2071
2020
2164
2056
2133
0
0
2031
2035
2068
2063
0
2122
2106
0
0
395
0
2095
2039
2112
2059
2126
2104
2096
2102
2111
2067
2047
0
249
0
0
2100
2077
2104
2044
2054
2047
2102
0
0
2199
2137
2120
1982
2160
2054
2059
0
0
2125
2040
2012
0
0
2198
2061
2037
2107
2028
2122
2011
2081
2211
2057
0
2112
2065
2096
2099
2075
0
2080
2070
2105
0
2159
0
2100
0
1974
2056
0
1723
2072
519
0
2141
2052
2139
2073
2097
0
2057
2061
2117
2057
2109
2058
2096
2111
2100
2030
2193
2039
2091
2143
2083
0
2059
2114
2052
2074
2029
2096
2135
2072
1989
2092
2094
2061
2042
2038
0
2041
0
2031
2094
2050
2000
0
412
2033
2021
2122
2128
2113
1618
1600
2099
2020
2020
2083
1633
2073
2041
2178
2136
2131
2006
2128
2008
0
2147
2016
0
2157
2073
2037
2128
2047
2130
2094
2032
2090
2027
0
2043
1991
0
0
2054
2079
2083
2038
2103
2051
2032
2087
2085
2095
2011
2010
2038
2053
2070
0
2108
2040
2118
2112
0
2082
2065
2148
0
2018
2112
2050
1616
2182
2042
2052
0
2108
2128
0
1646
2086
0
2084
2010
2075
58
2101
0
2083
2037
2090
2024
2112
2029
2118
2120
2117
0
0
2062
2070
18
2069
2071
2127
1622
2084
2071
2064
2117
2131
2181
0
2094
2084
0
2086
2003
0
0
0
0
2053
2087
2062
2101
0
2070
2042
2084
2151
2118
0
2148
2077
2034
2019
2129
0
0
2095
2117
2133
1948
2037
0
0
2096
2081
2117
2119
2143
0
2078
1493
2163
1649
2090
0
2100
2136
0
1962
1638
2039
2097
2076
2082
2015
0
2137
2134
2107
2133
2083
2131
2077
2120
1702
0
1985
2005
2163
2000
1584
0
2067
2118
2047
2056
2078
2097
2127
0
0
2036
0
2007
2019
0
2061
2038
1988
2044
2099
2080
2106
1976
2086
2127
2025
2068
2026
2148
2114
2053
2128
0
1668
1471
2093
0
0
2097
1982
2090
2106
0
2080
2178
2116
2025
2074
2117
2027
2077
1988
2038
2098
2108
0
2130
2119
1515
2103
0
2071
2038
2097
2068
2070
2013
2170
1996
2046
2071
2073
2052
2121
2116
2101
2195
2080
0
2096
0
2154
2147
2155
2149
2032
2057
0
0
0
2154
2057
2092
0
1585
2032
2044
0
2083
2054
0
2112
2105
2210
2052
2053
2037
2150
2036
2075
2076
2007
2145
2012
2163
2100
2053
2001
2026
2070
2096
0
0
1995
0
2079
2093
2192
0
2067
2088
2073
2152
2074
2120
2100
2092
2158
2051
2016
2129
2044
0
0
1934
2131
1957
2119
2044
2067
2036
2081
2110
1629
2040
2097
2180
2113
0
2061
0
2079
2045
2053
0
0
2093
2048
2130
0
2030
2021
2129
2099
0
0
2094
2126
2029
0
0
2003
2094
2087
2020
2103
2022
0
2015
2090
2114
2140
2126
64
2098
2046
2051
2074
0
2077
0
2135
2139
2114
2083
2118
2097
2102
2082
0
2128
2054
2189
2021
0
2074
2102
0
2122
0
2093
2069
2083
957
2103
2197
2067
2027
2022
2140
2040
2074
2000
2111
2137
2031
1550
2032
0
2107
2053
2097
2145
2118
0
2029
2077
2023
2026
2100
2063
0
2051
2051
2042
2065
2130
0
273
2106
2128
2135
