1965
1969
1950
1859
0
1862
1877
1911
0
1914
0
1839
0
1985
1871
1789
1877
1878
0
0
2014
1956
1868
1933
0
1848
1909
1919
1417
1840
1868
1925
1977
1879
1868
1815
1882
0
0
1846
1852
1839
1978
1959
1871
1949
1356
1884
0
1932
0
1873
1422
1890
1903
0
1905
0
1874
0
1830
1959
1993
1835
1410
1881
1505
1895
1884
1881
0
0
1896
1973
1875
0
1917
1835
1973
1803
0
1906
0
1908
1946
1928
0
1950
2011
1934
1863
1866
1847
1896
1885
0
1907
1832
1809
1818
1851
1927
1909
1908
1889
1924
1857
1898
0
1844
0
1953
1950
1946
1828
1884
0
1932
1423
1883
1918
1950
0
1874
1886
218
1872
1891
1888
1848
1888
1392
1893
1885
1881
1894
1971
0
1859
1926
1963
1974
1857
1930
1903
1884
1942
1830
1928
1884
1914
2015
1904
1890
1896
1875
1862
1914
1916
1876
1877
1958
1918
1966
1879
1938
1886
1873
2000
1974
1901
1410
1910
1956
1923
1966
1875
0
1873
1418
1920
1914
1856
1932
1890
1864
1827
1916
1875
1921
1920
1865
1928
1924
1869
1880
1934
1387
1902
1881
1945
1973
1871
0
444
271
1960
1414
0
1921
1938
1947
1921
0
1925
1911
1926
1848
0
1941
1874
1957
1931
1820
0
1906
1889
1949
1869
1855
1813
1876
1917
1926
1939
1887
1889
1919
1938
1851
1925
1831
1856
0
1897
1887
1928
1856
1878
1912
1908
1927
1915
1862
0
1927
1928
1480
0
1835
1811
1867
1871
1867
1924
1885
1917
1865
1847
1865
1848
1936
1872
0
1877
1884
1823
1893
1888
1943
1872
1856
1870
1852
1927
1913
1983
1866
1962
0
1959
0
1873
1968
1915
1908
1932
1929
1927
1886
1863
33
1936
1824
1906
1357
1855
0
1867
1891
1397
1874
1575
1778
1795
2000
1917
1845
1847
1980
1876
1893
1991
1836
1965
1914
88
1943
0
1967
0
1395
1945
1869
1855
1936
1971
1918
0
1932
1871
1868
0
0
1889
1836
1881
1955
1937
0
1830
1943
1869
1896
0
1881
1819
1820
1947
1926
1959
1854
1886
1945
1829
1948
1874
1810
0
1870
1831
1924
1968
1875
0
1936
1888
1886
1886
0
1880
1918
1460
1953
0
1867
1927
0
1924
1876
1890
1917
1932
1905
1869
1974
1959
1881
1968
1938
1927
1928
1891
1897
0
1936
1948
1892
1978
1836
1854
0
1885
1909
1898
1919
1902
1903
1883
1910
1820
1942
1947
1951
1905
1944
1961
1818
1915
1865
1907
1924
26
1874
0
1978
1947
1917
1908
1872
1950
1872
1876
1909
1848
1930
1882
0
1873
1947
1942
1949
1931
1998
1889
1437
1928
1914
1886
0
1880
1925
2015
1896
1878
1855
1996
1866
1900
1908
0
1936
1808
1883
1918
1828
1953
1920
1826
1879
1897
1969
1925
1856
1899
1919
1879
1997
1931
1863
1917
1939
1888
1853
1805
1898
1911
1861
1886
1474
1912
1901
1899
1954
1917
1947
0
1967
354
1938
1934
1899
0
1919
1866
1894
1873
1908
1909
1909
0
0
1904
1845
0
1911
1951
1936
0
1866
1948
1929
1936
1909
1837
1849
1850
1933
1877
1472
1930
1911
1888
0
1808
1905
1975
1381
1878
1843
1904
1893
1937
1986
1873
2018
1987
1875
1901
1902
1940
1843
1883
1949
0
1867
1922
1850
1878
1878
1917
1953
1840
0
0
1938
1826
1914
1846
166
454
1855
1931
1929
1941
0
1868
1912
1840
1894
1821
0
1948
1868
0
1855
1902
1912
1948
1929
1852
1898
1888
1815
1875
1907
1871
1929
1923
1869
2027
1891
1879
96
1909
0
1887
1952
1860
1960
0
1856
1835
1931
1947
1889
1894
1888
1889
1883
1875
1996
1840
1882
1883
1904
1919
1919
1891
1866
2039
1971
1869
0
1848
1976
1913
1857
1960
1887
1920
1838
0
1944
1926
1934
1878
1963
1445
1914
132
1875
1864
1946
1882
1903
1972
1922
1940
1895
1922
1876
1962
1954
0
1942
1922
1886
0
1939
1936
1976
1902
1819
0
1884
1797
1898
1907
1866
1973
1945
1893
0
1844
1935
1896
1942
1930
1962
1939
1965
0
1943
1956
1878
1934
1866
1917
1882
330
0
1869
1896
1896
1867
1899
1889
1906
1914
0
1926
1831
1930
1896
1880
1939
1922
0
1910
1904
0
1816
1881
1954
1880
1912
1942
1831
1898
1931
1952
1915
1875
1948
1868
1877
0
1896
1883
1858
1888
0
1883
0
1847
1842
1919
1837
1875
1911
1908
1911
1919
1855
1990
1987
0
0
1938
0
1896
1931
1833
1960
1904
0
1332
1836
1816
0
1883
1874
1879
1899
1856
1902
0
1885
1914
1901
1852
1937
1824
1891
1962
1911
0
1937
0
1933
1933
0
0
1916
1892
1899
1854
1892
1952
0
1913
1866
1906
1466
1903
1879
0
1931
1903
1946
1996
0
1907
1975
1867
0
1840
1899
0
1885
1898
1838
1967
1866
1930
1967
1841
1958
1906
1858
1927
1846
1884
0
1917
1909
1865
1932
1819
1869
91
0
1827
1928
1903
1935
1964
1931
1880
1879
1868
1967
1945
0
1926
1890
1905
1859
1952
1856
0
1895
1897
1954
1888
1950
1872
1957
1881
1928
1919
1894
1942
1910
0
1901
1884
1945
1389
1893
1940
1885
1934
1949
1881
1858
270
0
0
1891
1415
1904
1945
1827
0
1969
1859
0
1898
1869
1869
1896
0
1876
1929
1890
1876
1861
2018
1862
1399
1874
1971
1897
1979
1865
1913
1964
1883
1862
1982
1981
1409
91
1839
1952
1949
1903
1906
1952
1888
0
0
1864
1902
1904
1861
2008
1999
1947
1933
1885
1886
0
1880
0
1958
0
1912
1886
1914
1908
0
1911
1911
0
1837
1909
1854
1873
1916
1922
1370
1892
1910
1927
1870
1887
1891
1902
1356
1920
1909
0
1891
1934
1922
1974
0
1952
1880
1965
1890
1987
1885
1911
1973
1948
0
1927
1964
1864
1855
1881
1983
1966
0
1961
1929
1917
1882
1957
0
1950
1870
1914
1952
1908
1869
1959
1817
1887
1942
291
1940
1846
1925
1912
1998
1813
1895
1915
1911
39
1916
1910
1902
1927
1899
1893
1924
1928
1961
1932
1925
1905
1921
1857
2018
1891
1916
1927
1841
1898
1804
1949
1994
1908
1927
1861
1954
1962
1839
1852
1861
195
0
1888
1871
1834
1884
1845
1957
0
1911
1975
1837
1896
1909
1821
1945
1917
1922
1883
1835
1898
1931
1911
1842
0
1944
1387
1857
1977
0
1939
1906
1913
1921
1922
1989
1931
1888
1900
1981
1918
1914
1887
1885
1884
1888
1952
1962
1901
1912
321
1867
1918
1907
1930
1920
1884
1867
1949
1919
1907
1885
2007
1919
1924
1913
1897
1867
1837
1902
1869
1862
1937
1988
1957
1874
1961
1914
1818
1917
1924
1969
0
1858
2009
1879
1835
1907
0
1946
0
1909
0
1822
1889
1860
1940
1908
0
0
1841
1832
1898
1884
1852
1777
1912
1819
1867
2032
1895
1903
1913
0
1897
1837
1870
1937
1877
1884
1871
0
1861
1854
1863
1953
1944
1896
1889
1891
1906
1942
1890
0
1917
1914
0
1900
0
1956
1912
1896
1926
2000
1871
1961
1900
1934
1918
0
1858
1866
1925
1890
1915
1856
1955
0
1899
1928
1931
1988
110
1904
1831
1916
1963
1931
323
1853
1923
1865
1948
1861
1896
1901
1978
1900
0
1883
1899
1971
1987
1909
1866
1922
1849
1949
1929
1870
1906
0
1892
1897
1358
1889
1934
1965
1909
1861
1440
1932
1899
1926
1759
1865
1904
1867
1942
15
1946
1948
1911
1860
1945
1856
1465
1893
1850
1901
1909
1874
1901
1890
1868
1933
1852
1986
1917
1933
1991
1937
1916
1901
1893
1863
1892
1900
1877
1943
1936
1869
1944
1864
1937
1916
1846
1948
1897
1891
1960
1918
1851
1861
1905
1832
1900
0
1933
1894
0
1878
1892
1852
1951
655
1958
1914
1846
1903
1889
1900
1948
2017
1868
2022
1936
0
208
1868
1880
1932
1922
1876
1948
1868
1856
1915
1920
1449
0
1865
1962
1888
1995
0
1862
1857
1886
1917
1899
1976
0
1883
1911
1955
1874
1910
0
1971
1930
0
1909
1926
1845
0
2017
1882
1969
1831
1957
1897
1959
1943
1867
1912
1833
1939
0
1866
2025
1931
1961
1857
1948
1934
1901
0
1920
1845
1883
1873
2006
1946
2032
1872
1871
1906
1972
1813
1939
0
1895
1966
1906
1849
1873
2018
1877
1901
0
1934
1925
1881
1890
0
1885
1918
0
1834
1899
1898
1908
1916
1904
0
1902
1879
1829
1831
1882
1868
0
1934
1959
1859
969
1907
1921
1885
1902
1865
0
1912
1942
1923
1886
1458
1926
1922
1870
0
1821
1940
1917
1914
0
1906
1947
1858
0
1960
1867
1886
1916
1934
1839
0
1962
1870
1886
1867
0
1896
1848
1950
1900
1875
1955
1879
1917
1903
1893
1830
0
1930
1887
1855
1933
1971
371
1940
0
0
1887
1884
1995
1883
0
1876
0
1904
1989
1910
1975
1956
1901
0
0
1931
1862
1953
1994
1425
1984
1917
1899
1904
1873
1350
1912
1950
1870
1850
0
26
1929
1902
1943
1903
0
1931
1909
1940
2006
1890
1926
1969
1934
1933
1909
1954
1450
1915
1879
1965
1891
1887
1928
1966
0
1916
1950
0
1826
1918
1881
1910
1902
1907
1974
1916
1854
1858
1898
1934
1847
1408
1906
1468
0
1962
1880
1851
1897
1885
1929
1931
1924
1971
1937
1889
1907
0
1911
1871
1875
1962
1845
1805
1859
0
1861
1886
1874
1907
1920
1888
1811
1885
0
1833
1858
1858
1979
1934
1809
1917
1889
1824
1997
1922
1903
1862
1904
1958
1934
1959
1947
1890
1897
1907
1443
1952
0
0
1912
1994
1959
1809
0
1808
1912
1847
1846
1918
0
1941
1916
1905
1896
1917
1874
1919
1878
1949
1887
1821
1868
1945
1904
0
1840
1830
1362
1905
1895
1870
1888
1994
1952
1967
1962
1912
1853
1921
1867
1864
1870
1400
0
1861
0
1868
1880
1947
1865
1948
1922
1967
1912
1889
0
1773
0
1860
1920
1891
1814
1910
1842
1923
1881
0
1910
1895
0
1922
1936
1814
1930
1863
1893
1916
1949
1935
0
1917
294
1902
1905
1952
1912
0
1866
1771
1880
1855
1930
1954
0
1921
0
1977
1856
0
1960
1873
1891
1935
0
0
1910
1904
1943
1872
1925
1864
0
1896
0
1876
1890
1898
1925
1864
1937
1934
0
1979
0
1904
1814
0
0
1883
1903
1921
2007
1422
0
1895
1836
1919
1852
0
1944
0
1914
1971
1870
1971
0
0
1945
1908
1889
1936
1901
1865
1886
1927
1876
0
1916
1945
1871
1858
1913
0
1945
1884
1339
1865
1836
1898
1928
1891
1436
1907
1979
1922
1879
1900
0
1921
1937
1986
1841
1816
1822
1960
27
1906
1957
1890
1890
1845
284
1838
0
1448
1912
1880
0
0
1834
1956
118
0
1905
0
1926
1861
1835
1895
1975
1869
1433
1896
1861
1905
0
1903
1465
1450
1877
1394
1863
1910
1953
1871
0
1922
1921
1867
0
1894
1969
1891
1941
1938
0
1930
1892
0
1917
1829
35
1987
1953
1939
1972
2007
1845
1937
1907
0
0
1945
1928
1907
1883
0
1964
1898
1490
0
1910
1932
1830
1886
1906
1903
1856
1900
1924
0
0
1860
1935
0
1888
1930
1949
1921
1921
1877
0
1895
1883
1894
1933
0
1882
1887
1984
1923
1919
1925
1878
1851
1887
0
1917
0
1954
1903
0
1872
1849
1899
1928
0
1938
1907
0
1935
0
1925
1843
1359
1875
1953
1842
0
1861
1944
1938
0
1933
1837
1852
1352
1870
1944
1934
1875
1895
1858
1889
1887
0
1895
1965
1936
1918
1896
1901
1848
1846
1972
1948
1823
1933
1919
1941
1939
0
1901
1969
1917
0
1930
1877
0
1923
2008
1864
0
0
1939
1893
1876
0
16
1874
520
1905
1815
1903
1896
1895
1900
1959
1877
1991
1858
1809
1921
1989
1938
1968
0
1862
1889
1955
0
1972
1901
1933
1971
0
1967
1894
1938
1966
1800
1789
1831
1929
1381
1917
2009
0
0
1980
1948
1961
1965
0
1916
1932
1953
1809
1896
1852
1871
1877
1930
1062
1796
1878
1910
1814
1896
1926
1947
1917
1808
1933
1955
1879
1880
1944
1927
1918
1881
1884
1959
1874
1837
1861
0
1954
1861
1451
1977
1885
1925
1953
1925
1845
0
1887
1929
1844
1895
1853
1795
1941
1916
1828
1912
1908
1904
1839
1879
1920
0
1894
1992
1906
1849
0
0
1934
1805
1908
1892
1911
1928
1968
1923
1991
0
1943
0
1896
1441
1905
1863
1887
1955
1953
0
2007
1953
0
1910
1926
1905
0
1358
206
1927
1870
0
1889
1880
1898
1822
0
1907
1854
1899
0
2011
1914
1896
1884
1895
1904
1872
1904
1901
1927
1933
1918
1871
1990
1853
1915
1945
1849
0
1983
1904
1868
1817
1944
2015
1845
172
1830
1993
1900
1359
1860
1882
1950
1957
1961
1878
0
1890
0
1954
1895
1921
1823
1978
1875
1909
1855
1923
1769
2001
0
1893
1847
1947
1869
1941
1869
1857
1978
0
1917
1947
0
1909
1427
1890
0
1909
0
1810
1884
1847
0
1909
1999
0
0
1977
1884
1947
1914
0
2006
0
1852
1904
1931
1927
1879
1920
1908
1940
1785
1864
1900
1914
2031
0
1949
1941
1927
1898
1825
1916
1931
0
1879
1876
1920
1852
1946
1910
1956
1778
1950
1864
1952
1928
1945
1917
1870
1943
1940
1830
1401
1937
1776
1888
1856
1917
1886
1903
1855
1924
1924
1858
1885
1909
1921
0
108
1867
0
1884
1870
1919
1951
1446
1892
1898
0
1852
1872
1848
1904
1905
1890
0
138
1866
1932
1911
1957
1916
1800
1843
1885
1943
1916
1886
1932
0
1832
1941
1951
1936
1414
1915
1470
1902
1926
1918
0
1929
1867
1878
1886
1870
1789
1911
1865
1961
0
1895
1822
1870
1892
1900
1892
1912
1981
1911
294
1953
0
1889
1881
11
1893
1946
0
1968
1864
1906
1859
1887
1888
1892
1901
1924
1847
1918
1899
1933
1943
1865
1897
1940
1853
0
1912
1873
1837
1846
1828
1941
0
1927
1947
1867
1848
1996
1963
1889
1852
1975
1409
1869
1869
1871
1871
1880
1776
1907
25
1910
1928
1858
1925
1919
1933
0
1959
1918
0
1915
1909
1471
1891
1912
0
0
0
1912
0
1939
1946
1283
1818
1895
1906
1842
0
1925
0
1840
1947
1868
1887
1933
1958
1852
1854
0
1828
583
1960
1841
1906
1865
1882
1897
1957
1815
1844
1963
1833
1850
1944
1877
1902
0
1949
1905
1943
0
1886
0
1857
1948
1949
1860
1936
1899
1946
0
1890
0
1945
1879
1921
1882
1942
1919
1880
1831
1938
1892
1988
1370
1836
1408
1898
1854
1940
1876
1851
1880
1936
1915
1997
1880
1859
1885
1927
0
1911
1876
1890
1596
0
1929
1880
1948
1928
1874
1920
1884
1907
1926
1887
1917
1494
0
0
124
0
1776
1891
1573
1914
1521
1880
0
1875
1909
1915
1922
1909
1928
1870
1862
1861
1798
1914
1848
1870
1999
1875
1901
0
1908
1956
0
1927
1909
1994
0
1850
1944
1894
1994
1883
1852
1917
1927
1342
1905
1909
1929
1878
1931
1941
1863
1930
1872
1847
1875
1589
1896
0
1928
1840
1838
1990
1962
1851
1913
2025
1879
1858
424
0
1894
1856
1886
1650
1886
0
1794
1895
1944
0
0
0
1868
1831
0
1940
1893
1822
1970
1937
1896
1941
1816
0
676
1922
1919
1911
1951
1914
1902
1891
1889
1907
1482
1898
1867
1880
1960
1430
1916
1939
1918
1895
1893
1464
1873
1920
1947
1875
0
1881
1928
1873
1976
1885
1871
1907
0
1876
1948
1851
195
1896
1828
1888
1883
0
1915
1978
1876
1931
0
1903
1875
1907
1461
1909
1905
1886
1876
1889
1870
1950
0
1871
1858
1813
1949
1905
1934
1968
1955
1906
1860
1991
1854
1923
1924
1880
1896
1890
1800
1956
1419
0
1839
1908
1914
1909
1918
1951
1907
1857
1947
1928
1928
1808
0
1930
347
1877
1891
1928
1866
1915
1878
1931
0
1895
1924
1941
1854
1376
1883
1895
1984
1907
1881
1899
2040
1847
1928
1917
1918
1922
1953
1857
1905
1858
1925
1983
1975
1929
1952
1931
1880
1882
0
1810
1910
1954
0
284
1915
1914
1933
1876
1879
1918
1987
1935
1884
1862
0
1341
1948
1944
1986
1889
1923
1895
1892
0
0
1979
1889
1912
1914
1925
1942
1927
1990
1927
1961
1938
1957
0
1862
1926
1861
1849
1816
0
350
1895
0
1897
1840
1859
306
0
1919
1944
0
1880
1923
1855
2015
1856
1885
0
0
1934
1872
1943
1406
1817
1885
1794
1897
1882
1929
1908
1965
1848
1917
1884
1855
1912
1921
1877
1912
1896
39
1883
1925
1886
1888
0
1896
1978
1967
1933
1920
1896
1914
1910
1943
1894
1940
1985
1893
1973
0
0
1822
1883
1942
1966
1857
1923
1883
1875
1925
1912
680
1918
1929
0
1878
1949
1445
1886
1962
1933
1964
1854
1902
0
1901
1859
1920
1873
0
1874
1867
1887
1864
1926
1960
1853
1908
1907
1975
1926
1548
1816
1919
1876
1864
1914
1843
199
1833
1400
1910
1843
1928
1864
1924
1899
0
1919
1988
1972
1918
0
1848
0
1901
1975
1947
0
1895
1879
1843
0
1861
1406
1944
1947
1857
1837
1896
1956
1871
1905
1857
1889
1881
1922
1959
1839
1419
1900
1859
0
1974
1870
1867
1888
1894
1856
1866
1913
1913
1895
1906
1911
1874
1921
1913
1908
1911
1929
1907
1886
1921
1894
1917
1969
1888
1972
1928
1912
1892
2006
1903
1907
1908
1883
1842
1868
1893
1804
0
1909
1943
1879
0
1906
1938
1977
1909
1907
1896
0
1974
1841
1873
1913
1916
1825
1953
1875
0
1339
1863
0
1918
1921
1929
1810
1946
0
1885
1876
0
0
1978
1908
1898
1877
1373
1880
1878
280
2002
1860
1972
1946
1430
1934
1829
0
1887
1850
1906
1922
1901
1762
0
0
1891
1892
1877
1842
1923
1916
1944
1936
1909
1957
1883
1454
1881
1860
1884
0
1862
1390
1928
1850
1408
1872
1942
1859
1926
1860
1929
2006
1959
1863
1870
1881
0
1862
1456
1834
1843
1861
1925
1905
1883
2011
1871
1937
0
1910
1971
1950
1912
1849
1878
1897
1890
1879
1845
1835
1865
1938
1826
1922
1886
1924
1914
1881
1937
0
1916
1864
1897
1879
1876
1866
1906
1854
0
1983
0
1309
1923
1852
1907
1936
0
1869
0
1855
1840
1852
1921
1851
2000
1896
351
1976
1880
1878
1896
1936
1939
1954
1960
1972
1872
1903
1935
1834
1931
1940
1916
1927
1863
1870
0
1923
1939
0
1441
0
1914
1911
1346
1901
1915
1911
1909
1937
1875
1908
1977
1897
1934
1924
0
1932
1860
1903
1908
0
1861
1828
1903
1930
1848
1944
1880
1893
1890
1944
1957
1789
1878
1988
1907
1886
1886
1945
1844
1891
1776
0
1679
0
1829
1846
1907
1937
0
0
1824
1885
1866
1929
1852
0
1894
0
1919
1921
1871
1972
1855
0
1864
1943
1826
1905
1412
1913
1938
0
0
1801
1844
1886
1866
1855
1848
1894
1925
1842
1502
1870
1905
1929
1443
1915
1940
1895
1917
1796
1961
1884
1922
0
1963
1872
1873
1942
1981
1888
0
1897
1890
1939
1823
0
1885
1879
1915
1940
260
1905
1914
1927
1838
1830
0
1916
1898
1398
1914
0
1913
1879
1881
1422
1905
0
1925
1893
1898
0
1921
1898
1903
0
1897
1938
15
1875
1927
1951
1890
1883
1975
1961
1991
1956
1917
1930
1863
1839
1890
1863
1930
1887
1918
1877
1937
1939
1971
1957
1962
1904
1889
0
1968
1883
1885
1882
1809
1863
1966
0
1960
1953
2018
1910
1860
1875
1851
1933
1922
1985
1926
1950
1956
1846
1908
1891
1936
1879
1903
1945
1885
1915
305
1979
0
1894
14
1881
0
0
1928
0
0
0
1863
1984
1950
1960
1915
1941
0
1886
1803
1881
0
1891
1926
0
1916
1789
1951
1883
1862
1859
1819
1936
1941
1943
1919
1910
1880
1879
1969
1937
1950
1849
1911
1977
1879
1910
1888
0
1878
1897
1878
1874
1839
0
1840
1940
0
1909
1904
1872
1880
0
0
1935
1889
1922
1940
1912
1856
1821
1967
1870
1851
1930
0
1924
1905
1854
0
1946
1929
1878
1800
1918
1982
0
1849
1946
1889
1910
1913
1956
0
0
1898
1902
1889
0
1876
1889
1916
1907
1924
1858
0
0
1851
1505
1849
1884
1909
1501
1764
1428
1823
1865
1944
1932
0
1939
1851
1959
1969
1882
1920
1935
1864
0
1896
1873
1877
1945
0
1873
2010
0
1956
2013
136
1808
1911
1900
1888
1903
1976
1883
1906
1912
1900
0
1873
1910
1906
0
1866
0
1945
1989
1486
0
1945
1871
1891
0
1877
1876
1898
1945
1860
1930
1880
1878
0
1844
1938
1899
2004
1917
1933
1905
1255
1934
1812
0
1840
1812
0
1867
1883
1848
1866
1874
1928
1873
1896
1903
1911
1913
1949
1942
1893
1918
1961
1870
1915
2010
1897
1912
1839
1920
1896
1918
1863
1912
1927
1904
1905
1957
1974
1870
0
1918
1913
0
0
0
0
1963
1825
1898
1895
1958
1955
0
1865
1382
1886
1883
1898
0
0
1880
1869
1945
0
0
1928
339
1889
1869
1852
1926
7
1838
1914
0
1983
1471
1910
1884
1849
1855
1856
1911
1927
1918
1935
1954
1895
1875
1825
1809
1830
0
1951
0
1939
1918
1931
1873
1934
0
0
1874
1917
1897
0
1918
1934
1956
1941
1839
1998
1933
1836
0
1893
1918
1915
1925
1947
1949
1887
1850
1868
1915
1909
1867
1866
1902
1980
1857
1898
1946
1442
1901
1863
1890
1932
1804
0
1901
1895
1893
1868
1915
286
1875
1888
1928
1860
1928
0
1867
1981
1919
1882
1795
1958
1894
1917
1866
1822
1840
1881
1737
1940
1925
1879
1868
1937
0
1904
1874
1887
2041
1978
1833
1947
1915
1939
1804
1925
1914
1880
1912
1873
1877
1881
1867
1930
1895
1967
1852
1953
1856
1906
1956
1895
1940
1914
1945
1909
1885
1968
1840
1940
1906
128
1886
1892
160
0
1941
1925
1869
1900
1878
1868
1922
1889
1955
1907
1866
1876
1911
2012
1962
1975
1900
1928
1951
1895
1918
1923
1915
1930
1778
1847
0
1953
1913
1913
1879
1912
1883
1948
1965
0
1883
1938
0
1937
1861
1821
1871
1971
1882
1923
0
0
1614
1494
1888
1915
1960
1946
1961
1960
0
326
1900
1905
1898
1875
0
1902
1903
1929
1954
1834
1453
1942
0
169
1839
1879
1839
1870
1845
1788
1904
0
1913
1906
1814
1900
1851
0
1848
1889
1941
1874
1853
0
1888
0
1959
1922
1881
1930
1944
1922
0
1948
1944
1918
1933
1902
1935
1926
1951
1871
0
1838
1839
1962
1896
1875
0
1917
1399
1959
0
1917
1868
1920
1884
1962
1901
0
1873
1898
1962
1939
1870
1888
1922
1846
1928
0
0
1919
0
1891
1920
1904
1863
1911
0
1926
1927
1878
1845
1962
1961
1852
1861
0
1911
1910
1986
0
690
1948
1912
1830
0
1954
1927
1920
1935
0
1945
2013
1868
1937
1938
117
1844
1912
1479
1269
1873
1963
1942
291
1909
1831
1889
1840
0
1882
1889
1936
0
1937
1941
1895
1848
1950
1881
1897
1895
1942
1919
1926
1838
1867
1857
1850
1877
1872
1936
1875
1874
1950
1440
1928
1938
1937
1915
1933
0
1860
1962
1932
1868
1932
1908
1887
1929
1949
1879
1846
1910
1916
1860
1824
1953
1899
1879
1963
1834
1911
1478
1946
1830
0
0
1837
1875
1878
1910
1929
1934
1889
1818
1924
1872
1840
1879
2005
1842
1837
1945
1823
1893
370
1903
1894
1919
1937
1915
51
1908
1925
1950
1883
1936
0
1896
1943
0
1426
1880
0
1893
1817
0
1902
1857
1871
1908
1915
0
1955
0
1895
1819
1961
1925
1937
1927
0
1907
1865
1912
1904
1841
0
1917
1920
1953
1834
1894
1938
1833
1895
1942
1951
1896
1877
1776
1921
1848
1939
1862
0
1911
1920
1841
1840
1913
1914
0
1850
1856
1907
1928
1854
1913
0
1896
0
1917
1952
0
1880
1933
1909
1812
1778
1810
1861
1959
0
1836
0
1879
0
1914
1857
0
1947
1902
1887
2014
1879
1933
0
1899
1925
1934
1917
1825
1925
0
1966
0
1949
1843
1885
1900
1943
1935
0
1879
1916
1395
1863
1887
0
1894
1947
1910
1957
1907
1947
1912
1836
1921
1911
1896
1935
1392
1876
52
1906
1900
1864
1905
1812
1873
1964
1924
1908
1968
1919
1814
1950
1877
1924
1934
1814
1948
0
1927
1894
1851
1937
1938
1868
1913
1936
1866
1852
1913
2009
1903
1944
1963
1894
1913
1922
1812
1343
1955
1904
1924
1818
1954
1505
1858
1868
1887
2041
1848
1889
1923
1823
85
0
0
1920
1845
0
1944
1919
1852
1914
1875
1448
1844
1872
1944
1941
1900
1858
1882
1921
1373
1857
1879
1911
1962
1898
1320
1894
0
1880
1973
1866
1880
1927
353
1896
0
1813
1860
1969
1881
1830
0
1912
0
0
1880
0
1870
1927
1924
1866
1815
1880
1840
1929
1922
1813
1828
1464
0
1873
1853
0
1828
1898
1853
1920
1929
1899
1857
1898
1968
1979
1928
1920
1837
0
1819
1876
1927
1926
1912
1873
1947
1890
1821
1901
1972
1986
1932
1917
1370
1849
359
1967
1913
1851
1922
1928
1899
1888
1865
1936
1916
1931
1902
1909
1894
1927
1918
1916
1901
1807
1865
1930
1958
1872
1448
1945
1915
1973
358
1941
1890
0
0
1950
1866
1934
1901
1913
1911
1938
1934
1889
1865
1938
1906
1897
1938
1834
1838
1857
1864
1938
0
1512
1890
0
1911
1913
1922
0
1845
0
1908
1996
1900
1894
1841
1928
1937
1897
1904
1905
1831
1914
1870
1837
1937
1905
1852
2002
1918
1844
1933
1961
1890
1991
1988
1907
1949
1927
1878
1799
1911
1910
1914
1913
1917
1860
1923
1963
0
1953
1815
1922
1880
1861
1918
1912
1414
1844
1932
1871
1940
0
1865
223
1929
1910
1950
1951
1929
1922
1949
1874
1887
0
1971
1993
1880
0
1904
1943
1945
1929
1960
1836
1848
1911
1987
1865
1901
1991
1900
1922
1969
1933
1905
1932
1910
1795
1892
1875
1901
1904
1855
1893
1874
1907
1877
1974
1929
1858
1954
1899
1801
1897
101
1897
1900
0
1986
1917
1393
1828
1849
1847
1971
1815
0
1889
1859
1873
1953
1939
1861
1831
0
1793
1875
1811
1843
1880
1980
1436
1940
1902
1866
0
1851
1995
1925
0
1843
2004
1954
1842
1940
1919
1985
1825
0
1393
1958
1955
1875
0
1914
1973
0
1843
0
1815
1942
1884
0
1990
1819
1961
1895
1879
1934
1920
0
1856
1352
1916
1889
1905
1859
2016
1954
1925
1960
0
1916
1940
1951
1879
1870
1934
1877
1837
1949
1955
1951
1935
0
1911
1963
1914
1889
1972
1946
1862
1900
1902
1873
1920
1881
1906
1893
1889
1935
0
1882
0
1902
1916
1956
1948
1914
1901
1934
0
1917
1851
1906
1886
1989
0
1903
1944
0
1899
1839
1926
1907
1840
1920
0
0
1918
1896
1803
1965
1851
1901
2019
1853
1857
1913
1924
0
1903
69
1909
1874
1937
0
1922
1901
1911
1975
1946
0
18
1938
1950
0
1892
0
1869
1910
1918
324
1927
1891
1868
1933
0
1896
560
1941
1846
1822
1956
1885
1879
1890
1934
1885
1914
1856
1972
1895
1873
1948
1877
1881
1986
1968
1897
1830
1919
1936
1902
1976
1952
1440
1882
1913
0
1865
0
1941
1991
1877
1901
1906
1837
1930
1935
1934
1408
1923
2034
1392
1905
1938
1905
1921
1940
0
2001
2028
1902
1900
1939
1861
0
1944
1481
0
1912
1981
1922
1926
1907
1569
1938
1869
1875
1865
1982
1834
1872
1818
1391
1947
0
1842
1947
1917
1885
0
1477
1942
1865
1904
292
0
1870
1945
1933
1901
1886
1889
1931
1873
0
1855
1932
0
1884
1881
1919
1851
1923
1880
1919
0
1893
1907
1969
1904
1878
1797
1927
1904
1917
1904
81
1886
1854
1900
0
1895
1919
1896
0
1912
1989
1958
1869
1898
1896
1829
1900
1870
1922
1961
1913
1933
1873
0
1868
1887
1870
0
113
1893
0
345
1867
1874
0
1892
1885
1880
1850
1857
1840
0
1915
1962
1969
0
1841
1909
9
0
1945
1957
1943
1876
1864
1867
1937
0
0
1962
1900
1806
1872
1989
1913
1904
1980
1721
1839
1921
1963
1940
1913
1882
1910
1956
1887
1906
0
74
1849
1929
1970
1885
1868
1853
1891
1924
1894
1898
1882
1891
1920
1871
0
0
1841
1807
1463
1908
1894
1914
1924
1901
1973
0
1938
1856
1861
0
1923
1840
1883
1910
1922
1876
1898
0
1944
1908
1880
1937
1879
1928
1946
1433
1987
1881
1918
128
1907
1905
1910
1947
1927
1803
1913
1860
1903
1956
0
1953
1893
0
1864
1958
1934
0
1859
1939
1910
1941
0
1915
0
1906
1872
1892
1571
1949
1947
0
0
1880
1930
1905
1813
1941
1954
1874
2019
1924
1962
1846
11
1818
1911
1913
1938
1913
1869
1999
1842
0
0
0
1864
0
1893
1842
0
1894
1881
1904
1924
1964
1939
1771
0
1967
1985
2002
1944
1972
1852
1880
1848
1884
0
1851
0
1943
1918
0
0
1929
1870
1873
1910
1879
1984
1886
1886
1409
1865
1907
1925
0
1817
1937
1907
1950
1881
1865
1986
1872
1960
0
0
1933
1906
1929
1973
1863
1914
1881
1967
1874
2021
1833
2029
1893
1980
1890
1921
1897
1947
1941
1911
0
1916
1836
0
1900
1944
0
1922
265
1920
1881
1939
1853
1874
1966
1845
1869
0
1395
0
1922
1825
1889
1820
1899
1917
1388
1919
2017
1953
1861
1907
1905
1934
1920
1833
1963
1937
0
1868
1876
1875
1863
1895
1951
1859
1829
1850
1865
1888
1954
1891
1932
1901
1954
0
1986
1910
0
1910
1887
1928
1923
1950
1877
1900
1862
1368
1919
1922
1894
1872
1847
1861
0
1864
1899
1955
1995
0
1846
0
1828
1458
1949
1963
184
1928
1906
1846
1909
0
1935
1889
1938
1873
1892
1918
1893
1968
1897
1877
1935
0
1890
1943
1935
1890
1816
1891
1839
1882
1918
1968
1907
1900
1889
1876
1893
1909
0
1926
1902
269
0
0
0
1923
0
1903
1940
1883
1885
1929
1912
1915
1914
1899
1886
1932
0
1909
1918
1898
1865
1975
1948
1912
1942
1919
1928
0
1962
1860
1941
1896
1938
1928
1914
1932
1903
1864
1870
1986
1868
1895
1899
1913
1873
1846
1938
1978
1920
0
1966
1885
404
1392
0
1876
1447
1957
1929
1907
1884
1835
1931
1921
1912
1860
1877
1899
0
1879
1931
1861
0
1832
1955
0
1896
1933
1957
1885
1861
1972
1899
1874
1856
1922
1873
0
1868
1894
1874
1920
1918
1842
1952
1902
0
1427
1876
1962
1933
1949
1860
1920
1884
1974
1961
0
1933
1900
1905
1833
1446
1952
0
1898
1855
199
1934
1745
1875
1887
1823
1873
1908
1815
1949
1912
1909
1948
1896
1848
0
1919
1886
0
1891
1886
1887
1975
2001
1894
1941
1867
0
1932
0
1967
1917
1958
1969
1877
1900
1937
1878
1486
1883
1853
1952
1873
1915
1905
1914
1428
1846
1914
1848
1911
1935
0
1875
1852
1900
0
1943
1891
1934
1979
0
1924
1902
1817
1912
1885
1920
1896
1868
1920
1882
1915
1813
1920
2005
0
1892
0
1930
1935
649
1937
1906
1911
1892
1933
0
1875
1847
1930
1867
1919
1416
1918
0
1899
1869
1896
1360
1928
1947
1891
1894
1888
1951
1869
1901
1921
1940
1888
1914
1627
1902
1950
1868
1939
109
1883
1944
1902
1846
0
1922
1884
1907
1882
1889
0
256
1825
1934
1866
1917
1882
1846
1890
1925
1910
1846
1933
1871
1891
1927
1838
1891
273
1975
1945
1877
1910
1925
1925
1938
1989
1900
1855
1901
1896
1872
1883
1921
0
1959
1919
1891
1876
1938
0
1948
1938
1936
1914
1440
1912
1842
1885
1933
1810
1956
1908
0
1892
1941
1925
1939
1510
1852
0
1962
0
1867
1898
1858
1987
1911
1812
1881
1856
0
1970
1853
0
1866
1855
1873
1861
1898
1848
1950
1928
1971
1810
1918
1912
1881
1868
1886
1908
326
1904
1861
1935
1899
1831
1888
1849
1976
1870
1759
1970
1879
1915
1806
1863
1851
1878
1816
1832
1840
1961
1911
0
1845
49
1985
1947
1930
1914
1922
0
1875
1913
1908
1967
1818
1930
1972
1929
0
0
0
1997
1861
0
1955
1975
1919
1946
1875
1919
0
1898
1886
1865
1943
1943
1863
1935
1926
1957
1977
1888
1933
1910
0
0
1990
1864
1895
0
1922
1864
1863
1965
1941
1919
0
1945
1893
1975
1896
1854
0
1938
1390
1930
1894
1859
1384
1890
1946
0
1917
1915
1879
1993
1862
1914
1938
1887
0
0
1877
1908
0
0
1932
1875
1964
1924
1994
1871
1953
1989
1906
1987
1889
1941
1351
1959
0
0
1907
0
1933
1926
1836
1971
1896
1911
1935
0
1352
0
0
1857
1904
1910
1907
0
1992
1864
1896
1909
1910
1868
1906
1884
1852
1879
1927
1981
0
1995
1936
1890
1958
0
1927
1871
1906
1887
1935
1947
1928
1931
1811
1957
1858
1848
1889
1960
1863
1900
1933
1860
1812
1776
1675
1869
1999
1802
1885
1901
1915
1935
1905
1924
1907
1868
1885
1952
1876
1957
1946
1917
1921
1962
1961
1979
0
1912
1881
1829
1920
2011
0
1822
1864
1845
0
1832
1407
1914
1881
1836
1874
0
1901
2017
1920
1901
1875
0
0
1953
1891
1953
1956
1440
0
1916
1863
0
1873
1789
0
0
1902
1819
1872
1903
1902
1945
1940
0
1766
0
1905
0
1877
1995
1901
1886
0
100
1973
1910
1915
1954
1873
1843
1881
1907
1891
1914
1858
1917
1867
1908
1935
1900
1845
1918
1873
1801
1466
1893
0
1860
1929
1878
1889
1912
0
1891
273
0
1968
1959
1863
1863
1887
1888
1919
1924
1997
0
1771
1994
1893
258
1828
1961
1917
0
1836
0
1929
1949
1909
1908
1868
1835
1879
1883
0
185
1870
1940
1952
1971
1884
2040
1976
1957
1924
1929
1858
1908
1884
1971
1908
2000
1909
1907
1894
1921
0
1853
1847
1960
1869
0
1909
1857
1868
1922
1863
1909
1872
1971
1954
1822
1909
1972
1838
1920
0
1855
1934
1916
1879
1939
1861
1892
1831
1947
1883
1795
0
2004
1863
1935
1916
1817
1926
1857
1849
1440
1930
0
1918
1895
1889
1915
1859
1934
1889
1898
1888
2038
1923
1991
0
1943
1990
0
1911
1931
0
0
1952
1887
1999
1868
1883
1900
0
0
1950
0
1885
1853
1885
1844
1871
1870
1857
1939
1892
1871
1890
1919
1902
1873
1974
1975
0
1904
1909
1865
1901
1929
1905
1343
1876
1817
1912
1817
1816
0
1951
1938
1896
1840
1947
1907
1949
1828
0
1919
0
1958
2000
1966
1870
1900
1913
1940
1928
1898
1438
1963
180
1906
1921
1941
0
1933
1862
1916
1937
0
1486
1936
1964
1835
0
1901
0
1953
1904
1852
1901
0
2064
1939
1870
1915
1915
1922
1931
0
1842
1899
1904
1923
1970
1955
1938
1832
1350
1901
1769
1945
1863
1912
1871
0
1954
1863
1919
1882
1858
1944
0
1908
1914
2012
1880
1974
1858
1924
1891
1866
1836
0
1861
1952
1892
1910
1963
0
1879
1925
0
1854
1895
1935
1936
1848
1860
1929
0
1846
1449
1878
1885
1892
0
1957
1866
1831
26
1912
1873
1920
1906
1983
1865
1949
1925
1821
1989
1927
1872
1875
1858
1914
1932
1896
0
1861
1990
1862
1819
1825
1965
1862
1893
1424
1858
293
0
1913
1933
1981
1902
1922
1909
1864
1912
1980
1936
1881
1861
1951
1865
1914
1853
1931
1922
1837
1887
1931
2011
1904
1921
1855
1507
2011
1918
1887
1808
1888
0
1955
1967
1852
1938
1838
1914
1886
1834
0
1937
0
1943
1916
1908
1900
23
1946
1903
1834
1945
1902
1901
1852
1816
1909
1917
0
1942
1936
1894
1889
1929
0
1860
1899
1407
1852
1907
1902
1847
1928
1868
1951
1930
1931
1899
1932
1893
1870
1985
1913
0
1847
1930
1882
1869
1977
1999
1843
1894
1828
1892
1991
1935
0
1969
1908
1876
1812
1976
0
0
1920
1909
1932
0
1943
1945
1902
0
1912
1895
1904
1964
1886
1912
0
1961
1949
1788
0
0
1910
1878
1915
1922
1916
1852
1845
1874
1833
1873
1464
1370
1869
1872
1842
1946
1981
0
0
1450
0
1897
0
1934
1844
1902
1804
1863
1918
1899
1975
1912
1907
1851
0
1883
1949
1922
1910
1926
1879
1927
1867
1934
1947
1902
1924
1846
1319
1878
1877
1814
1895
0
1939
1893
1895
1871
1468
1992
1878
1923
1886
1918
1956
0
1878
1958
1904
1899
0
1946
1935
1910
1991
1910
1903
1971
1835
1888
1868
0
1916
1845
1894
1845
1945
0
1910
1923
1941
1888
0
1874
1956
1848
1893
1927
1944
1469
1905
1950
1913
1950
1898
1420
1865
0
1882
1819
1891
1918
1885
1920
1950
1931
1965
1900
0
1903
1882
1841
1933
1898
1874
1940
1889
1847
1833
1896
1882
1913
1995
0
1406
1978
1852
1941
1870
1954
1846
1848
1991
1891
1952
1445
1924
0
1952
1921
1913
1941
1905
1877
1938
1931
1907
1974
1982
1933
1895
1977
1933
0
1366
1967
1903
1862
1891
2003
1938
0
321
1918
1916
1795
1920
1894
1873
0
1886
1991
1892
1867
1955
1919
1917
0
1901
1963
0
1955
1865
1909
1928
1891
1932
1827
0
1817
1824
1871
1905
1965
1905
1951
2018
1892
1929
1899
1567
1872
0
1937
0
1871
1865
1945
1841
1855
1976
1974
1889
1874
1855
1892
1926
1870
0
1955
1905
1860
1893
1884
1842
1863
1940
1392
1877
353
1975
1940
1920
2000
1868
0
1909
2013
1867
1886
1889
1850
0
1911
1872
1904
1931
1988
1960
1932
1914
1874
1956
1816
1931
0
0
1967
1935
1960
0
0
1890
1893
1977
1946
1966
0
1845
1914
1114
1892
1902
1818
1922
1928
1907
1868
1946
1911
0
1965
1998
0
1871
1973
1834
1960
1881
1922
1923
1882
1858
1897
1800
1478
0
1840
1931
1933
512
1937
0
1942
0
0
2001
1878
203
1888
1924
1902
1887
1856
1924
0
0
1842
1888
1890
0
1337
1835
1882
1866
1890
1862
0
1962
1951
1468
1611
1911
1965
1855
1905
1900
1926
1909
1935
1930
1938
1822
1956
1835
1446
1907
1904
1381
1894
1891
0
0
1817
1919
1979
1943
1979
1906
1927
1890
1883
1922
1511
1943
1923
0
1872
1917
1866
0
1897
1862
1932
1905
1881
1831
0
1861
1845
1925
1943
1906
1965
1902
1880
1844
1847
0
1870
1937
1858
1948
1885
1875
1941
0
0
1874
0
1919
1955
1941
1846
0
1895
1989
1942
1917
1912
1845
1875
1926
0
1858
1903
1853
1880
1925
1889
1940
1930
1866
1926
0
1841
1945
1944
1915
1944
1856
0
1856
1913
1916
1953
1902
1981
1913
1911
1803
1895
1861
1942
0
1925
0
1921
1923
1929
1899
1381
1853
1846
1830
1942
1953
1880
1871
1906
0
1892
1886
1837
1927
1924
0
1918
1945
1980
0
0
1884
1937
1948
1858
1857
1959
0
1909
1903
1830
0
1430
1891
1934
1938
1958
0
0
0
1858
1915
1929
1924
1880
1935
1881
1894
0
0
1909
0
1908
1966
1881
1869
0
1545
1937
1938
1873
1908
1902
1881
1956
0
1874
1892
1991
1938
1936
1412
1984
1880
1949
1954
1861
1977
1882
1827
1920
1866
1810
1938
1946
0
1813
0
1884
1931
1926
1902
261
1891
1884
1897
1871
1904
1936
1903
1872
1897
0
1898
1838
1868
1880
1940
0
1944
1980
1875
1924
1885
1856
1838
1889
1936
1895
1987
1863
1870
1886
1844
1932
1888
1889
252
1916
1887
1902
1907
1896
1888
1881
1909
0
1816
1968
1916
1935
1899
1915
1881
1888
1859
1932
1885
1896
1935
0
1939
1938
1841
1901
1981
1891
1847
1921
1978
1851
1845
1888
1889
1910
2003
1935
1982
1948
1887
1937
0
1853
1859
1931
1954
1953
1907
1900
1878
1871
1911
1923
1903
1938
1887
0
1940
1983
1954
1928
319
1932
1904
1891
1941
1939
241
1946
1910
1912
1881
1942
1937
1963
1835
1937
1896
1910
1862
1947
1804
0
1980
1896
1812
1837
1915
1932
1835
1963
1839
1926
0
1847
1916
1865
1935
1896
1869
1915
1891
0
2015
9
1847
1897
1911
1898
1876
1958
1920
0
1940
1877
1930
1835
1903
0
1894
1922
1888
199
1925
0
0
1841
1884
1860
1953
1841
0
1892
1878
1865
1933
1826
1955
1897
1963
1891
1814
1888
1837
1484
1991
1913
1915
0
1873
1959
1901
1877
1949
1922
1881
1890
1816
1898
1887
0
0
1954
0
1914
1812
1865
1883
1915
1893
1903
1844
1855
1884
1871
1940
0
1907
1914
1841
1829
0
1920
0
0
1846
0
1894
1990
1902
1905
1956
1823
1929
1991
1899
1949
1902
1931
1835
1945
1888
1887
1954
1907
0
1882
0
1903
1935
1897
1900
1407
1891
1857
1828
1896
1904
1959
1887
1941
1923
1869
1960
0
1941
1973
1873
1886
121
0
1901
0
1872
1879
1891
1965
1860
1891
1945
0
1952
1877
1854
1912
1862
1900
0
1909
1862
1866
1919
1988
0
1931
1932
1872
0
281
0
1933
1854
1913
0
1904
1889
1986
1848
1842
1854
0
1850
1891
0
1913
1968
0
1937
1870
1861
1854
1905
0
1911
1911
1898
1916
0
1888
1906
1814
2009
1907
1858
1934
1891
0
0
1937
1915
1938
0
1890
0
1927
1822
1850
1924
1843
0
1954
1923
1968
0
1866
1915
1421
0
1890
1942
2017
1851
1909
1935
1852
1934
271
0
1892
1957
1942
1878
0
1803
1821
1867
0
1905
1956
1982
1905
1822
1950
1821
0
1928
1861
2052
1930
1829
1872
1915
1945
1897
1851
1949
0
1932
1845
1908
1877
1884
1923
1962
1910
1876
1914
0
1935
0
1806
0
1352
1887
1871
1917
1892
1956
1962
1858
1918
1882
1870
1846
1947
0
1963
1998
1883
1906
1861
1860
1934
1898
1797
0
747
1909
1860
1923
1866
1935
1923
1938
1947
1857
1862
1887
0
0
1883
1966
1933
1928
1886
0
0
1889
1843
1996
0
1835
1953
1906
1892
1911
1977
1834
1909
1963
1949
1953
1799
1891
0
2009
1861
1856
1883
1898
322
1921
1837
1991
1889
1871
1971
1855
1942
1899
1905
1907
1988
1892
1814
0
1801
1886
1914
0
1828
1923
1391
1896
1906
1430
0
0
1906
108
1918
1887
1833
1901
1899
1841
1913
1941
1877
0
1958
1935
1911
1952
1957
0
1788
1823
1928
1933
1893
1929
1858
1870
1873
1873
1882
1982
0
1919
1955
1873
1850
1968
1332
1778
1907
1974
1867
0
1897
1963
3
0
0
1868
1825
1981
1977
0
1967
1893
1899
1924
1963
1947
1921
1893
1546
1879
1910
1888
1908
0
1915
1899
0
1905
1880
1876
1957
298
1877
0
1827
1909
1930
1921
1892
1987
1889
1892
1917
1974
1419
1926
1871
1863
1902
1939
1917
1842
1920
1843
1912
1962
1921
1939
1909
1811
1938
0
1971
0
1861
1868
1867
1909
1932
1919
1857
1880
1928
1929
1923
1900
1907
1964
1952
1955
1843
0
1382
1875
1943
1844
1881
1857
1914
1826
1882
1848
1895
1914
1885
1996
0
0
1966
1875
0
1963
1865
1901
1932
1850
1929
1918
1927
1931
0
1900
1922
1920
1872
1848
1950
0
1894
1900
1857
2044
1861
1848
1456
1908
1841
1868
1832
1857
1890
1981
1808
1953
1888
1948
0
1988
1895
1845
1945
1924
1846
1788
1962
1952
1889
1913
1893
1942
1941
1902
1890
1876
1797
1971
1919
1939
1879
1977
1905
1939
1941
0
1952
1872
1899
0
0
1928
1933
1894
1891
1859
1901
1929
1868
0
1879
0
1985
1845
1879
1905
1893
1948
1986
1918
1909
1842
1938
1938
1882
1941
1947
1946
1989
1878
1873
1894
1965
1876
1958
1897
1929
2006
1856
1941
1943
2022
1866
1878
1823
1785
1893
1857
1891
1883
1898
1910
0
1926
1916
1959
1790
1866
1914
1936
1870
1851
1916
1889
1924
1384
1796
1960
1829
1920
1885
2045
1851
1937
1798
1449
0
0
0
1909
1900
0
1855
1914
1861
1957
1956
1926
1938
1835
1899
1913
1909
2019
1928
1951
1883
1806
1362
1878
1899
1843
1823
1840
1878
1983
1948
1906
1856
1930
1833
1943
1883
1938
1907
1935
1922
1898
1935
1906
2009
1867
1942
1940
0
1899
1968
1925
1885
1938
1990
1862
1966
1905
1871
1940
1925
1818
1851
1848
0
1944
1880
1959
0
1954
1955
1833
0
1878
0
1872
1829
1919
1915
0
0
1894
1926
1907
0
1964
1874
1897
1909
0
1916
1861
1922
1900
1957
0
1822
1860
1940
1865
1984
0
1865
0
1916
0
1816
1866
1932
1919
1314
1945
1912
1936
1965
0
1960
1968
1910
1862
0
0
1906
0
1986
1954
1899
1903
1877
1854
0
0
197
1879
1835
1930
0
1876
1905
1945
1994
0
1837
1899
1913
1963
1949
1904
1919
1854
1872
1858
1855
1888
1973
1903
1875
1832
1868
2003
0
1809
1870
1898
1928
1897
1957
1878
0
1873
1861
131
0
1920
1917
1305
1936
1936
0
1943
1893
1908
0
1950
1908
1820
1895
0
924
1947
1946
1882
0
1955
1961
0
1878
0
1873
1948
1929
1915
0
1843
1914
0
0
292
1879
0
1905
0
1925
1918
1353
1868
1874
1888
0
1813
1892
1876
1955
1947
0
1929
1938
1875
1912
1808
1998
1910
1971
1909
1928
0
1893
1866
1972
0
154
1961
1920
1874
1422
2016
1934
2012
1918
1435
1361
1867
0
0
1904
1859
1891
1906
1876
1942
1952
1892
1914
1901
1903
1909
1892
1919
1868
1928
1868
1886
1910
1880
1838
1854
1896
1939
0
1914
1969
1890
1852
1919
1911
1888
1805
1933
1902
1894
1843
1895
1916
1858
1863
1875
1821
1861
1839
1878
1791
1878
1897
1810
1934
1877
1898
1945
1945
1911
1832
0
1958
1886
1918
1913
1879
1878
1885
1858
1980
1930
1985
1883
0
0
1868
0
1982
1998
1870
1849
1918
1982
1822
0
1987
1936
1904
1924
1892
1881
1937
1905
1840
1895
1911
1895
1943
1837
1923
1942
1861
1875
0
1976
1940
1815
1911
1836
0
1961
1981
1862
1803
1824
1885
1886
1383
0
1840
1925
1843
1963
1861
1581
0
1868
1824
0
1459
1362
1920
0
1830
1876
1886
1858
1971
1870
1851
1914
1888
1895
1889
0
1967
1921
148
0
1910
1910
0
1914
1904
1902
1889
1984
1979
2017
0
1868
1940
1915
0
1894
0
0
1967
1965
0
1925
1922
1934
0
1895
1913
1957
0
1965
1927
1921
1916
1924
0
1840
1858
1977
1881
1910
1908
1817
1883
0
1917
1936
1857
22
1852
1920
1877
1913
1946
1873
1874
1933
0
1896
0
1868
1918
1890
1876
1912
1843
1799
1982
1893
1865
1819
1868
1878
1904
1905
1955
0
1913
1902
1859
1888
1990
1901
1863
0
1864
1846
1878
0
1916
1939
1907
1922
1843
1944
0
1879
1911
1862
1886
1950
0
0
1831
1947
1871
1929
1902
0
1882
1836
1892
0
0
1959
1922
0
0
1860
0
1958
2017
1918
1951
2001
1843
1805
1944
0
1871
1902
1892
1904
1865
1914
128
1860
1363
1902
1861
1407
1904
1851
1539
1902
1946
0
1828
1923
1857
1970
1842
1934
1869
0
1874
1866
1883
1900
1916
1980
1874
0
1837
1963
1955
0
1869
1953
1924
1899
1907
1944
1929
1427
1906
1924
1925
1884
1928
1840
1920
1930
0
0
0
1957
1887
1852
1893
1332
1878
0
1858
1861
1882
1943
1894
1944
1878
1949
1916
1835
1927
1906
1863
1870
1939
1901
1886
1849
1886
1915
1965
1921
1866
1885
1916
1887
1891
1856
1973
1908
1892
1959
1893
1953
1854
1903
1440
1964
1885
1848
1944
1870
1874
1881
1949
1878
1921
1447
1923
1915
0
1932
1914
0
1894
1862
0
1883
1922
1844
1905
1919
1889
0
0
1819
1899
0
1877
1907
1927
1913
1884
1877
1955
1878
1818
1829
1847
1884
1962
1934
0
0
1934
0
1844
1904
0
1911
1962
1958
1917
0
1902
1894
1869
0
1879
0
1954
1905
1916
1891
1920
1794
1932
0
0
1882
1843
1921
1918
1941
1999
1925
1862
1976
1910
1934
419
1876
1821
1863
1903
1915
1869
1953
1946
1890
1904
1967
1906
1893
1878
1949
0
1935
1880
1912
0
1945
0
1846
0
1865
1859
1928
1880
1296
1928
1914
1922
1929
1899
0
1889
0
1844
1926
94
1477
1857
1873
1844
1890
1875
1892
0
1916
1969
1881
1895
0
1943
1955
0
1959
1957
132
1900
1939
1928
1926
1881
0
1923
1915
1923
1823
1900
1945
1830
0
0
1923
1878
1912
1966
1874
1364
1917
1882
0
0
1912
1357
1906
1952
1952
1880
1850
1856
1912
1946
1834
1901
1836
1906
1949
1878
1900
1959
1907
1935
0
1845
1938
1881
1888
1826
1933
0
0
1939
1860
1892
1790
1897
1900
1895
1934
1953
1890
1895
345
7
1902
1899
1958
1855
1982
1912
1857
1894
1975
1877
1893
1862
1348
1955
1939
1917
1911
1839
1877
237
1860
1909
0
1973
260
1903
1903
1946
1885
1964
1888
1870
205
0
1827
0
1904
1919
1804
1908
1890
1897
1904
1859
0
1924
1925
1370
1965
0
1956
1818
1856
1903
1852
1873
1914
1889
1902
1899
1408
1944
1965
0
1878
1930
1813
1843
1877
1995
1922
0
0
1950
1901
1881
1918
1908
1872
0
1915
1945
1901
1930
1921
1955
1893
314
1973
1952
1839
0
1961
1908
1972
1420
1947
0
0
0
1879
1959
1942
1830
1860
0
1394
1942
1861
1922
1933
1942
1888
1907
1892
1937
1873
1875
1910
1971
1951
1972
1829
1905
1977
0
0
1904
1934
1829
1947
1895
1867
1803
0
1928
1916
1868
1405
1838
1905
1975
1888
1865
1913
1887
1891
1918
1887
1918
1998
1860
1930
1878
1899
1948
1848
1920
0
1842
0
1822
2005
1938
1921
1912
0
1935
1904
1896
1868
1916
1852
1937
1904
0
1898
1909
1909
1944
1898
1851
1911
1855
1921
1949
1918
0
1911
1886
1937
1875
0
1911
1434
0
1859
1927
1882
1839
1909
1933
1947
1988
1885
1543
1907
1871
1857
1891
1959
0
1966
1850
1320
1904
1937
1944
1918
1897
1887
1868
1855
1875
1890
1887
1903
1988
1853
1853
1934
1853
1900
1886
1801
1908
1878
0
1871
1910
1892
0
1973
1832
0
1922
1902
1884
1904
0
1908
1934
1943
1834
1938
1921
1921
1893
1870
1892
1964
1950
0
1925
1901
1917
1913
1993
1874
0
1880
1875
1989
1907
1910
1934
1903
0
1830
1855
0
1912
1930
1388
1880
1941
1907
1867
1921
1911
1398
1955
0
1930
1899
1922
1944
1881
1913
0
2008
1911
1844
1375
1888
1877
1917
1917
1910
1907
0
0
1897
1946
0
1895
1839
1993
1859
1807
1924
1898
1905
1911
1955
0
1863
1958
1916
1917
1966
1873
152
1931
1882
1909
1999
1870
1425
2003
1956
1939
1895
1887
1898
1842
1908
1915
1889
1857
1899
1920
1919
1826
1909
1860
0
1887
1916
1927
1926
1852
1805
1887
0
1879
1468
1916
1896
1877
0
0
1938
1882
1879
1953
1826
0
1916
1879
0
1789
1950
1988
1851
1889
0
1927
1919
1783
1874
1827
1932
0
1905
1941
0
1929
1978
1950
1888
1939
1894
1846
1922
1926
0
1906
1949
1922
1894
1922
1903
1876
1897
1968
1879
1880
0
1942
0
1879
1929
0
1972
1924
1960
1921
1876
2013
1890
1895
1882
1851
0
1833
1865
1974
1836
1905
1904
1946
1832
1876
1882
1951
1970
1889
1912
1875
1800
1910
1866
1877
1842
1427
1874
1880
1934
1847
1962
1885
1928
1928
1877
1910
0
1925
1930
1892
1923
1850
1913
1939
1889
0
0
1964
1854
0
1871
1952
1921
1868
1899
1902
1871
1881
1926
1894
1893
1899
1942
1859
1940
1944
1946
1921
1909
1932
1901
1854
1889
1986
1930
1899
1976
0
1880
0
0
1955
1864
0
234
1953
0
1842
0
1890
1966
125
0
1918
1873
1857
1918
1906
1945
1903
1829
1895
0
1863
1877
1790
1907
1992
1910
1359
0
1980
1905
0
1943
1882
1912
1925
1868
1862
1839
1932
1887
1957
1924
1933
1963
1877
1915
0
0
1967
1900
1951
1883
1885
2045
1854
0
1815
1877
1946
1918
1921
1920
0
1913
1883
205
1976
1880
1877
1927
244
1903
1890
1869
0
1958
1923
0
1949
0
1956
1947
1914
1836
0
1776
1891
1881
1874
1798
1911
2007
1918
1843
1873
1862
1996
1888
1928
1933
1981
1919
1904
0
1812
0
1929
0
1937
0
1985
1991
1802
1911
1953
0
1873
0
1866
1812
1890
0
0
1890
1909
1828
0
1914
1906
1358
1881
1910
82
1886
1878
0
1885
1887
1907
1928
1889
0
1937
1954
0
2036
1884
1867
0
0
0
1866
1877
1860
0
1961
1930
1854
1866
1855
1873
0
1891
1921
0
1854
0
1857
1835
280
1955
1883
1867
1919
1950
1951
1937
1854
1914
1962
1915
1803
1927
233
1921
1826
1940
1859
0
1897
1491
1901
1924
1918
0
1874
1848
1863
1894
1878
1964
1934
0
0
1867
0
1869
1964
1896
1873
1861
1847
1938
1904
1943
1867
1882
1875
1953
0
1953
212
1876
1915
1930
1910
1911
0
1812
1947
1850
1893
1958
1897
1884
1912
1891
1904
1868
0
161
1865
1850
2012
0
1919
1897
0
1945
1918
1937
1885
1836
1883
1860
2020
1870
1845
1926
1877
1865
0
1969
1931
1855
1798
0
1940
1466
1894
1847
1910
1864
1840
1900
1887
1932
1977
1866
1883
1890
1846
1880
0
1910
1808
1857
1936
1866
1893
0
1832
1966
1927
1932
1906
1903
1828
1912
1849
0
1907
1916
1864
0
1926
2021
1974
1893
1913
1883
1916
0
0
1917
1916
1905
0
2029
1929
1945
0
0
0
1901
1967
0
307
1880
1893
1940
1930
1757
1871
1986
1961
1926
0
1856
0
0
1937
1932
1939
1905
1877
2016
1820
1854
1881
1885
1837
1901
1914
0
1883
1926
1893
1917
1879
1812
1959
1972
0
0
0
1875
1923
2005
1940
1877
1883
1831
1854
0
1455
1951
1928
1823
1881
1889
1916
1920
1934
1909
1898
0
1988
1853
0
1881
1893
1802
1883
1909
1812
1864
1943
0
1897
1347
1914
1894
0
0
1871
1970
1958
0
1918
1931
1959
1875
1916
1906
1888
1379
1932
1934
1895
1876
1919
1969
1915
1865
1941
1842
1909
1907
1928
1905
1414
0
1822
1885
1859
1950
1919
1902
1924
2014
1906
1944
1810
285
1940
1892
1867
1908
1893
1911
1844
1905
1941
1881
2056
1884
1823
1876
1945
1891
1965
1899
1849
1948
0
1973
1440
1850
1833
1857
0
1945
1852
0
1872
0
1858
1877
1873
1819
1865
1875
1900
0
0
1904
1895
0
1901
1886
1877
1889
1845
1892
1850
1856
0
1948
1946
1939
1944
1840
1838
1911
1392
0
1850
1867
0
1930
1898
1905
1976
1794
1937
1959
1907
1843
1933
1898
0
2006
1893
1868
1881
1857
1907
1882
1881
1926
1887
0
1973
1873
1895
0
1925
1935
1892
1850
1977
1851
1965
1929
1953
1930
1909
1900
1893
1886
1888
1939
1920
1432
1953
0
1975
1883
1931
1915
1846
1906
1876
1907
211
1925
0
1928
1851
1843
1885
1953
1941
1931
1932
1922
1779
1922
1927
1889
1969
1887
1964
1896
1889
1935
1913
1866
1863
1969
0
1815
1958
1870
1883
1964
1863
1857
1953
1875
1950
1921
1883
1944
1868
1940
1916
173
0
1905
1872
1900
1918
1938
1941
1910
0
1958
1835
1884
0
1959
0
1984
1907
1901
1939
1884
1936
1911
1922
0
1882
0
1817
1943
1972
1838
1803
1949
1913
0
1881
1949
0
0
1907
1848
1889
1924
1828
1944
1888
1848
1894
1877
1981
0
1904
1946
1918
1899
1910
1874
1887
1968
1935
0
1975
0
0
1456
1833
1882
477
0
1920
1915
1873
1989
1903
1990
1865
1864
1948
1800
1908
1902
1996
1896
1951
1890
1809
1942
1901
1813
1895
1799
1865
1997
1842
0
1950
1374
1898
1872
1885
1881
1436
1949
1920
1886
0
1848
1936
0
1941
1885
1888
1963
1954
1871
1965
1857
1932
1881
1928
1943
1872
1901
1896
0
1864
1865
0
1872
1958
1903
1933
1868
1872
1921
1898
1422
1912
1940
0
1902
1916
1989
1899
1962
1854
1857
1493
1329
1949
1905
1915
1965
1877
1873
1904
1378
2009
1929
1928
1909
197
1951
1890
1882
1900
1914
1879
1859
1930
1847
1894
2002
1788
1908
0
1917
1937
1946
2001
2008
1890
1850
1850
1919
1883
1921
1894
1882
1890
1968
1886
1866
1850
0
1955
1923
1918
1852
1859
1910
1957
1904
1342
1965
0
1854
0
1924
1908
1890
1906
1979
0
1868
1891
1926
1934
0
1872
1876
362
1908
0
1961
1931
1910
1901
1952
0
1929
1943
1881
350
0
1958
2015
1894
1389
1896
1993
1886
1863
1959
1904
1981
1846
1896
0
1927
1872
1974
1908
1911
0
0
1872
1926
0
1867
1941
1871
0
1886
1891
1918
1998
1879
1882
0
1904
1847
1867
1836
0
0
1923
1846
1900
1967
1795
1872
1985
0
1883
1740
0
76
1901
0
1981
1920
1895
1852
1913
0
1926
1893
1880
1875
1910
0
1989
0
1878
1922
1847
1827
1870
1857
1861
1919
1930
1952
1882
1829
1856
1872
1861
1927
1876
1917
1905
1913
1987
1828
1888
1855
0
1802
1891
0
1923
1894
1973
1865
1947
1822
1892
1925
0
1910
1817
1860
0
1842
1916
1926
1923
1893
1885
1903
1929
1917
1866
1935
1942
0
1868
1909
0
1886
1347
1931
1831
1901
1933
1987
1938
1887
1966
1869
1861
1874
1865
1973
1891
1929
1908
1959
1808
1908
1960
1863
1907
1830
1905
1900
1836
1988
1878
1808
1922
265
1905
1963
1901
1914
1827
1864
1945
1876
1928
1879
1448
1833
1956
1875
1907
1922
1920
1907
1867
1911
1928
1948
1938
1932
1376
1895
1920
1882
1948
1863
1902
1892
1853
0
1856
1892
1857
1818
1890
1851
1970
1949
1962
1966
136
1937
1870
1871
1876
1852
1930
1859
1887
1823
1817
1889
0
1845
1901
1423
1913
3
82
1953
1922
1881
1961
1990
1789
1873
1937
1872
1870
1900
1951
1941
1898
1894
1878
0
1808
1883
1825
1934
1987
1842
