0.497436
0.498483
0.526544
0.510858
0.462863
0.480214
0.489489
0.500509
0.475832
0.506722
0.479913
0.481562
0.521552
0.458746
0.471958
0.467413
0.495968
0.478131
0.463035
0.459817
0.497409
0.510995
0.459173
0.492843
0.477487
0.494908
0.492872
0.491315
0.521961
0.479781
0.48345
0.453908
0.443434
0.501514
0.488776
0.488624
0.517448
0.488525
0.507172
0.496674
0.511211
0.502212
0.493048
0.52514
0.509868
0.564477
0.505882
0.499483
0.526807
0.504817
0.497826
0.495662
0.481865
0.452026
0.470651
0.484615
0.461622
0.473739
0.48778
0.495288
0.482517
0.484188
0.483763
0.493827
0.488842
0.476091
0.488421
0.453988
0.513953
0.461454
0.467559
0.522869
0.45332
0.532778
0.473282
0.499434
0.509881
0.503735
0.47619
0.46394
0.5
0.511182
0.516393
0.478668
0.506369
0.50931
0.452452
0.476538
0.455654
0.48317
0.492323
0.521649
0.482255
0.513238
0.486345
0.528481
0.470462
0.475947
0.445846
0.471134
0.46724
0.518023
0.50308
0.490506
0.521561
0.502685
0.463959
0.48176
0.463705
0.490644
0.510267
0.496304
0.501119
0.498938
0.452653
0.498455
0.459082
0.510142
0.471958
0.443158
0.489899
0.463542
0.47137
0.461794
0.482046
0.485249
0.510417
0.498954
0.487603
0.502762
0.508919
0.439716
0.507
0.480942
0.46888
0.46822
0.475216
0.521173
0.452929
0.506586
0.501969
0.464059
0.498474
0.462264
0.5
0.479657
0.452508
0.525832
0.481064
0.494792
0.484881
0.468172
0.449187
0.492786
0.477766
0.5154
0.491416
0.492739
0.479876
0.486607
0.454252
0.5141
0.466803
0.460455
0.486993
0.471861
0.472574
0.469979
0.480249
0.47352
0.500963
0.486294
0.5
0.477858
0.486458
0.52
0.466867
0.450505
0.463617
0.477522
0.507511
0.461066
0.465336
0.491658
0.465839
0.505387
0.512922
0.475028
0.508368
0.485427
0.518112
0.492063
0.483264
0.495441
0.473736
0.457112
0.450777
0.495
0.468988
0.490928
0.530693
0.475648
0.5
0.507202
0.484694
0.546638
0.428272
0.509184
0.526208
0.495288
0.471816
0.479365
0.496718
0.450787
0.462651
0.519272
0.456842
0.454545
0.507216
0.49504
0.495197
0.46047
0.490022
0.497527
0.45473
0.50365
0.483299
0.524272
0.510182
0.453348
0.473267
0.510352
0.491684
0.506383
0.507797
0.460041
0.471992
0.481053
0.45379
0.460638
0.481675
0.480577
0.464503
0.471253
0.442127
0.492196
0.501027
0.490433
0.494301
0.486486
0.470899
0.481781
0.48728
0.51236
0.475748
0.501548
0.482838
0.484631
0.534216
0.471838
0.442523
0.508511
0.474227
0.457819
0.505933
0.477912
0.474716
0.475655
0.476732
0.478873
0.473354
0.460432
0.470157
0.478351
0.505241
0.487354
0.5
0.5
0.486125
0.553684
0.470954
0.515625
0.490964
0.478599
0.514583
0.47432
0.513875
0.516437
0.488
0.49067
0.474849
0.490022
0.529116
0.460685
0.493865
0.471933
0.480749
0.452772
0.491909
0.507772
0.488706
0.466387
0.496094
0.471655
0.51848
0.48778
0.463389
0.490714
0.47261
0.437243
0.490798
0.488474
0.48531
0.488889
0.450851
0.477064
0.484453
0.508421
0.462366
0.506424
0.501066
0.498901
0.461774
0.470297
0.467413
0.485577
0.486938
0.476578
0.513312
0.494759
0.502058
0.476287
0.496835
0.456389
0.46604
0.504782
0.473477
0.493264
0.465591
0.463515
0.485923
0.473465
0.477754
0.449786
0.493179
0.463004
0.473904
0.492828
0.448
0.485743
0.477273
0.458023
0.480159
0.501016
0.512876
0.545551
0.491266
0.501976
0.484683
0.501523
0.510972
0.472167
0.482759
0.474484
0.490196
0.4329
0.473684
0.486869
0.501618
0.493409
0.495375
0.477626
0.469619
0.475877
0.468815
0.482402
0.508511
0.469175
0.489157
0.462921
0.496425
0.479272
0.477183
0.478439
0.488095
0.495643
0.508016
0.485887
0.509906
0.479955
0.486039
0.485417
0.486065
0.485368
0.434267
0.48657
0.491561
0.509209
0.488181
0.491984
0.497899
0.487448
0.507277
0.478469
0.496849
0.44702
0.514831
0.469979
0.5
0.477297
0.464407
0.504396
0.488494
0.507661
0.502585
0.488722
0.515267
0.490506
0.493467
0.480214
0.495146
0.46394
0.449838
0.511983
0.460233
0.484392
0.484669
0.474649
0.460089
0.49736
0.498458
0.468966
0.488821
0.490786
0.463265
0.479781
0.509052
0.479701
0.478844
0.484656
0.49076
0.474576
0.477956
0.500537
0.493177
0.496461
0.458785
0.506085
0.505528
0.503891
0.5
0.482966
0.451374
0.463753
0.52381
0.491318
0.469584
0.520352
0.491543
0.481629
0.456763
0.485859
0.461538
0.470468
0.447368
0.509109
0.471698
0.469649
0.481855
0.480533
0.485777
0.510074
0.476891
0.456842
0.503043
0.498406
0.49332
0.53072
0.506098
0.504541
0.481595
0.482234
0.457413
0.475659
0.490281
0.5
0.50611
0.497859
0.473404
0.4772
0.485597
0.511579
0.457663
0.464025
0.490909
0.491525
0.475996
0.514166
0.508827
0.506997
0.514799
0.470842
0.485098
0.523243
0.479381
0.467016
0.502657
0.473573
0.473684
0.50641
0.45966
0.489231
0.460352
0.49413
0.495943
0.478769
0.48251
0.501463
0.501523
0.511254
0.48306
0.473204
0.485972
0.53
0.512121
0.498436
0.486735
0.5
0.512579
0.504255
0.504237
0.485106
0.482218
0.474399
0.484328
0.472417
0.511088
0.488442
0.480088
0.477226
0.475073
0.473477
0.464615
0.4772
0.511482
0.494253
0.480669
0.472093
0.511677
0.465553
0.539773
0.488865
0.491471
0.498954
0.486667
0.486258
0.484453
0.487315
0.511628
0.506967
0.482618
0.467403
0.47181
0.484277
0.520343
0.5125
0.443532
0.480208
0.451143
0.493264
0.494105
0.484083
0.487562
0.485923
0.508097
0.489384
0.485366
0.462924
0.486673
0.496855
0.491246
0.481891
0.459067
0.471553
0.486486
0.526096
0.465909
0.521255
0.486726
0.482234
0.470652
0.469017
0.491857
0.504782
0.474737
0.496109
0.453109
0.47306
0.475289
0.478958
0.493534
0.501505
0.501042
0.458982
0.485207
0.487421
0.487206
0.499499
0.510881
0.51365
0.496552
0.462006
0.415625
0.511041
0.501505
0.457207
0.480612
0.524655
0.504184
0.503275
0.488511
0.517276
0.497409
0.483193
0.494939
0.5
0.483193
0.482391
0.503497
0.493813
0.470588
0.482571
0.490316
0.490343
0.510995
0.495495
0.512579
0.502165
0.464213
0.459516
0.475636
0.510406
0.47901
0.48079
0.462641
0.478873
0.483539
0.500526
0.467692
0.5
0.475789
0.481828
0.487342
0.471944
0.516993
0.476587
0.460554
0.466
0.488
0.479666
0.522059
0.440895
0.493003
0.502651
0.480769
0.503275
0.44958
0.47341
0.482993
0.496403
0.449335
0.491903
0.508938
0.490771
0.478155
0.477833
0.484694
0.48783
0.477226
0.482255
0.452752
0.464583
0.451542
0.477046
0.484721
0.46875
0.489074
0.522629
0.463124
0.458735
0.479915
0.462203
0.471885
0.488273
0.51469
0.493865
0.479393
0.527426
0.467492
0.506787
0.472765
0.490649
0.472727
0.49069
0.463468
0.439664
0.510417
0.488603
0.51379
0.51232
0.489754
0.49332
0.491903
0.478632
0.491639
0.486339
0.501066
0.49732
0.461364
0.523279
0.470588
0.472551
0.503165
0.459817
0.510965
0.483097
0.498971
0.473291
0.504149
0.446878
0.494204
0.49641
0.480453
0.540733
0.502079
0.466049
0.454545
0.501632
0.495669
0.452174
0.466527
0.489083
0.490526
0.495943
0.455319
0.476673
0.49943
0.568548
0.462703
0.492896
0.499476
0.486097
0.488706
0.526036
0.460129
0.463597
0.507418
0.510096
0.476656
0.458678
0.483193
0.483299
0.486229
0.489119
0.484168
0.486716
0.49177
0.509886
0.454922
0.48494
0.461951
0.496753
0.465357
0.477226
0.483773
0.479495
0.512195
0.48873
0.495298
0.463918
0.465016
0.492683
0.492726
0.469867
0.489605
0.495943
0.5
0.414183
0.444668
0.485011
0.469697
0.460663
0.454719
0.495082
0.468487
0.517609
0.457175
0.517314
0.479561
0.518033
0.455375
0.461207
0.471718
0.513043
0.487421
0.494703
0.479915
0.51046
0.463739
0.511677
0.455838
0.478353
0.494888
0.462159
0.523666
0.48657
0.506792
0.492942
0.494824
0.502769
0.485067
0.495736
0.493776
0.448241
0.502024
0.505071
0.459941
0.481403
0.478571
0.514493
0.458967
0.487395
0.51346
0.515832
0.502404
0.496381
0.516701
0.484558
0.478398
0.48773
0.49545
0.519013
0.478044
0.476341
0.449945
0.523462
0.476503
0.483042
0.485106
0.489496
0.496381
0.486829
0.519916
0.468846
0.489989
0.511111
0.464322
0.484459
0.502612
0.496101
0.472024
0.478261
0.501584
0.508982
0.480687
0.484342
0.481744
0.507821
0.476096
0.484753
0.498465
0.456281
0.487315
0.506173
0.452381
0.5141
0.490664
0.477987
0.489496
0.504255
0.495595
0.488818
0.519958
0.457983
0.521647
0.453597
0.511387
0.467672
0.455414
0.495403
0.470899
0.446674
0.492477
0.483808
0.47772
0.434647
0.479296
0.474522
0.489562
0.467708
0.477912
0.476293
0.51864
0.493347
0.457944
0.435345
0.499014
0.495868
0.505133
0.461707
0.493952
0.473291
0.509969
0.469584
0.473233
0.493576
0.485138
0.505208
0.481142
0.512665
0.435518
0.508827
0.513846
0.505165
0.473571
0.483077
0.504202
0.507828
0.510526
0.500544
0.500527
0.487153
0.456726
0.512707
0.498984
0.47567
0.491266
0.477083
0.451681
0.462626
0.513374
0.488121
0.485923
0.487755
0.496795
0.510978
0.477157
0.509108
0.497446
0.484848
0.480298
0.53587
0.516495
0.499468
0.516932
0.495754
0.489496
0.498941
0.508718
0.438413
0.469905
0.450593
0.459375
0.521212
0.502475
0.449126
0.487026
0.518559
0.491525
0.5
0.51503
0.519027
0.465909
0.519092
0.471778
0.460499
0.469027
0.469968
0.525386
0.434251
0.488865
0.507495
0.460497
0.516985
0.513935
0.476546
0.481865
0.470408
0.508351
0.514614
0.476732
0.48029
0.490664
0.478261
0.473736
0.507071
0.478931
0.469512
0.465054
0.464912
0.485067
0.48488
0.497377
0.487288
0.494802
0.491457
0.517413
0.456522
0.530612
0.46783
0.463664
0.51232
0.473843
0.472009
0.462637
0.533827
0.459173
0.476395
0.462891
0.509684
0.479961
0.490722
0.470711
0.471144
0.47767
0.464657
0.504184
0.475
0.489648
0.470464
0.48411
0.467742
0.483299
0.479751
0.542857
0.463983
0.510504
0.506806
0.43189
0.499482
0.479321
0.489879
0.489817
0.488008
0.496296
0.504541
0.43956
0.479581
0.45567
0.519957
0.493852
0.493464
0.470213
0.448619
0.462513
0.501542
0.445455
0.505664
0.484127
0.466597
0.505155
0.472826
0.473161
0.5
0.506342
0.495772
0.491318
0.477005
0.477756
0.494461
0.514748
0.524004
0.48218
0.477064
0.410569
0.478992
0.514862
0.473224
0.529472
0.476094
0.484444
0.46888
0.488759
0.465753
0.488372
0.460888
0.497012
0.444334
0.478444
0.478084
0.495893
0.498958
0.500517
0.487578
0.495575
0.494041
0.498004
0.499489
0.491285
0.48008
0.460978
0.469747
0.471398
0.525316
0.47541
0.478541
0.510225
0.473361
0.485128
0.506653
0.500507
0.468683
0.432821
0.424702
0.493737
0.457627
0.4875
0.448875
0.493208
0.508333
0.486976
0.501008
0.469867
0.494802
0.485447
0.469408
0.510142
0.502612
0.520362
0.469087
0.434021
0.485477
0.453917
0.512847
0.514983
0.485893
0.490786
0.481092
0.495789
0.496388
0.499479
0.474576
0.487805
0.481092
0.509595
0.493952
0.49213
0.48583
0.597701
0.487258
0.479167
0.471311
0.461053
0.460485
0.505618
0.5
0.449522
0.480769
0.486322
0.464361
0.550102
0.495177
0.505285
0.507952
0.487723
0.493952
0.473348
0.473788
0.5
0.472928
0.490094
0.52454
0.478947
0.485043
0.504762
0.490964
0.442903
0.484656
0.481903
0.475375
0.468915
0.514196
0.489119
0.476295
0.497955
0.533197
0.471459
0.489247
0.49635
0.498452
0.486405
0.498952
0.502062
0.480588
0.465739
0.471718
0.477956
0.468547
0.480171
0.496109
0.508901
0.481828
0.496781
0.489707
0.502703
0.47697
0.480159
0.456369
0.469744
0.466068
0.494186
0.468547
0.492929
0.464789
0.483871
0.492823
0.495868
0.473348
0.51882
0.498429
0.498462
0.479253
0.419255
0.496109
0.473948
0.488069
0.51153
0.476636
0.480263
0.486667
0.4788
0.460446
0.478992
0.460335
0.453175
0.468063
0.455696
0.509033
0.447668
0.453535
0.457172
0.484211
0.44577
0.480534
0.507837
0.475728
0.505133
0.532258
0.508081
0.466119
0.454739
0.449686
0.467437
0.464819
0.495927
0.489648
0.453141
0.477912
0.470464
0.47412
0.495833
0.495851
0.434375
0.435622
0.465711
0.478624
0.489468
0.482948
0.4846
0.484211
0.467775
0.481992
0.504854
0.509724
0.501008
0.485201
0.478353
0.484453
0.488465
0.489648
0.519792
0.507527
0.450382
0.480851
0.447894
0.470711
0.5
0.454449
0.486762
0.481675
0.469027
0.486931
0.501511
0.459898
0.488794
0.50149
0.471698
0.507724
0.46968
0.490031
0.477848
0.509606
0.502726
0.461712
0.472669
0.500494
0.491228
0.504367
0.469777
0.491062
0.459375
0.457341
0.455852
0.476244
0.487078
0.481675
0.514515
0.519507
0.509474
0.463492
0.494715
0.505051
0.464286
0.505832
0.475983
0.495842
0.472988
0.504762
0.479376
0.479959
0.447231
0.489627
0.450902
0.508665
0.45929
0.480382
0.48407
0.499487
0.490644
0.472892
0.490405
0.495238
0.485741
0.470213
0.497947
0.504625
0.5
0.492818
0.51046
0.455457
0.508299
0.458506
0.504625
0.478958
0.497507
0.482105
0.491701
0.478355
0.507353
0.463134
0.485342
0.465957
0.484817
0.45332
0.459459
0.488683
0.472959
0.466877
0.488095
0.47191
0.487603
0.443158
0.496951
0.469512
0.496273
0.477174
0.466809
0.502596
0.471679
0.496732
0.46701
0.487073
0.483402
0.46999
0.514957
0.4788
0.5
0.471718
0.474129
0.462354
0.511581
0.474066
0.509165
0.442523
0.473251
0.513484
0.48601
0.484391
0.483458
0.491837
0.456193
0.506508
0.461224
0.493292
0.405579
0.471289
0.48778
0.465166
0.505796
0.499495
0.524004
0.465872
0.452935
0.484912
0.49121
0.479526
0.474444
0.459432
0.470238
0.490741
0.476546
0.475597
0.444217
0.487514
0.435484
0.483938
0.489209
0.469556
0.502548
0.466942
0.492203
0.478827
0.474429
0.449022
0.515215
0.471338
0.503546
0.492616
0.463768
0.465166
0.497955
0.506397
0.46875
0.500492
0.475216
0.462366
0.487284
0.475237
0.49384
0.490546
0.484817
0.498936
0.464286
0.501632
0.468172
0.481188
0.487206
0.49408
0.482292
0.507987
0.506494
0.486574
0.51512
0.486111
0.44264
0.492843
0.489209
0.483471
0.479079
0.452356
0.519569
0.462733
0.508736
0.482474
0.474238
0.503261
0.507447
0.487179
0.482587
0.52572
0.467793
0.495327
0.453886
0.44397
0.453222
0.446995
0.511111
0.481405
0.50303
0.474138
0.492927
0.464211
0.46319
0.523614
0.491005
0.458904
0.483936
0.466667
0.510791
0.478844
0.466667
0.491062
0.470833
0.555777
0.486188
0.484783
0.488372
0.473361
0.46138
0.465517
0.491718
0.502738
0.474506
0.473
0.46631
0.487335
0.462687
0.470899
0.482906
0.515642
0.470766
0.483384
0.433923
0.511747
0.500498
0.449353
0.459893
0.495183
0.497415
0.520277
0.517279
0.465481
0.469828
0.49445
0.496241
0.507114
0.465498
0.499479
0.502183
0.469891
0.478501
0.485893
0.45
0.433369
0.471602
0.5209
0.509259
0.497371
0.497041
0.494877
0.507743
0.462626
0.495114
0.430366
0.51626
0.523504
0.485769
0.495816
0.415707
0.488421
0.482653
0.484725
0.469819
0.49217
0.5
0.482255
0.47482
0.493258
0.488912
0.486345
0.495413
0.46911
0.474684
0.509146
0.502088
0.491398
0.483598
0.487207
0.479189
0.495337
0.492097
0.489
0.451081
0.474946
0.515516
0.493878
0.487379
0.516977
0.475832
0.503673
0.48203
0.513026
0.485485
0.47479
0.455466
0.465909
0.482972
0.484914
0.486598
0.497175
0.496868
0.475748
0.495218
0.513961
0.462626
0.46802
0.498062
0.479424
0.495431
0.461619
0.461864
0.463
0.449791
0.474877
0.518116
0.496637
0.486708
0.491081
0.521097
0.484472
0.51036
0.5
0.48994
0.511723
0.486815
0.469484
0.487879
0.513211
0.534274
0.485567
0.476721
0.430151
0.46184
0.482088
0.461111
0.467368
0.483207
0.518072
0.505629
0.497947
0.482686
0.477083
0.51016
0.509948
0.509862
0.513627
0.437562
0.465641
0.493435
0.454153
0.494549
0.499494
0.51714
0.475155
0.490526
0.473795
0.470889
0.471983
0.492944
0.440426
0.475185
0.48927
0.485961
0.481398
0.442974
0.499468
0.461373
0.500497
0.488488
0.489384
0.515279
0.468547
0.507136
0.522869
0.490452
0.471241
0.454726
0.472135
0.512299
0.454839
0.482759
0.508004
0.486928
0.448661
0.48494
0.492323
0.449845
0.483264
0.459516
0.490138
0.511425
0.493763
0.474798
0.481876
0.492205
0.481876
0.502165
0.477345
0.490928
0.498371
0.488325
0.470402
0.460815
0.481521
0.505017
0.4791
0.519717
0.49784
0.496795
0.482438
0.497377
0.505081
0.499486
0.483806
0.48643
0.498486
0.485036
0.455285
0.480932
0.49418
0.486667
0.481053
0.50268
0.46856
0.464995
0.474649
0.490982
0.513007
0.516899
0.488624
0.488253
0.496862
0.455959
0.462924
0.504523
0.51606
0.490546
0.474923
0.437626
0.498403
0.497332
0.450397
0.538776
0.49002
0.489201
0.475359
0.480709
0.490986
0.518974
0.507511
0.495146
0.503171
0.513631
0.5
0.48495
0.5132
0.51593
0.468293
0.515608
0.464066
0.465641
0.518085
0.501044
0.49076
0.510032
0.477178
0.501625
0.494635
0.487073
0.458506
0.483871
0.451346
0.510204
0.501014
0.505641
0.48156
0.497018
0.495156
0.488995
0.510226
0.461698
0.501094
0.482948
0.501094
0.46394
0.527778
0.472946
0.445523
0.491131
0.45225
0.458811
0.520788
0.462863
0.506098
0.491684
0.494371
0.466877
0.469185
0.485294
0.499485
0.482178
0.470528
0.431557
0.475444
0.495135
0.48927
0.483528
0.502179
0.519042
0.457732
0.487903
0.486056
0.504255
0.498489
0.491189
0.478348
0.484232
0.488083
0.486911
0.476793
0.479144
0.475177
0.477005
0.502208
0.488445
0.499499
0.516685
0.48179
0.474975
0.503575
0.500522
0.51365
0.506122
0.467347
0.464583
0.503568
0.500559
0.503712
0.496746
0.478444
0.454162
0.488746
0.486688
0.501481
0.453961
0.484375
0.494929
0.505695
0.505796
0.482503
0.467611
0.509804
0.49477
0.464975
0.489691
0.452111
0.510163
0.505519
0.507645
0.480652
0.473938
0.487179
0.483589
0.465205
0.465753
0.474227
0.492901
0.471639
0.451282
0.495298
0.506922
0.514573
0.459514
0.480382
0.471898
0.485
0.450561
0.508032
0.512141
0.459119
0.450855
0.485089
0.450644
0.475025
0.510504
0.498941
0.489752
0.494577
0.505832
0.514781
0.454255
0.499008
0.478756
0.447425
0.465169
0.474066
0.516779
0.488798
0.495135
0.492569
0.431435
0.504569
0.488494
0.477627
0.489669
0.510288
0.494624
0.488692
0.472876
0.482341
0.50053
0.482377
0.469979
0.48855
0.485915
0.478028
0.505946
0.490217
0.493414
0.513
0.489754
0.508982
0.5
0.485477
0.504541
0.499466
0.460432
0.517098
0.492339
0.493063
0.484358
0.40593
0.496327
0.516583
0.514399
0.496552
0.478261
0.517084
0.498963
0.464747
0.51952
0.488142
0.482438
0.495166
0.457018
0.485342
0.466102
0.494253
0.49848
0.488142
0.484882
0.517172
0.515475
0.486316
0.511868
0.487354
0.482604
0.484817
0.479495
0.452138
0.446955
0.508492
0.506507
0.469347
0.5
0.468487
0.508264
0.463636
0.483068
0.47492
0.476489
0.485887
0.458564
0.513818
0.480203
0.498522
0.478607
0.460168
0.500528
0.461864
0.460239
0.524462
0.510846
0.48407
0.50838
0.478788
0.456635
0.50787
0.506726
0.485485
0.508032
0.481151
0.489426
0.485804
0.482932
0.488273
0.486458
0.464657
0.502092
0.499462
0.491118
0.487321
0.469072
0.540965
0.45943
0.486884
0.504772
0.49121
0.507508
0.466321
0.5
0.486267
0.509606
0.46334
0.507761
0.5
0.498468
0.488794
0.428571
0.48125
0.467583
0.466463
0.507277
0.478579
0.471491
0.46241
0.504376
0.510553
0.526425
0.519362
0.468687
0.496395
0.477733
0.508163
0.487152
0.497967
0.502575
0.508197
0.498984
0.508543
0.526486
0.490256
0.48866
0.49742
0.487621
0.528899
0.467403
0.483701
0.454641
0.48488
0.494024
0.516299
0.512871
0.515376
0.487603
0.474453
0.492521
0.431193
0.479339
0.502994
0.503612
0.485743
0.467559
0.452577
0.516304
0.498439
0.503876
0.503106
0.537736
0.465921
0.479592
0.497477
0.482937
0.479744
0.460963
0.45629
0.467742
0.427646
0.501022
0.466599
0.489362
0.530547
0.483871
0.477017
0.447146
0.483806
0.475546
0.530287
0.47901
0.466304
0.520563
0.488229
0.484881
0.497006
0.463664
0.473042
0.415094
0.526971
0.440283
0.474292
0.464712
0.456422
0.504597
0.504057
0.425105
0.469556
0.477131
0.486322
0.445037
0.490394
0.483673
0.480159
0.482088
0.49413
0.511843
0.468992
0.484787
0.495772
0.482283
0.461155
0.519916
0.450053
0.459725
0.490779
0.521649
0.523093
0.503125
0.508882
0.478521
0.451446
0.542977
0.463158
0.462025
0.550495
0.477987
0.494867
0.485294
0.491155
0.482105
0.434924
0.444562
0.504742
0.475169
0.48194
0.485567
0.470334
0.519453
0.496788
0.486486
0.464431
0.52521
0.492339
0.505495
0.498492
0.49226
0.490526
0.495868
0.501057
0.474614
0.493548
0.50432
0.479277
0.45092
0.466667
0.480423
0.507874
0.524059
0.492196
0.505071
0.4791
0.473205
0.390244
0.436458
0.496914
0.508736
0.452555
0.50499
0.462612
0.493122
0.470157
0.466814
0.478039
0.490791
0.485219
0.503106
0.528856
0.488008
0.512315
0.501611
0.496288
0.514661
0.504184
0.513834
0.43361
0.487
0.452525
0.459052
0.485561
0.489253
0.501044
0.496926
0.473392
0.489496
0.458023
0.472222
0.473354
0.487368
0.494192
0.462869
0.480402
0.502123
0.557009
0.503386
0.495327
0.482218
0.493802
0.508233
0.450374
0.432836
0.48283
0.472987
0.485149
0.475848
0.453754
0.493107
0.455992
0.423935
0.523909
0.453488
0.478305
0.500978
0.498941
0.495781
0.454545
0.487648
0.493902
0.462749
0.506135
0.445513
0.529532
0.459911
0.468328
0.515496
0.485468
0.489164
0.502075
0.498486
0.483204
0.493306
0.480167
0.441614
0.489293
0.45627
0.508995
0.4972
0.487448
0.457203
0.474227
0.513691
0.480638
0.51821
0.481915
0.489879
0.461059
0.492662
0.496964
0.521499
0.493048
0.435065
0.503784
0.489552
0.477551
0.458696
0.441692
0.466203
0.504625
0.484392
0.479633
0.49502
0.492553
0.498012
0.484733
0.461382
0.478444
0.473151
0.49835
0.498489
0.467559
0.475277
0.479303
0.495918
0.502058
0.505808
0.46194
0.492585
0.501116
0.48503
0.502596
0.483965
0.463212
0.498938
0.497404
0.485597
0.49591
0.496862
0.484222
0.523422
0.482418
0.472987
0.515369
0.5
0.523709
0.501481
0.491173
0.492355
0.520334
0.501211
0.448747
0.52444
0.491614
0.493401
0.501577
0.472336
0.509052
0.414243
0.496881
0.467505
0.487512
0.459641
0.453575
0.493278
0.475
0.514085
0.448835
0.494208
0.502618
0.493295
0.480973
0.484688
0.463675
0.505297
0.465739
0.472252
0.532427
0.504587
0.481405
0.487879
0.456026
0.498035
0.52077
0.473306
0.465553
0.465553
0.523652
0.430526
0.487288
0.49237
0.483701
0.432896
0.494439
0.480465
0.488649
0.481132
0.465608
0.472637
0.494382
0.491453
0.451646
0.498934
0.513369
0.465657
0.518987
0.498439
0.49026
0.481092
0.480126
0.478689
0.469538
0.469929
0.463617
0.48666
0.52193
0.476048
0.491024
0.485405
0.475336
0.478745
0.481203
0.514077
0.453608
0.487654
0.483158
0.489648
0.484244
0.439834
0.420627
0.503428
0.479781
0.464625
0.480885
0.506173
0.515487
0.48913
0.494647
0.465726
0.501622
0.470525
0.47817
0.524975
0.488613
0.529968
0.516293
0.491731
0.490355
0.508665
0.45106
0.47619
0.498984
0.465839
0.498477
0.490135
0.518008
0.482979
0.481103
0.479882
0.510121
0.492013
0.492152
0.505123
0.486542
0.466667
0.480547
0.50792
0.47807
0.528846
0.49501
0.485201
0.485356
0.486322
0.477778
0.486402
0.480769
0.463938
0.472868
0.517766
0.506997
0.504752
0.494371
0.487361
0.497366
0.508299
0.510246
0.497303
0.46865
0.394261
0.450157
0.504049
0.477273
0.483974
0.487127
0.469713
0.487293
0.502662
0.518711
0.475393
0.508621
0.473267
0.504082
0.490816
0.531111
0.487933
0.496016
0.485801
0.45749
0.49332
0.496781
0.489691
0.484909
0.519841
0.510331
0.446674
0.448137
0.51016
0.520925
0.503992
0.496447
0.474576
0.524291
0.46179
0.510121
0.495927
0.478006
0.48847
0.511699
0.496933
0.46723
0.498952
0.470707
0.51682
0.501558
0.458511
0.506383
0.423433
0.474082
0.501957
0.51052
0.516563
0.470954
0.5
0.517526
0.530786
0.452991
0.492323
0.470032
0.489775
0.467677
0.452503
0.471083
0.483624
0.467442
0.500552
0.481781
0.497343
0.474012
0.482684
0.498423
0.461692
0.48927
0.497349
0.508876
0.484328
0.508791
0.488083
0.517354
0.526092
0.498938
0.497377
0.459854
0.493711
0.483299
0.472539
0.484168
0.488982
0.527919
0.49002
0.475687
0.484669
0.460773
0.46911
0.469163
0.522246
0.456803
0.48666
0.48176
0.47957
0.466457
0.496425
0.49002
0.46194
0.501031
0.471125
0.476337
0.495337
0.485159
0.526425
0.474645
0.455543
0.512195
0.485714
0.473626
0.467928
0.46875
0.51495
0.488395
0.517028
0.481876
0.47725
0.471007
0.481283
0.457806
0.453125
0.497497
0.463
0.474843
0.477046
0.472551
0.488421
0.495859
0.514107
0.495798
0.475207
0.496842
0.472785
0.490219
0.496288
0.474872
0.5
0.494405
0.467449
0.480256
0.495059
0.503112
0.50495
0.493107
0.446762
0.5
0.482552
0.496894
0.487153
0.483387
0.501988
0.475228
0.472709
0.512614
0.486065
0.470041
0.499484
0.488189
0.459877
0.480214
0.494265
0.485623
0.484264
0.520588
0.504184
0.489669
0.493976
0.477362
0.519149
0.476815
0.502092
0.498429
0.486708
0.488181
0.482239
0.489796
0.503784
0.498339
0.472709
0.477933
0.503247
0.459315
0.447761
0.488722
0.475947
0.482234
0.485588
0.455455
0.510331
0.496901
0.482937
0.458836
0.468915
0.490385
0.516162
0.513514
0.496842
0.464968
0.502629
0.496802
0.486716
0.482328
0.490343
0.501057
0.494217
0.551651
0.457561
0.509595
0.465241
0.483971
0.433846
0.463221
0.504435
0.521739
0.4413
0.486458
0.514256
0.502982
0.491264
0.470309
0.505482
0.525128
0.472024
0.513691
0.483146
0.48954
0.471519
0.48973
0.455709
0.512093
0.494748
0.511327
0.483673
0.475048
0.504132
0.506186
0.47817
0.491753
0.456453
0.511628
0.486594
0.506778
0.490644
0.458128
0.448731
0.514029
0.485592
0.485181
0.495166
0.482418
0.481172
0.501071
0.495155
0.493069
0.533333
0.519013
0.480892
0.470339
0.459052
0.468041
0.457404
0.469185
0.483097
0.464025
0.454082
0.480315
0.481218
0.512922
0.496281
0.47191
0.484591
0.467573
0.491507
0.490114
0.455912
0.454102
0.443299
0.484359
0.491892
0.508282
0.487965
0.496599
0.46999
0.51816
0.481602
0.478827
0.480208
0.501109
0.532374
0.474768
0.458586
0.475083
0.496496
0.503205
0.476695
0.468783
0.475584
0.501996
0.501059
0.49496
0.498969
0.5
0.446188
0.52323
0.519494
0.481289
0.485189
0.482643
0.478919
0.456369
0.509128
0.479602
0.433809
0.483215
0.473573
0.478402
0.4718
0.476636
0.467358
0.472727
0.487293
0.52495
0.47137
0.520603
0.483707
0.478261
0.503842
0.480932
0.476842
0.486154
0.50495
0.507726
0.475475
0.463466
0.484818
0.480208
0.479751
0.488706
0.486309
0.507645
0.472422
0.494939
0.5
0.488865
0.497921
0.46729
0.489253
0.487805
0.494696
0.479452
0.494792
0.505629
0.493069
0.528986
0.50715
0.493304
0.490891
0.516899
0.483968
0.505304
0.51046
0.462236
0.461538
0.463843
0.484153
0.481876
0.453815
0.483903
0.473856
0.477733
0.48
0.480042
0.484444
0.481203
0.474
0.486373
0.472843
0.503704
0.505664
0.52572
0.504569
0.515475
0.489919
0.446264
0.498486
0.501025
0.47557
0.496957
0.52554
0.501542
0.50616
0.489919
0.458911
0.457317
0.47
0.479581
0.463468
0.514377
0.425101
0.49076
0.490052
0.504505
0.466181
0.48635
0.467975
0.508439
0.44
0.47619
0.462944
0.490586
0.487548
0.495516
0.5
0.482465
0.502703
0.479561
0.478444
0.507447
0.475446
0.494692
0.486653
0.455121
0.478307
0.47697
0.494856
0.473529
0.476045
0.525232
0.489412
0.498039
0.494939
0.505252
0.445607
0.497207
0.518402
0.484037
0.504941
0.477345
0.485981
0.45914
0.488865
0.501035
0.511364
0.476815
0.507058
0.453501
0.495394
0.438765
0.48866
0.465499
0.50625
0.484624
0.510638
0.530093
0.474082
0.509054
0.503185
0.497399
0.503619
0.494253
0.468478
0.490506
0.488095
0.477083
0.492723
0.477801
0.483971
0.48029
0.447211
0.480874
0.483505
0.484943
0.484444
0.491282
0.466926
0.485261
0.497
0.492632
0.50264
0.481294
0.462387
0.494041
0.501551
0.505353
0.481768
0.51505
0.524123
0.488565
0.45954
0.492958
0.467327
0.499463
0.477137
0.431976
0.472019
0.478039
0.507128
0.475237
0.501124
0.485169
0.51735
0.482546
0.46129
0.490605
0.506612
0.453207
0.492632
0.501548
0.481113
0.538298
0.501597
0.511501
0.507056
0.515723
0.440252
0.445565
0.434735
0.494036
0.451996
0.487578
0.4946
0.50368
0.50996
0.482972
0.486081
0.498455
0.427435
0.428571
0.516598
0.472107
0.5
0.494867
0.480477
0.457348
0.499457
0.466523
0.511
0.476334
0.489899
0.44938
0.464726
0.488575
0.466956
0.519814
0.45987
0.444664
0.483906
0.492375
0.478632
0.44511
0.487284
0.485981
0.496454
0.491361
0.532787
0.44511
0.479314
0.493078
0.48994
0.5
0.489005
0.466667
0.458716
0.473205
0.468849
0.495385
0.464592
0.480962
0.506958
0.485011
0.498399
0.507042
0.472987
0.497274
0.499456
0.460754
0.477407
0.465016
0.457323
0.445833
0.507246
0.494856
0.502559
0.473795
0.518634
0.489194
0.451098
0.472043
0.473571
0.494242
0.531049
0.47817
0.471983
0.528587
0.458333
0.459957
0.449629
0.515213
0.473196
0.514192
0.393476
0.505051
0.448916
0.499481
0.503138
0.535332
0.480082
0.488397
0.5
0.462121
0.469409
0.480687
0.481781
0.497393
0.522876
0.470085
0.491979
0.510941
0.474385
0.471384
0.496875
0.514964
0.432184
0.469777
0.484004
0.509184
0.485169
0.517738
0.518438
0.460222
0.471754
0.480493
0.471459
0.491491
0.469453
0.462851
0.483417
0.440258
0.508754
0.478398
0.514223
0.479798
0.520291
0.457696
0.502697
0.491071
0.445732
0.479757
0.494692
0.486125
0.455466
0.494428
0.493165
0.486653
0.478548
0.512146
0.463147
0.438285
0.475648
0.475289
0.528978
0.491675
0.482218
0.506641
0.476732
0.504451
0.480947
0.501089
0.468553
0.464105
0.527559
0.485859
0.508114
0.501532
0.504082
0.500509
0.468314
0.502691
0.523454
0.481409
0.510917
0.496517
0.513627
0.501567
0.510032
0.482377
0.45281
0.479144
0.514553
0.491944
0.497425
0.47166
0.476451
0.447172
0.443089
0.505155
0.497845
0.498971
0.491592
0.478304
0.49182
0.509455
0.466251
0.507216
0.496606
0.470282
0.43763
0.461777
0.498925
0.507592
0.485743
0.494802
0.500526
0.493194
0.479393
0.467559
0.477801
0.469854
0.475495
0.485685
0.481142
0.491756
0.487437
0.446035
0.494757
0.492723
0.482051
0.506806
0.489383
0.510248
0.46383
0.482688
0.488998
0.520728
0.479581
0.495114
0.496659
0.488821
0.446004
0.50243
0.489712
0.479876
0.529931
0.50495
0.459641
0.48873
0.492886
0.521073
0.494393
0.468547
0.49418
0.46943
0.491614
0.46604
0.496016
0.469636
0.491723
0.422747
0.524838
0.508869
0.498988
0.484407
0.481188
0.4819
0.497881
0.519192
0.495968
0.468045
0.505308
0.482124
0.529843
0.505832
0.483808
0.443396
0.466189
0.493644
0.465042
0.491036
0.514957
0.507953
0.466942
0.445607
0.48668
0.509586
0.498458
0.476987
0.467871
0.503743
0.510814
0.490771
0.495346
0.450469
0.485685
0.535645
0.463983
0.443
0.455823
0.478217
0.49226
0.462025
0.511777
0.490471
0.487629
0.511952
0.464744
0.488488
0.494824
0.522293
0.470226
0.525499
0.463221
0.526147
0.503802
0.504673
0.480151
0.427952
0.471967
0.492944
0.510081
0.505253
0.504654
0.47766
0.513875
0.474453
0.470905
0.47955
0.496842
0.469027
0.495885
0.504732
0.491062
0.476337
0.462185
0.480307
0.488372
0.458422
0.424084
0.479624
0.497532
0.5
0.497895
0.509845
0.466597
0.485804
0.479958
0.472789
0.484943
0.525751
0.512632
0.497963
0.511435
0.467462
0.478528
0.491264
0.484785
0.48773
0.48125
0.520243
0.451515
0.498542
0.537832
0.513904
0.541026
0.489676
0.480465
0.472222
0.491018
0.502585
0.484127
0.472632
0.506198
0.495992
0.503767
0.510995
0.485714
0.479167
0.496432
0.461702
0.492097
0.512526
0.489919
0.482213
0.530369
0.487395
0.487621
0.480363
0.482932
0.48666
0.472868
0.486948
0.502533
0.47379
0.527254
0.503178
0.472467
0.482723
0.514764
0.464361
0.505274
0.483351
0.501044
0.463542
0.506757
0.455216
0.474273
0.459596
0.492915
0.505723
0.479267
0.509704
0.494226
0.471616
0.472458
0.496774
0.491342
0.492843
0.464181
0.485201
0.478615
0.469136
0.483042
0.504219
0.480315
0.506289
0.508097
0.512768
0.502141
0.513684
0.513374
0.46308
0.493421
0.462671
0.472527
0.512247
0.480519
0.498911
0.442266
0.491005
0.52409
0.498399
0.465447
0.521385
0.505528
0.455809
0.471083
0.486869
0.485309
0.503055
0.492754
0.490196
0.483471
0.520877
0.447716
0.477131
0.465336
0.464859
0.50359
0.496855
0.495
0.45112
0.515837
0.478678
0.489955
0.49703
0.47314
0.510053
0.487654
0.505507
0.465068
0.486784
0.523232
0.5
0.498446
0.5
0.505688
0.479558
0.49949
0.508081
0.475083
0.462656
0.504712
0.491363
0.489362
0.518036
0.49345
0.464174
0.508584
0.463364
0.492477
0.477848
0.456321
0.470041
0.472901
0.481092
0.505187
0.47996
0.516736
0.485043
0.513655
0.44641
0.5
0.497366
0.496802
0.494612
0.492095
0.466877
0.47191
0.489796
0.449198
0.497854
0.47065
0.48048
0.508547
0.477197
0.497984
0.422222
0.522954
0.478764
0.476706
0.499474
0.475597
0.493737
0.489627
0.473379
0.459016
0.502668
0.505081
0.51606
0.503946
0.5
0.493724
0.478642
0.502953
0.454153
0.456197
0.499493
0.512873
0.488445
0.487552
0.509554
0.468615
0.507277
0.502439
0.468889
0.51127
0.493421
0.480519
0.469307
0.503808
0.485138
0.46318
0.496862
0.420719
0.469813
0.48194
0.457906
0.47332
0.512245
0.484422
0.412791
0.464072
0.497934
0.477392
0.51417
0.531027
0.461378
0.521459
0.494312
0.490811
0.413306
0.484656
0.501096
0.493841
0.472103
0.490336
0.48366
0.490722
0.471678
0.47286
0.506508
0.485265
0.458746
0.504202
0.48431
0.515541
0.440162
0.492239
0.479103
0.494538
0.502188
0.505783
0.482201
0.50216
0.477273
0.49742
0.477516
0.48029
0.466059
0.493506
0.484277
0.488818
0.483015
0.479526
0.522897
0.501016
0.4926
0.491474
0.488205
0.462863
0.511425
0.498054
0.491062
0.477941
0.461382
0.47449
0.46738
0.534066
0.457261
0.503132
0.506792
0.451943
0.45005
0.503348
0.478033
0.484817
0.511506
0.471503
0.502994
0.498446
0.490605
0.480547
0.467066
0.510571
0.443609
0.448894
0.489253
0.511651
0.516832
0.501535
0.458418
0.496032
0.450054
0.462626
0.473631
0.459883
0.473575
0.512195
0.495468
0.507338
0.47065
0.488839
0.504608
0.481218
0.496951
0.475
0.485106
0.494347
0.425509
0.477801
0.504348
0.494036
0.526882
0.469199
0.495156
0.482759
0.509054
0.458416
0.488542
0.45723
0.456456
0.459794
0.464575
0.46875
0.491453
0.49503
0.542977
0.517647
0.477903
0.505092
0.463486
0.502058
0.483202
0.508368
0.491927
0.456961
0.493789
0.50051
0.505051
0.492228
0.501604
0.472
0.498442
0.482328
0.512563
0.486895
0.472373
0.481256
0.432914
0.495859
0.463754
0.504228
0.443769
0.459381
0.482218
0.489707
0.501085
0.500557
0.485537
0.497899
0.480603
0.483471
0.480612
0.481809
0.450054
0.511654
0.479592
0.521786
0.516461
0.470024
0.489044
0.495413
0.485279
0.476091
0.481026
0.476091
0.481442
0.513919
0.506276
0.458927
0.512195
0.520317
0.502634
0.470238
0.524178
0.473461
0.454644
0.533193
0.479479
0.494845
0.470165
0.476291
0.446632
0.511206
0.47619
0.490044
0.496875
0.477597
0.496241
0.442149
0.487854
0.49075
0.483938
0.475636
0.508946
0.456085
0.497409
0.490482
0.477322
0.466321
0.518987
0.5
0.463265
0.485981
0.509036
0.5
0.506792
0.531062
0.479321
0.502538
0.492843
0.480078
0.490196
0.490446
0.474227
0.486637
0.479424
0.521244
0.480122
0.497826
0.472284
0.491979
0.452069
0.474292
0.521739
0.498516
0.470588
0.498008
0.470219
0.500512
0.431633
0.485325
0.502075
0.473786
0.473415
0.445503
0.450157
0.476027
0.435771
0.489451
0.442006
0.494612
0.490375
0.503198
0.479592
0.471816
0.5
0.478214
0.468478
0.448168
0.446108
0.48
0.477017
0.478702
0.487896
0.521472
0.469905
0.47697
0.491507
0.49632
0.495098
0.449108
0.435359
0.454906
0.499496
0.479959
0.478702
0.48179
0.510117
0.504782
0.454071
0.489241
0.50409
0.479614
0.512573
0.497908
0.483087
0.501508
0.52714
0.510352
0.526042
0.487629
0.488683
0.473186
0.488069
0.474484
0.441113
0.508475
0.496732
0.482088
0.497354
0.460455
0.466332
0.464575
0.47433
0.495394
0.461945
0.490426
0.496888
0.511879
0.504292
0.501558
0.440367
0.473348
0.496327
0.482161
0.479839
0.524793
0.476143
0.473233
0.483871
0.463462
0.483696
0.492462
0.5
0.49467
0.517672
0.512245
0.504158
0.465481
0.489865
0.503138
0.51746
0.503435
0.499465
0.481714
0.50173
0.487179
0.497452
0.454644
0.49477
0.52459
0.527094
0.464615
0.498969
0.482474
0.558676
0.494265
0.453276
0.488298
0.429897
0.472843
0.501601
0.449588
0.498904
0.484032
0.497967
0.495833
0.479482
0.440166
0.494505
0.465825
0.491118
0.464941
0.48488
0.468717
0.480612
0.496894
0.460795
0.501031
0.511917
0.479103
0.490872
0.491043
0.448938
0.504016
0.507886
0.449041
0.509434
0.463468
0.477083
0.482305
0.495893
0.514354
0.519924
0.447059
0.472306
0.481881
0.483801
0.490073
0.48254
0.522995
0.502518
0.487432
0.483773
0.493603
0.433862
0.460455
0.509804
0.499483
0.486515
0.495366
0.486068
0.516162
0.504057
0.509229
0.489142
0.481651
0.516484
0.498978
0.504606
0.459566
0.493409
0.473741
0.468017
0.459898
0.463542
0.525641
0.496888
0.487026
0.48
0.463415
0.474429
0.497778
0.495951
0.472417
0.50592
0.538541
0.476695
0.460613
0.50792
0.504098
0.506424
0.489816
0.473415
0.479188
0.496829
0.473573
0.501608
0.5
0.472799
0.481916
0.503553
0.487368
0.461847
0.48289
0.485887
0.519453
0.498449
0.494168
0.521351
0.496894
0.467532
0.503511
0.478439
0.477956
0.460697
0.446448
0.47697
0.485991
0.513423
0.486574
0.512061
0.494541
0.454741
0.475992
0.493532
0.480243
0.473404
0.488889
0.496468
0.478489
0.471215
0.483015
0.483607
0.501099
0.461283
0.464503
0.544469
0.474468
0.522727
0.509824
0.480249
0.489627
0.511351
0.503899
0.548583
0.45749
0.477534
0.47923
0.427918
0.449002
0.486985
0.486182
0.508299
0.514658
0.495422
0.481229
0.462366
0.506533
0.483387
0.494277
0.487526
0.522436
0.487779
0.524302
0.501629
0.485098
0.460041
0.466245
0.501587
0.487548
0.498324
0.46035
0.487603
0.483112
0.488189
0.490946
0.487232
0.478903
0.479036
0.503539
0.47678
0.501106
0.507114
0.498486
0.490702
0.511828
0.489631
0.481328
0.497315
0.438905
0.486486
0.524017
0.513919
0.461538
0.514412
0.486744
0.514532
0.49676
0.471698
0.434505
0.494265
0.48431
0.484277
0.481681
0.475269
0.481289
0.46953
0.484392
0.480249
0.483279
0.476337
0.467793
0.49453
0.5
0.484
0.501558
0.443497
0.48913
0.473085
0.497881
0.502137
0.505252
0.475623
0.527311
0.482068
0.482239
0.507543
0.484536
0.494371
0.476857
0.463812
0.496296
0.479144
0.493902
0.504367
0.463542
0.486626
0.49949
0.493107
0.462203
0.462176
0.472885
0.498403
0.481737
0.491489
0.497988
0.503984
0.512326
0.5
0.506612
0.485623
0.484037
0.531595
0.486895
0.459979
0.47379
0.491018
0.508073
0.469469
0.489339
0.469538
0.487395
0.497967
0.454545
0.515409
0.454735
0.510204
0.505495
0.481564
0.500541
0.435306
0.459653
0.48081
0.461707
0.474872
0.495893
0.482
0.493122
0.496849
0.483249
0.444444
0.486039
0.497286
0.454641
0.495516
0.459519
0.498876
0.504032
0.518152
0.506694
0.521156
0.486515
0.49182
0.490155
0.452217
0.475728
0.468354
0.463235
0.452586
0.475269
0.521376
0.5
0.513116
0.463054
0.424865
0.448099
0.479036
0.464208
0.491173
0.472709
0.476395
0.450469
0.495943
0.495868
0.479452
0.464325
0.498012
0.458159
0.482721
0.456653
0.493506
0.520317
0.497921
0.469036
0.487487
0.495468
0.500546
0.498932
0.485098
0.483667
0.419018
0.471429
0.523385
0.522177
0.481366
0.46701
0.37234
0.473795
0.491005
0.507214
0.506391
0.46861
0.486141
0.472539
0.501012
0.471475
0.521647
0.498945
0.506429
0.474347
0.501581
0.469008
0.483315
0.470462
0.471616
0.502105
0.465462
0.480167
0.48601
0.484199
0.493724
0.448665
0.493333
0.505387
0.507527
0.473577
0.480283
0.477848
0.48419
0.483235
0.508841
0.523659
0.50503
0.474372
0.501554
0.523046
0.504792
0.434311
0.483904
0.5
0.498073
0.51002
0.458678
0.473684
0.484144
0.45182
0.501014
0.510593
0.474453
0.503497
0.505895
0.480628
0.460976
0.503859
0.495082
0.444565
0.483731
0.468262
0.484264
0.507012
0.492477
0.533465
0.48318
0.465641
0.493292
0.44206
0.486626
0.501037
0.488323
0.494192
0.440716
0.478564
0.508511
0.522293
0.475248
0.46476
0.521972
0.47619
0.478084
0.508938
0.485774
0.495927
0.484277
0.500513
0.511247
0.470464
0.450358
0.453333
0.490909
0.479103
0.451996
0.518519
0.468654
0.484076
0.482587
0.486182
0.483444
0.501027
0.484656
0.480628
0.433868
0.480412
0.494461
0.491542
0.520121
0.495935
0.468487
0.470961
0.488421
0.54002
0.459315
0.4613
0.489253
0.482794
0.493236
0.479017
0.483607
0.471092
0.506836
0.5
0.494845
0.491684
0.504184
0.489754
0.503657
0.5
0.474372
0.481555
0.489774
0.50104
0.457644
0.483007
0.476923
0.490644
0.466803
0.482794
0.5
0.501542
0.501622
0.481403
0.540305
0.482428
0.501033
0.459132
0.48964
0.496802
0.503138
0.506452
0.491262
0.515057
0.481557
0.496822
0.503712
0.49497
0.485744
0.486432
0.498967
0.487526
0.496829
0.431193
0.479959
0.494518
0.453865
0.50504
0.502674
0.495781
0.472362
0.520679
0.452165
0.421525
0.49177
0.456427
0.469274
0.505319
0.456546
0.46557
0.50925
0.49793
0.508233
0.494041
0.45738
0.479365
0.46086
0.491137
0.463536
0.495816
0.465556
0.454638
0.494781
0.490366
0.513721
0.507368
0.485011
0.476861
0.5
0.486598
0.492672
0.494781
0.480603
0.474317
0.475936
0.504193
0.48034
0.516684
0.462626
0.469214
0.481407
0.470466
0.527778
0.509514
0.490946
0.465479
0.5
0.479757
0.450161
0.488346
0.490433
0.447498
0.498433
0.486405
0.495851
0.464744
0.51123
0.5
0.576923
0.510288
0.496725
0.497967
0.501988
0.470954
0.501615
0.472932
0.472103
0.502732
0.51927
0.422577
0.448598
0.507317
0.494681
0.480372
0.462687
0.493865
0.46802
0.480214
0.498419
0.496224
0.473205
0.468623
0.490052
0.478958
0.514477
0.507431
0.45663
0.479666
0.510248
0.485981
0.517167
0.481521
0.511435
0.48783
0.497955
0.478858
0.503112
0.475258
0.490779
0.478516
0.504073
0.517895
0.512735
0.509165
0.50268
0.515432
0.469367
0.484814
0.506173
0.502651
0.481026
0.488776
0.44856
0.496388
0.48668
0.495441
0.482833
0.507368
0.500515
0.463597
0.497912
0.496403
0.511294
0.501048
0.483243
0.4842
0.462924
0.511905
0.498965
0.464894
0.459877
0.50431
0.456044
0.494472
0.515284
0.490466
0.467909
0.520256
0.485543
0.48444
0.493467
0.490585
0.494856
0.481092
0.446334
0.485342
0.474429
0.47093
0.483077
0.4787
0.484342
0.482474
0.501106
0.461988
0.513678
0.508869
0.514469
0.501526
0.469345
0.507292
0.464066
0.497976
0.497517
0.482474
0.50655
0.506878
0.466143
0.507837
0.455096
0.463583
0.482218
0.504983
0.467909
0.481557
0.428254
0.477505
0.567073
0.504167
0.483904
0.526421
0.50774
0.500545
0.448637
0.487854
0.463617
0.522629
0.507028
0.470165
0.491525
0.5
0.483077
0.445405
0.442535
0.472574
0.479693
0.502049
0.487933
0.483549
0.492477
0.464835
0.477046
0.484144
0.503817
0.503061
0.517803
0.470011
0.482571
0.48227
0.487537
0.483978
0.478131
0.50668
0.460663
0.492569
0.47619
0.505353
0.47619
0.468041
0.501594
0.49095
0.493545
0.474664
0.46473
0.472946
0.503297
0.488683
0.513514
0.474273
0.495337
0.494856
0.489119
0.46875
0.531315
0.44773
0.474238
0.503568
0.479581
0.525316
0.488
0.416495
0.44456
0.474446
0.490236
0.457481
0.510934
0.453207
0.489712
0.487514
0.48254
0.514583
0.46
0.49742
0.477754
0.467588
0.517672
0.506626
0.503945
0.477345
0.481405
0.495798
0.472017
0.473047
0.439243
0.521739
0.477994
0.512632
0.535637
0.451844
0.458774
0.470703
0.509317
0.456954
0.461707
0.492276
0.462783
0.439604
0.484568
0.518605
0.503575
0.470588
0.485839
0.50173
0.498998
0.453557
0.5
0.456802
0.477419
0.489005
0.495851
0.533755
0.504792
0.48778
0.479314
0.464066
0.507338
0.422245
0.496418
0.513859
0.494371
0.512739
0.483368
0.472222
0.5
0.495422
0.471471
0.471183
0.51027
0.493078
0.484314
0.476992
0.490798
0.484688
0.451087
0.463754
0.483042
0.479296
0.469951
0.466738
0.509259
0.480119
0.518782
0.48411
0.471092
0.487526
0.509434
0.488565
0.518681
0.504219
0.475789
0.500524
0.450719
0.479106
0.518443
0.513903
0.490486
0.456588
0.494856
0.499481
0.477095
0.492341
0.463102
0.498969
0.488525
0.469602
0.476142
0.476546
0.490323
0.505976
0.512821
0.513089
0.523517
0.520249
0.455249
0.465306
0.477778
0.473282
0.483259
0.510096
0.450597
0.462032
0.511041
0.451542
0.490175
0.503151
0.480402
0.485543
0.487603
0.500529
0.489716
0.495935
0.442411
0.477912
0.480597
0.448705
0.458558
0.492782
0.489074
0.453846
0.426694
0.468685
0.474926
0.493028
0.518293
0.481
0.478964
0.445664
0.485356
0.520945
0.491525
0.513742
0.438076
0.494929
0.5
0.482582
0.474737
0.506626
0.51746
0.472107
0.504762
0.510903
0.521219
0.485089
0.500528
0.497452
0.442842
0.495288
0.497664
0.541502
0.482723
0.518405
0.471413
0.501526
0.48377
0.490683
0.5
0.499481
0.489362
0.488673
0.476954
0.521244
0.474758
0.457819
0.50823
0.428125
0.537018
0.469979
0.487349
0.482465
0.493033
0.471459
0.524641
0.476987
0.472281
0.511853
0.505144
0.49121
0.451717
0.44898
0.481637
0.503469
0.487206
0.471528
0.490986
0.485804
0.475149
0.471338
0.482972
0.497297
0.501554
0.471838
0.484536
0.497404
0.490585
0.4869
0.488349
0.478079
0.493865
0.46822
0.513678
0.525586
0.487013
0.469608
0.454722
0.485658
0.491491
0.456016
0.455179
0.485981
0.434171
0.488956
0.47779
0.506369
0.5
0.493506
0.511254
0.427386
0.467656
0.479737
0.51334
0.468852
0.495614
0.489297
0.48364
0.480453
0.473575
0.521368
0.487395
0.478307
0.490509
0.50105
0.528226
0.494703
0.515832
0.514957
0.480493
0.497492
0.495248
0.51227
0.459959
0.492424
0.495825
0.438076
0.463843
0.515152
0.485075
0.501564
0.494094
0.492784
0.467449
0.478028
0.474238
0.473333
0.504016
0.496158
0.496503
0.453207
0.483283
0.511387
0.504673
0.505219
0.536612
0.480129
0.494898
0.474438
0.456925
0.520755
0.51145
0.526259
0.530335
0.484359
0.452736
0.480506
0.433747
0.485834
0.496475
0.467153
0.466595
0.483316
0.480269
0.488205
0.466019
0.498474
0.481218
0.488142
0.47952
0.497802
0.477903
0.489384
0.469493
0.518878
0.448936
0.499484
0.468849
0.505664
0.4
0.533054
0.493548
0.477146
0.49418
0.507099
0.469917
0.495772
0.479561
0.451647
0.473632
0.458239
0.44153
0.477103
0.484256
0.463874
0.500493
0.504474
0.475676
0.460914
0.482088
0.481633
0.482088
0.502165
0.492507
0.508911
0.516704
0.487487
0.48431
0.476802
0.480829
0.489756
0.486516
0.491435
0.472709
0.511278
0.483744
0.497899
0.454175
0.507724
0.46693
0.516736
0.471289
0.473629
0.495298
0.512712
0.486673
0.495851
0.491209
0.477941
0.482656
0.448498
0.465784
0.490891
0.493915
0.485923
0.462874
0.508039
0.488397
0.492477
0.4637
0.475687
0.468421
0.508081
0.462834
0.473573
0.461624
0.496475
0.503469
0.486778
0.490664
0.465812
0.493802
0.465042
0.488934
0.478084
0.486957
0.502174
0.477766
0.497382
0.487073
0.482906
0.497472
0.490927
0.503268
0.482234
0.477249
0.51506
0.461619
0.451446
0.494493
0.517635
0.482063
0.472632
0.515778
0.50951
0.470714
0.488172
0.492063
0.446541
0.511706
0.447106
0.485279
0.511604
0.491667
0.460215
0.466181
0.498403
0.501018
0.443102
0.488248
0.501567
0.495218
0.485386
0.505308
0.504941
0.49413
0.520792
0.492754
0.438043
0.508097
0.491304
0.479381
0.46789
0.480709
0.471992
0.470352
0.49545
0.478888
0.490566
0.46614
0.496461
0.427686
0.452099
0.490649
0.492179
0.515996
0.483773
0.489776
0.506329
0.475806
0.488959
0.461297
0.497912
0.517708
0.459596
0.516866
0.462475
0.514911
0.470709
0.460417
0.481598
0.494336
0.489642
0.482255
0.44186
0.505459
0.485138
0.467742
0.461864
0.489904
0.501545
0.459375
0.460283
0.504902
0.491005
0.478261
0.478033
0.477597
0.508811
0.491285
0.513374
0.500543
0.501014
0.488649
0.495745
0.507987
0.52094
0.499491
0.506986
0.518797
0.525128
0.509645
0.441176
0.482684
0.499516
0.490414
0.449353
0.518072
0.500538
0.488142
0.497462
0.484515
0.507216
0.532787
0.466597
0.458502
0.491961
0.464688
0.456321
0.472332
0.462766
0.498954
0.473738
0.482679
0.495652
0.4868
0.514457
0.487859
0.490967
0.432203
0.532134
0.473108
0.539503
0.459634
0.499455
0.501636
0.476042
0.452261
0.491349
0.504082
0.486188
0.463136
0.515672
0.481289
0.454639
0.470213
0.479303
0.498436
0.478844
0.497951
0.504425
0.482759
0.494461
0.49006
0.510428
0.499456
0.457023
0.457856
0.484037
0.482007
0.487124
0.492492
0.485043
0.492097
0.457923
0.511111
0.489152
0.502612
0.450893
0.504722
0.45671
0.460674
0.511111
0.514957
0.489879
0.490323
0.491657
0.493683
0.518519
0.501615
0.512846
0.479869
0.46493
0.531172
0.49418
0.504348
0.474088
0.477679
0.473684
0.504912
0.498956
0.471528
0.487831
0.476673
0.494192
0.481294
0.490664
0.461945
0.505051
0.511038
0.467842
0.477005
0.505285
0.474704
0.473738
0.481848
0.482365
0.471173
0.476852
0.490605
0.478769
0.460733
0.475427
0.493179
0.488132
0.466667
0.457516
0.484305
0.464135
0.504255
0.474737
0.470395
0.487059
0.51068
0.476045
0.473313
0.485499
0.48427
0.482826
0.504202
0.497393
0.513542
0.482447
0.459831
0.503185
0.494
0.453642
0.469045
0.513062
0.469619
0.508441
0.482447
0.495305
0.453664
0.485138
0.465092
0.485232
0.468382
0.501545
0.445415
0.490446
0.469409
0.483598
0.481026
0.444328
0.508602
0.504762
0.490052
0.497967
0.478712
0.47428
0.488506
0.478261
0.480832
0.43712
0.481122
0.483505
0.509202
0.492141
0.482277
0.492228
0.400206
0.49477
0.462185
0.470833
0.470041
0.521739
0.507592
0.517672
0.467807
0.456684
0.442095
0.498938
0.481637
0.482161
0.51556
0.484103
0.494229
0.485323
0.518672
0.468153
0.490625
0.486884
0.495039
0.477419
0.516632
0.484375
0.450324
0.477099
0.472727
0.496538
0.471384
0.477487
0.495816
0.509052
0.531532
0.489617
0.497409
0.516029
0.474522
0.503112
0.511702
0.479296
0.503914
0.485477
0.534247
0.470772
0.473348
0.463983
0.492457
0.461617
0.461066
0.495671
0.494405
0.474974
0.488142
0.485839
0.500527
0.488008
0.478173
0.493814
0.464876
0.493521
0.508065
0.426282
0.501608
0.488706
0.482036
0.477912
0.482428
0.478788
0.470457
0.47313
0.51683
0.452688
0.494143
0.467519
0.456197
0.454914
0.525424
0.476807
0.472652
0.494715
0.497908
0.44
0.51312
0.480283
0.461538
0.472193
0.514595
0.485362
0.471038
0.449126
0.498455
0.510591
0.530715
0.480493
0.471384
0.504339
0.47619
0.518947
0.49467
0.481752
0.475622
0.494929
0.50385
0.498465
0.465587
0.497854
0.481038
0.478306
0.480042
0.49604
0.502685
0.469806
0.497608
0.483122
0.505241
0.507346
0.511435
0.527068
0.493136
0.48251
0.480645
0.517241
0.510753
0.48218
0.510163
0.478216
0.531513
0.486545
0.484277
0.435402
0.499501
0.495859
0.496146
0.49187
0.498952
0.475427
0.504831
0.480749
0.457115
0.480237
0.485194
0.458811
0.483193
0.500541
0.519565
0.514
0.525386
0.492739
0.489583
0.509567
0.525424
0.55
0.493763
0.529058
0.470527
0.516878
0.5
0.475728
0.469649
0.497984
0.475775
0.482796
0.487981
0.493802
0.480167
0.489059
0.517647
0.469325
0.498958
0.454927
0.476815
0.492567
0.496976
0.49413
0.490909
0.521479
0.503712
0.505796
0.462487
0.5
0.48216
0.493107
0.470339
0.492986
0.464251
0.451965
0.519959
0.482503
0.486287
0.495522
0.49226
0.454451
0.494324
0.470961
0.437696
0.451813
0.488936
0.473251
0.460993
0.475327
0.497507
0.488273
0.48318
0.474576
0.470899
0.459807
0.488205
0.478214
0.482218
0.448936
0.475216
0.495522
0.506073
0.513733
0.495413
0.444668
0.510428
0.459596
0.478006
0.474033
0.475992
0.518479
0.478439
0.474737
0.495585
0.471384
0.443506
0.52268
0.51821
0.475132
0.506369
0.478652
0.489074
0.464995
0.480588
0.509209
0.497099
0.491
0.475855
0.4962
0.441598
0.49949
0.472652
0.468717
0.486985
0.481557
0.490452
0.474104
0.49085
0.515593
0.495833
0.481953
0.493151
0.480392
0.458861
0.512685
0.488372
0.495413
0.479666
0.482495
0.466736
0.467358
0.48431
0.535961
0.524176
0.477137
0.465357
0.416854
0.496545
0.483906
0.475393
0.488982
0.504065
0.490196
0.490031
0.497393
0.484568
0.458967
0.484135
0.489209
0.46789
0.46476
0.499499
0.510438
0.491701
0.500491
0.520619
0.496888
0.471459
0.490466
0.451835
0.471737
0.50951
0.497899
0.460685
0.490835
0.447071
0.472131
0.495644
0.485024
0.532294
0.447084
0.496829
0.474268
0.506452
0.489318
0.491657
0.505176
0.494505
0.478308
0.47191
0.471639
0.473853
0.506173
0.467222
0.494289
0.460765
0.504264
0.454636
0.498965
0.512144
0.488589
0.480176
0.486688
0.490446
0.492048
0.502769
0.502674
0.495984
0.486948
0.519559
0.417455
0.490031
0.507143
0.479376
0.507903
0.507307
0.494581
0.477054
0.463536
0.461202
0.477152
0.515442
0.544892
0.531937
0.497415
0.484466
0.476289
0.524281
0.477157
0.501087
0.501654
0.503074
0.476842
0.475806
0.463221
0.532417
0.45977
0.507576
0.504634
0.485909
0.426931
0.50102
0.515789
0.498471
0.503937
0.491054
0.476489
0.511654
0.481013
0.489051
0.497431
0.495468
0.478261
0.493506
0.485772
0.434739
0.496233
0.497802
0.478
0.502994
0.485159
0.523337
0.464213
0.488518
0.484721
0.462212
0.472163
0.514439
0.470833
0.486434
0.432578
0.505857
0.490798
0.517314
0.503275
0.484753
0.489605
0.502756
0.484683
0.455414
0.516704
0.483573
0.498936
0.512873
0.474019
0.501455
0.443193
0.487207
0.53012
0.50677
0.512528
0.473298
0.468432
0.505539
0.523008
0.469951
0.460064
0.471289
0.46789
0.482503
0.478992
0.48668
0.475228
0.484472
0.46813
0.499496
0.494635
0.470398
0.501066
0.466805
0.504292
0.503605
0.490526
0.480709
0.494824
0.50994
0.492126
0.507772
0.469892
0.475709
0.470213
0.462641
0.485005
0.500535
0.467253
0.506639
0.499485
0.506922
0.473251
0.513924
0.477448
0.479017
0.517857
0.494118
0.504202
0.462827
0.514228
0.507614
0.492849
0.488083
0.482456
0.495028
0.483938
0.472193
0.499458
0.460599
0.521359
0.466874
0.488323
0.504
0.49802
0.493827
0.454092
0.506986
0.498413
0.483836
0.49026
0.501496
0.484244
0.514851
0.485656
0.5
0.466739
0.48702
0.508097
0.502953
0.518962
0.452229
0.5
0.472892
0.491525
0.49498
0.472393
0.470776
0.483112
0.52381
0.497399
0.492849
0.483384
0.498403
0.539278
0.461283
0.489005
0.478678
0.5
0.493631
0.478579
0.481481
0.411157
0.484688
0.50641
0.475532
0.481992
0.477876
0.522803
0.491435
0.470889
0.510451
0.463492
0.438827
0.478214
0.515987
0.488818
0.499479
0.502612
0.45605
0.496881
0.503784
0.496489
0.477345
0.485005
0.463221
0.490296
0.476289
0.526915
0.476987
0.49835
0.502045
0.472632
0.478395
0.526804
0.46875
0.483539
0.478908
0.451827
0.503185
0.482966
0.487361
0.4862
0.48254
0.497517
0.460978
0.4846
0.480392
0.514819
0.468944
0.497404
0.493401
0.430921
0.482684
0.498984
0.516866
0.488008
0.494867
0.485915
0.506289
0.492212
0.480973
0.485654
0.498471
0.478814
0.48234
0.445757
0.487781
0.488867
0.519959
0.521318
0.493078
0.473002
0.502612
0.484756
0.50104
0.46723
0.517635
0.486182
0.488542
0.490946
0.478642
0.508316
0.470085
0.50053
0.537566
0.46114
0.485592
0.499501
0.4718
0.458669
0.488889
0.485537
0.472131
0.485201
0.493222
0.464948
0.500534
0.482571
0.483904
0.504338
0.463519
0.485017
0.483539
0.485036
0.507353
0.468553
0.515275
0.488417
0.489614
0.475806
0.482234
0.477701
0.502612
0.499002
0.473251
0.497854
0.488323
0.471545
0.492196
0.464803
0.467836
0.501092
0.477555
0.483974
0.508475
0.5
0.447761
0.5625
0.512848
0.473415
0.471101
0.497462
0.519412
0.519388
0.472492
0.509454
0.474872
0.495278
0.476489
0.496517
0.493827
0.484568
0.488119
0.494494
0.468783
0.477427
0.457627
0.478992
0.466127
0.454271
0.485876
0.520728
0.497912
0.501938
0.476744
0.498927
0.486966
0.449505
0.507659
0.470825
0.452026
0.467098
0.464747
0.502101
0.512821
0.504514
0.495278
0.454162
0.501591
0.512121
0.486957
0.496032
0.463675
0.502114
0.46087
0.5
0.486258
0.436034
0.493927
0.499502
0.444323
0.508065
0.498975
0.506917
0.460084
0.505155
0.456103
0.483701
0.493939
0.499461
0.442888
0.486647
0.496802
0.511742
0.496835
0.531381
0.475596
0.470287
0.525424
0.479757
0.501526
0.465213
0.445473
0.465327
0.508791
0.485181
0.539267
0.496976
0.473176
0.476842
0.476699
0.468988
0.488914
0.489097
0.486735
0.496335
0.484004
0.464361
0.490909
0.438342
0.481687
0.512195
0.525316
0.479643
0.408862
0.476636
0.50324
0.446154
0.511364
0.48251
0.478571
0.461957
0.477612
0.476554
0.506173
0.48203
0.473085
0.478919
0.457426
0.493151
0.445795
0.452026
0.482239
0.48773
0.492308
0.470525
0.484444
0.509375
0.510526
0.453713
0.476496
0.483516
0.495708
0.4937
0.455992
0.451143
0.478592
0.5
0.471324
0.497988
0.486141
0.492325
0.492417
0.491043
0.47678
0.500967
0.473853
0.475237
0.531154
0.50879
0.515409
0.484688
0.490135
0.500526
0.49793
0.457746
0.517782
0.491405
0.537445
0.477178
0.4647
0.461229
0.476654
0.527404
0.54918
0.480453
0.487856
0.474696
0.504673
0.486402
0.473016
0.468951
0.509169
0.487379
0.492616
0.485743
0.488776
0.492769
0.48964
0.501996
0.519343
0.513742
0.489572
0.478668
0.502105
0.473016
0.509724
0.483673
0.495825
0.473066
0.495595
0.505711
0.436309
0.450673
0.505572
0.503612
0.473958
0.468958
0.493194
0.494505
0.458071
0.463489
0.474627
0.429194
0.456973
0.475904
0.468254
0.504762
0.484912
0.501548
0.502662
0.496875
0.467775
0.480808
0.495197
0.507756
0.508827
0.519547
0.478444
0.494592
0.466382
0.481172
0.493617
0.460285
0.488636
0.516667
0.486856
0.516274
0.47541
0.488706
0.496815
0.472309
0.502008
0.4625
0.468547
0.492157
0.452304
0.483598
0.481038
0.490509
0.501002
0.491335
0.497951
0.484127
0.477111
0.516129
0.486402
0.487903
0.495039
0.491525
0.470948
0.475177
0.515369
0.509259
0.503165
0.435838
0.495798
0.520857
0.485169
0.477629
0.507795
0.493697
0.511699
0.519547
0.492097
0.483539
0.488024
0.502123
0.471885
0.498969
0.475
0.476141
0.477754
0.457023
0.475789
0.501564
0.479422
0.507511
0.509356
0.479876
0.466864
0.468085
0.497415
0.465428
0.488172
0.496815
0.508511
0.501027
0.5
0.517391
0.485398
0.48
0.462194
0.464286
0.489318
0.510659
0.481977
0.45445
0.473684
0.466466
0.488048
0.498975
0.46945
0.48913
0.455782
0.479042
0.48932
0.497467
0.481122
0.486744
0.529291
0.477627
0.481283
0.458897
0.507788
0.478444
0.479957
0.52
0.507853
0.507246
0.485098
0.484043
0.473186
0.479079
0.464948
0.489429
0.49798
0.486339
0.49896
0.484753
0.506626
0.513859
0.462025
0.482085
0.483315
0.496425
0.480453
0.476337
0.5
0.498947
0.46728
0.467368
0.512295
0.468524
0.469124
0.459354
0.488798
0.488624
0.507543
0.501066
0.474088
0.502146
0.504644
0.499461
0.494241
0.434968
0.487261
0.471413
0.491173
0.4603
0.442679
0.510074
0.464597
0.493421
0.493048
0.485537
0.479624
0.470838
0.488776
0.455641
0.485507
0.5
0.486515
0.496335
0.472458
0.509804
0.487805
0.483837
0.508048
0.475832
0.470847
0.417226
0.491701
0.455544
0.459711
0.508287
0.490385
0.471513
0.509472
0.471639
0.497908
0.468849
0.489752
0.456716
0.5154
0.479145
0.4714
0.458788
0.491155
0.456212
0.474385
0.501066
0.50582
0.510956
0.476386
0.485232
0.493776
0.475584
0.501574
0.500548
0.498915
0.491803
0.514768
0.48254
0.53
0.493003
0.461847
0.485325
0.490466
0.495228
0.539216
0.456693
0.472932
0.476663
0.460446
0.485684
0.504405
0.484591
0.471215
0.467692
0.458376
0.518124
0.507085
0.512876
0.501608
0.477318
0.49418
0.488673
0.483264
0.504742
0.50099
0.499473
0.505241
0.499495
0.469665
0.513144
0.468421
0.484909
0.536364
0.460401
0.509606
0.507692
0.491189
0.508391
0.498941
0.493377
0.511702
0.46383
0.486279
0.493671
0.476242
0.48134
0.482365
0.517932
0.498433
0.484515
0.485456
0.49375
0.517685
0.490296
0.517277
0.492737
0.497947
0.495984
0.472637
0.499037
0.484688
0.508806
0.471302
0.487727
0.447581
0.495146
0.494143
0.48668
0.475687
0.519403
0.453782
0.46395
0.506173
0.47341
0.469792
0.46802
0.489451
0.472135
0.496063
0.512295
0.50202
0.467519
0.502523
0.506289
0.5
0.474974
0.469584
0.50101
0.451913
0.465798
0.474012
0.48847
0.489407
0.526052
0.459627
0.484721
0.507277
0.465049
0.492147
0.482422
0.49899
0.504124
0.490664
0.515344
0.470466
0.434109
0.486345
0.474429
0.482993
0.48583
0.498929
0.503311
0.46776
0.474768
0.522869
0.494457
0.468062
0.470411
0.5
0.463862
0.510858
0.508457
0.486486
0.493617
0.459544
0.455201
0.513514
0.467337
0.501035
0.462355
0.427558
0.480628
0.473795
0.474946
0.505882
0.498988
0.488978
0.447172
0.472669
0.504873
0.482609
0.500538
0.502203
0.509934
0.510903
0.448008
0.506036
0.466337
0.495549
0.485232
0.516411
0.476476
0.46599
0.5
0.495851
0.495902
0.48657
0.5
0.479314
0.522484
0.488223
0.492693
0.486345
0.490644
0.487524
0.520548
0.483466
0.49208
0.522422
0.48
0.488396
0.504024
0.498465
0.446721
0.504597
0.455975
0.498423
0.464819
0.461864
0.495736
0.513889
0.526829
0.554393
0.48048
0.490751
0.470649
0.441572
0.496381
0.508621
0.490826
0.467899
0.495833
0.508492
0.459119
0.491736
0.505081
0.506876
0.492972
0.498871
0.482213
0.498429
0.497274
0.469665
0.469917
0.475359
0.48643
0.473108
0.505144
0.511111
0.49793
0.481557
0.524211
0.490986
0.485623
0.449024
0.501055
0.48867
0.504202
0.472689
0.43299
0.453488
0.47619
0.474333
0.477345
0.524798
0.490215
0.480208
0.503546
0.528024
0.473573
0.509886
0.484118
0.484817
0.455487
0.475138
0.514644
0.495851
0.484103
0.489231
0.481172
0.472821
0.509784
0.48152
0.462793
0.485714
0.505664
0.467078
0.480181
0.469631
0.4739
0.461197
0.440768
0.513485
0.489429
0.491736
0.466942
0.499494
0.491736
0.506593
0.483838
0.489152
0.473629
0.501574
0.498943
0.479648
0.485249
0.473684
0.487152
0.488372
0.476291
0.467726
0.476141
0.5138
0.478348
0.479145
0.453754
0.487206
0.467775
0.501025
0.447639
0.494565
0.467842
0.473904
0.479123
0.49264
0.492063
0.469256
0.497976
0.480976
0.499006
0.512665
0.472745
0.466181
0.502016
0.486294
0.5
0.486598
0.478348
0.474138
0.514754
0.497868
0.532441
0.459653
0.492553
0.467085
0.454829
0.492457
0.458204
0.48768
0.50098
0.489904
0.49676
0.496482
0.495375
0.5
0.473896
0.492521
0.478168
0.505808
0.485658
0.507135
0.544081
0.466805
0.485309
0.501048
0.488172
0.495298
0.441239
0.492196
0.500537
0.4588
0.494898
0.468202
0.514528
0.496957
0.459514
0.505297
0.480506
0.507692
0.453216
0.467169
0.491968
0.503226
0.498389
0.51782
0.520243
0.484484
0.487621
0.47432
0.509825
0.489573
0.49031
0.50104
0.492196
0.484818
0.489707
0.508919
0.516456
0.467519
0.507322
0.468168
0.514377
0.505543
0.488083
0.454545
0.494118
0.481737
0.485556
0.47955
0.499031
0.452508
0.486456
0.466019
0.490114
0.464431
0.456853
0.488834
0.475207
0.476546
0.462354
0.470021
0.495951
0.472138
0.452577
0.5131
0.481881
0.495927
0.488327
0.457782
0.465164
0.473106
0.517241
0.450572
0.469175
0.489074
0.510836
0.469697
0.503657
0.498771
0.496703
0.501551
0.502101
0.497382
0.466525
0.476538
0.516632
0.506276
0.441572
0.538462
0.460754
0.466801
0.447288
0.497934
0.481744
0.485714
0.463617
0.484004
0.485011
0.478033
0.501071
0.478125
0.486716
0.488121
0.506383
0.488794
0.477597
0.516162
0.477688
0.500524
0.484787
0.469478
0.477157
0.495218
0.477324
0.519467
0.497925
0.477273
0.493208
0.528239
0.498403
0.51134
0.472281
0.475052
0.500543
0.48657
0.492179
0.495951
0.477766
0.488575
0.494703
0.497917
0.48152
0.47561
0.50368
0.445866
0.486188
0.424788
0.487939
0.450538
0.52079
0.461134
0.435953
0.476578
0.460417
0.45112
0.465825
0.473354
0.482255
0.485629
0.461777
0.497467
0.483146
0.478521
0.497354
0.468817
0.471545
0.480958
0.466874
0.507246
0.508964
0.467656
0.505941
0.50763
0.512903
0.503036
0.507804
0.486039
0.501029
0.497877
0.497934
0.497006
0.504132
0.487552
0.459487
0.491189
0.470968
0.457503
0.485459
0.487448
0.489904
0.483804
0.50165
0.455135
0.484785
0.453664
0.493724
0.475546
0.472222
0.472367
0.498489
0.470348
0.477017
0.466321
0.497976
0.507903
0.497976
0.488698
0.512247
0.481373
0.48601
0.5
0.462717
0.49177
0.484962
0.480973
0.493078
0.522
0.496432
0.476489
0.495108
0.488542
0.480588
0.45102
0.458897
0.470111
0.484222
0.47103
0.456341
0.454545
0.507216
0.505631
0.514286
0.49002
0.459817
0.447968
0.471816
0.484881
0.474026
0.505274
0.487648
0.486789
0.523759
0.463212
0.505857
0.44
0.494949
0.476956
0.50053
0.560345
0.474468
0.473327
0.492462
0.475952
0.466395
0.473953
0.497087
0.477679
0.471074
0.485075
0.471125
0.48
0.533054
0.496183
0.493347
0.468584
0.436458
0.491979
0.467603
0.509018
0.513484
0.430512
0.469262
0.498952
0.462475
0.44264
0.489503
0.514344
0.525577
0.477949
0.490132
0.487805
0.495187
0.477178
0.514077
0.497908
0.49325
0.47619
0.460177
0.5
0.494658
0.498416
0.436066
0.486373
0.467381
0.527331
0.436842
0.497297
0.490731
0.472603
0.492489
0.498958
0.502119
0.496718
0.525
0.477886
0.522917
0.467467
0.472165
0.499002
0.496732
0.507677
0.488083
0.516393
0.494845
0.505595
0.491062
0.495258
0.506878
0.484422
0.475025
0.512632
0.468421
0.446894
0.490031
0.493428
0.518293
0.475738
0.495726
0.527655
0.487153
0.475
0.419979
0.465285
0.486267
0.487153
0.474716
0.525794
0.467066
0.492473
0.507231
0.488181
0.479103
0.491031
0.498973
0.48194
0.508403
0.467368
0.486322
0.473361
0.497959
0.490798
0.446219
0.500515
0.470705
0.507172
0.481828
0.478764
0.496388
0.491576
0.466387
0.498462
0.49389
0.486542
0.489774
0.494305
0.511064
0.488506
0.530917
0.490528
0.483974
0.528747
0.474129
0.511308
0.50168
0.452026
0.483283
0.476744
0.459106
0.50152
0.479666
0.485592
0.450538
0.501511
0.48283
0.502132
0.481211
0.501068
0.49418
0.529412
0.504193
0.463942
0.462578
0.476865
0.48847
0.473233
0.475904
0.512195
0.457944
0.482828
0.509033
0.482085
0.485279
0.500536
0.495825
0.405434
0.489383
0.501002
0.463654
0.467402
0.474877
0.481256
0.49789
0.505155
0.477707
0.514433
0.506639
0.492147
0.498416
0.482688
0.482684
0.481848
0.484729
0.500538
0.473908
0.502781
0.486789
0.486829
0.508147
0.489066
0.5087
0.479358
0.474843
0.477855
0.485159
0.49798
0.503696
0.491736
0.464592
0.462926
0.481481
0.482328
0.507375
0.471579
0.465327
0.498458
0.471579
0.474183
0.484296
0.492972
0.501949
0.475228
0.47624
0.461072
0.525586
0.519171
0.506135
0.522388
0.50558
0.466332
0.50258
0.481153
0.488959
0.520256
0.472885
0.513919
0.512474
0.484244
0.502623
0.491903
0.486547
0.505165
0.48227
0.498965
0.477477
0.462121
0.491667
0.488277
0.478261
0.483158
0.495984
0.494658
0.490835
0.48203
0.413223
0.47234
0.495337
0.483906
0.503673
0.467337
0.503205
0.481038
0.448529
0.495585
0.48503
0.46603
0.514881
0.47657
0.497415
0.481172
0.506085
0.469777
0.497959
0.465164
0.484296
0.493122
0.507677
0.506823
0.437367
0.484848
0.484979
0.513228
0.488248
0.5154
0.494856
0.442589
0.475322
0.463519
0.509298
0.464249
0.496945
0.511581
0.500516
0.478788
0.474677
0.485106
0.499475
0.486667
0.502601
0.462354
0.445219
0.515642
0.485477
0.473684
0.481891
0.464325
0.479042
0.508964
0.47065
0.498378
0.502596
0.479757
0.459152
0.494312
0.512067
0.486369
0.492632
0.506507
0.507071
0.501618
0.441586
0.487437
0.49332
0.480597
0.457323
0.494002
0.44896
0.486755
0.481203
0.456432
0.47546
0.494781
0.480519
0.462656
0.492
0.466805
0.51919
0.478079
0.473367
0.456716
0.455752
0.48873
0.468904
0.472505
0.504264
0.454813
0.488599
0.484504
0.505435
0.512897
0.481328
0.498024
0.489186
0.506917
0.487624
0.480082
0.491507
0.51665
0.523659
0.52766
0.487069
0.494192
0.480987
0.460196
0.521332
0.477273
0.455016
0.480749
0.508333
0.518162
0.485352
0.517073
0.505759
0.484168
0.517761
0.482456
0.467546
0.474664
0.518828
0.494469
0.515152
0.513487
0.488776
0.492079
0.467597
0.521348
0.491043
0.461129
0.488865
0.471944
0.47482
0.496381
0.496703
0.498941
0.500969
0.452381
0.509978
0.482797
0.508976
0.467433
0.537473
0.516199
0.479538
0.503212
0.467161
0.501078
0.460285
0.513932
0.51153
0.496233
0.526042
0.5
0.482906
0.471983
0.4913
0.431393
0.505451
0.48668
0.474346
0.484004
0.493078
0.482833
0.498389
0.481038
0.469268
0.486218
0.459877
0.494024
0.496265
0.471014
0.509625
0.494577
0.452122
0.49413
0.475185
0.501463
0.44664
0.516194
0.47933
0.476987
0.513514
0.497845
0.523711
0.484979
0.46425
0.479843
0.488698
0.514811
0.463959
0.480687
0.507463
0.490364
0.484264
0.50924
0.480924
0.463007
0.495177
0.476241
0.470948
0.492292
0.417836
0.483193
0.510331
0.501016
0.477226
0.475149
0.464286
0.458465
0.475855
0.500498
0.490486
0.50499
0.481064
0.481196
0.460061
0.51623
0.477707
0.482622
0.479602
0.447568
0.471074
0.491071
0.501055
0.479614
0.474006
0.482906
0.493014
0.482402
0.5
0.491423
0.487805
0.487052
0.499018
0.47492
0.458246
0.47906
0.488613
0.478
0.478079
0.480331
0.5
0.477858
0.492683
0.487936
0.48601
0.491909
0.49004
0.504193
0.523859
0.498439
0.471679
0.477017
0.488008
0.453653
0.484753
0.488474
0.481363
0.507353
0.472165
0.513966
0.466231
0.469841
0.463693
0.503205
0.469792
0.48643
0.482503
0.455201
0.452381
0.498963
0.47619
0.491228
0.466801
0.507772
0.487421
0.520958
0.491245
0.472367
0.519618
0.477885
0.510121
0.507085
0.484912
0.494845
0.468718
0.514317
0.482428
0.493671
0.461458
0.462245
0.459794
0.505641
0.486542
0.448802
0.464575
0.493631
0.461538
0.481332
0.48366
0.524283
0.481366
0.514256
0.504742
0.474645
0.497972
0.487779
0.482966
0.502088
0.482546
0.494908
0.469758
0.492647
0.44926
0.486688
0.482474
0.514614
0.467793
0.468367
0.495258
0.525301
0.49213
0.46748
0.467547
0.464509
0.505653
0.454819
0.480041
0.499494
0.503132
0.485991
0.511752
0.498963
0.517949
0.498492
0.472617
0.51269
0.479633
0.507246
0.469214
0.50668
0.482315
0.4871
0.478931
0.47162
0.483996
0.486459
0.534653
0.457143
0.502049
0.485514
0.487805
0.508056
0.476293
0.475237
0.472516
0.489583
0.506533
0.501591
0.461963
0.489559
0.458163
0.498952
0.517167
0.482656
0.446352
0.497452
0.493194
0.456897
0.509804
0.457261
0.477823
0.501101
0.500538
0.508718
0.460744
0.463466
0.448637
0.484444
0.477273
0.507216
0.477674
0.5
0.468468
0.4862
0.455378
0.485772
0.511206
0.479482
0.44712
0.501587
0.485339
0.440763
0.490011
0.463115
0.449108
0.487403
0.454082
0.476546
0.462863
0.469122
0.494371
0.473373
0.476141
0.493236
0.498419
0.491525
0.522995
0.502591
0.482068
0.484459
0.509664
0.500552
0.475698
0.469248
0.493576
0.451646
0.496629
0.53553
0.526652
0.498911
0.493963
0.483673
0.487342
0.478595
0.479538
0.489648
0.508163
0.465257
0.476293
0.468876
0.529794
0.476089
0.4647
0.50933
0.488982
0.45122
0.502128
0.485005
0.507497
0.504886
0.504193
0.499042
0.478122
0.482422
0.430131
0.50324
0.498012
0.473029
0.527807
0.473896
0.48601
0.495298
0.488397
0.513733
0.49345
0.456914
0.48954
0.521173
0.460455
0.491667
0.458198
0.471513
0.488542
0.483299
0.508197
0.483607
0.505365
0.499461
0.496496
0.476293
0.486974
0.4859
0.468214
0.512035
0.504854
0.502114
0.498943
0.507246
0.521445
0.510288
0.490605
0.502016
0.470894
0.496086
0.459402
0.488033
0.445946
0.494312
0.479869
0.496439
0.501053
0.501581
0.485294
0.492114
0.502618
0.515152
0.472727
0.49117
0.538223
0.504032
0.459173
0.53304
0.470948
0.470051
0.474611
0.487234
0.505263
0.475162
0.488095
0.505187
0.521598
0.482365
0.466304
0.498978
0.492647
0.485887
0.470111
0.515432
0.495699
0.428268
0.507553
0.491416
0.501604
0.4772
0.523158
0.514793
0.523913
0.52621
0.482402
0.466523
0.47006
0.496957
0.498998
0.481953
0.517609
0.48531
0.427975
0.506303
0.498978
0.491405
0.4962
0.483158
0.49076
0.465116
0.48
0.501037
0.520704
0.473176
0.4751
0.500549
0.484591
0.493915
0.4859
0.432731
0.440589
0.464894
0.478453
0.455424
0.486182
0.485567
0.458333
0.522822
0.476842
0.518248
0.506494
0.484818
0.490816
0.468328
0.472482
0.479918
0.490236
0.459686
0.485514
0.454641
0.528365
0.5138
0.469613
0.50994
0.48913
0.48407
0.487965
0.48345
0.502123
0.487315
0.520855
0.446507
0.511134
0.507592
0.514469
0.469649
0.49899
0.501601
0.500557
0.50499
0.505112
0.502183
0.465921
0.490566
0.502787
0.487805
0.487013
0.487261
0.471443
0.473849
0.487805
0.48847
0.495876
0.502066
0.520256
0.452138
0.492228
0.498982
0.499492
0.525391
0.515284
0.488301
0.487805
0.504673
0.486309
0.475855
0.5
0.469408
0.48621
0.478571
0.462733
0.474104
0.487572
0.46888
0.476828
0.497797
0.509109
0.496809
0.494155
0.494395
0.505595
0.501048
0.453664
0.464066
0.463753
0.494867
0.501832
0.470408
0.433544
0.49742
0.479701
0.496957
0.484756
0.49635
0.513089
0.519084
0.498789
0.482759
0.47619
0.478444
0.498316
0.540084
0.493952
0.489496
0.458725
0.512295
0.515086
0.486002
0.516402
0.475393
0.479684
0.484688
0.493724
0.503712
0.474385
0.482474
0.474346
0.507804
0.493724
0.47624
0.498364
0.470226
0.457645
0.484375
0.461307
0.477297
0.458552
0.486111
0.494759
0.50792
0.434644
0.492408
0.470588
0.498382
0.477017
0.515768
0.484721
0.513185
0.483731
0.522704
0.476987
0.472689
0.49144
0.524103
0.515897
0.493333
0.506148
0.492325
0.496
0.475296
0.468172
0.504405
0.482014
0.476042
0.483068
0.470525
0.503119
0.522152
0.492424
0.481443
0.483387
0.463317
0.455734
0.521341
0.47541
0.448718
0.469367
0.45531
0.506
0.503525
0.460581
0.510032
0.477833
0.484525
0.485437
0.483402
0.477226
0.469136
0.404139
0.496468
0.484296
0.465812
0.469322
0.465739
0.426894
0.456763
0.489583
0.5375
0.479508
0.51717
0.501622
0.480573
0.474614
0.508827
0.49453
0.465574
0.518443
0.496718
0.480412
0.48176
0.512685
0.480924
0.464322
0.486229
0.488474
0.512168
0.486229
0.463563
0.5
0.485057
0.497955
0.496988
0.517799
0.487552
0.468909
0.495726
0.451081
0.472803
0.476721
0.466395
0.462227
0.450837
0.48657
0.513347
0.482724
0.477487
0.497404
0.517766
0.479675
0.495833
0.483
0.487621
0.488912
0.503112
0.476523
0.508065
0.450584
0.482249
0.496192
0.518286
0.464567
0.521516
0.498952
0.523438
0.481053
0.428715
0.505808
0.46473
0.471134
0.492739
0.471253
0.497274
0.50495
0.491979
0.439732
0.481053
0.4871
0.488205
0.494781
0.492929
0.517685
0.5
0.516977
0.483563
0.466871
0.471519
0.500967
0.476744
0.493003
0.484909
0.498952
0.475738
0.483528
0.479452
0.497441
0.504211
0.481876
0.474082
0.523395
0.471357
0.51016
0.518782
0.490414
0.479716
0.48156
0.510806
0.470829
0.494929
0.50349
0.514141
0.502247
0.46194
0.501104
0.503776
0.511555
0.493493
0.487321
0.433551
0.491525
0.426966
0.495717
0.495671
0.494603
0.481142
0.460268
0.489879
0.475546
0.494428
0.508299
0.511186
0.5
0.489919
0.512878
0.491837
0.478351
0.52537
0.48654
0.495851
0.528008
0.466807
0.492813
0.521785
0.45571
0.486125
0.463843
0.496418
0.438017
0.454171
0.46447
0.465711
0.48932
0.453033
0.501463
0.483667
0.490831
0.460879
0.484009
0.492872
0.468717
0.459195
0.463983
0.501529
0.488987
0.466019
0.457609
0.514989
0.497831
0.478478
0.509978
0.461458
0.472281
0.519042
0.473684
0.454545
0.460317
0.472
0.469979
0.463108
0.456522
0.452128
0.521154
0.504875
0.502053
0.449891
0.472785
0.487448
0.50496
0.49736
0.49545
0.481977
0.508097
0.50879
0.478702
0.479452
0.494028
0.506276
0.480573
0.48873
0.518519
0.454642
0.475336
0.462869
0.502119
0.461847
0.529933
0.467949
0.468085
0.453463
0.451813
0.498399
0.454728
0.483607
0.492739
0.452991
0.479495
0.477941
0.485356
0.512249
0.496868
0.505832
0.453773
0.478607
0.49011
0.501066
0.459397
0.457778
0.515183
0.466357
0.491736
0.493078
0.473118
0.433566
0.454728
0.471888
0.447537
0.470705
0.510081
0.496358
0.443878
0.492944
0.486377
0.472417
0.479846
0.517316
0.529158
0.490779
0.491124
0.477674
0.492886
0.494336
0.502651
0.477157
0.486744
0.505102
0.496835
0.484466
0.489605
0.451346
0.518033
0.485138
0.480851
0.499505
0.494802
0.485178
0.489074
0.449946
0.511247
0.472917
0.499508
0.449644
0.498409
0.477778
0.518987
0.441206
0.5
0.53217
0.474559
0.455867
0.498392
0.48218
0.492477
0.474344
0.494241
0.483229
0.467016
0.477941
0.478668
0.513458
0.499418
0.478398
0.473738
0.489297
0.484168
0.478992
0.485774
0.498419
0.496815
0.470889
0.454735
0.511211
0.440476
0.493478
0.470526
0.485181
0.417747
0.483051
0.515275
0.524211
0.475983
0.474429
0.496425
0.514781
0.508439
0.50989
0.452107
0.483573
0.497908
0.495556
0.468687
0.496689
0.488565
0.474033
0.466812
0.482391
0.483042
0.468367
0.516685
0.452688
0.480412
0.488683
0.495643
0.470894
0.473849
0.513706
0.500531
0.523517
0.51417
0.538012
0.503735
0.52043
0.498978
0.486097
0.495069
0.509413
0.483589
0.516701
0.492163
0.487288
0.478607
0.491435
0.446809
0.477933
0.507756
0.39902
0.472973
0.506908
0.479657
0.49375
0.511387
0.471831
0.489733
0.45061
0.450906
0.518595
0.503448
0.486157
0.484974
0.48688
0.506466
0.481319
0.479272
0.493264
0.490079
0.503061
0.501012
0.477183
0.493278
0.445483
0.474317
0.510267
0.50823
0.490546
0.479167
0.468254
0.462039
0.463843
0.512379
0.476285
0.473964
0.480519
0.475027
0.448515
0.476578
0.530208
0.502137
0.464326
0.497207
0.486911
0.452041
0.46728
0.4995
0.5
0.505376
0.494192
0.470899
0.461455
0.500532
0.480046
0.484818
0.533827
0.496842
0.487958
0.486602
0.496842
0.411405
0.504782
0.488713
0.499029
0.519618
0.480709
0.495337
0.503205
0.472707
0.481443
0.492244
0.505561
0.462783
0.480167
0.498952
0.471679
0.48954
0.486166
0.503212
0.501035
0.511702
0.472539
0.506864
0.46856
0.452308
0.480874
0.470528
0.481555
0.501545
0.494612
0.472482
0.47065
0.506881
0.509595
0.504541
0.498416
0.480402
0.491323
0.483539
0.50989
0.475296
0.438669
0.469493
0.503151
0.51782
0.501006
0.491423
0.502618
0.480477
0.510686
0.494312
0.430208
0.491694
0.4871
0.482341
0.462527
0.513514
0.456736
0.492929
0.465608
0.472901
0.474012
0.477083
0.466597
0.427928
0.511154
0.498409
0.46802
0.466083
0.471193
0.465368
0.506908
0.480932
0.46194
0.483146
0.474164
0.468379
0.510264
0.478218
0.47744
0.511387
0.483804
0.479558
0.498455
0.486828
0.470961
0.481744
0.485167
0.534319
0.487335
0.483871
0.512243
0.521332
0.498528
0.477987
0.468
0.490276
0.489635
0.506579
0.541053
0.498028
0.492339
0.490253
0.481521
0.476596
0.530335
0.500527
0.470292
0.524838
0.475054
0.45339
0.496835
0.451745
0.477994
0.430851
0.472505
0.486815
0.489919
0.512621
0.503036
0.470948
0.483458
0.509865
0.473517
0.517782
0.504167
0.496815
0.460581
0.463862
0.485685
0.485864
0.447639
0.473684
0.490683
0.489253
0.439825
0.484568
0.475025
0.522234
0.431976
0.463362
0.503012
0.50368
0.491318
0.492489
0.443089
0.497972
0.474052
0.447657
0.524664
0.495833
0.504897
0.479233
0.461297
0.494748
0.473795
0.462869
0.492507
0.494444
0.501066
0.449511
0.46875
0.483701
0.447808
0.516293
0.492308
0.497551
0.490375
0.515344
0.478348
0.478261
0.503825
0.495531
0.483249
0.505219
0.466391
