1955
1895
1905
1919
1864
1928
1797
0
1871
0
1882
1927
1865
1895
1902
1855
1939
1933
1917
1927
1767
1830
0
1891
1939
0
1838
1922
1896
1890
1937
1913
1762
1827
1865
1896
1938
1967
1911
1925
1917
1891
1903
1841
1914
1925
1824
1921
1880
1983
1956
0
1788
1932
1901
1900
1955
1939
1911
0
2008
1874
1899
1910
1918
1906
1877
1822
1935
1892
1846
1899
1963
0
1920
1918
1869
1928
1912
1937
1868
1901
1922
0
1860
1904
1925
1968
1918
1906
1936
0
1882
1886
1849
1964
1930
273
1932
1914
1905
1929
1912
1883
1952
1989
1932
1934
1919
1859
1929
1891
1907
1858
1861
1915
1842
1969
1823
1873
1895
110
1873
1875
1865
1915
1918
0
1865
1942
1941
1989
1908
1906
1939
1946
1953
1921
1867
1953
1899
1955
1851
1958
1910
1849
1885
1861
1903
1855
1905
1877
1884
1899
1904
1909
1781
1887
2022
1886
1880
1907
1816
1922
1792
1934
1892
1903
1913
1827
1904
1948
1959
1985
1895
1965
1920
1839
1906
1862
1872
1919
1896
1857
0
2007
1918
1862
1825
1904
1943
1873
1792
1900
1916
1888
1926
1967
1951
0
1861
1896
1943
1921
1894
0
1963
1922
1996
1890
1883
1891
1955
1872
1846
1956
1958
1878
1922
1930
1932
1942
1877
1915
1860
0
1884
1872
1922
1938
1934
1901
2005
1856
1956
1924
1888
1881
0
1918
0
1900
1904
1870
1931
1980
1935
1978
1916
1860
1887
1863
1893
1931
1869
1909
1926
0
2018
1968
1911
1927
1925
1929
1919
1886
1912
1862
1910
1850
0
1851
1826
1919
1857
1827
0
1966
1870
1962
48
1921
1972
1879
1861
277
1878
1943
1889
1884
1920
1940
1843
1901
1846
1924
1926
1911
1861
1977
1929
0
1893
0
1948
1916
1896
1888
1848
1933
1942
1911
0
1876
1948
1823
1925
1977
1892
1909
1860
1845
1925
0
1813
1911
1989
1996
1899
1941
2021
1884
1942
1933
1822
1877
1907
1976
0
471
1937
1869
1902
1836
1905
1946
1919
1842
1911
1853
1924
1888
1913
1841
1991
1908
1934
1849
1985
1892
1821
238
1912
1925
1810
1849
1906
1921
1902
1967
1941
1893
1881
1897
1921
1909
1908
1886
0
1917
1825
0
1922
1905
1863
1901
1817
1881
1882
1879
0
2020
1888
1804
1897
1897
1930
1810
1823
1874
2006
1929
1848
1886
1902
1858
1876
1847
1928
1877
1814
1928
1846
1952
1897
1988
1925
1927
1924
1882
1838
1932
4
0
1930
401
1852
1865
1885
1834
1862
1956
1828
1904
1993
1900
1869
1848
1959
1874
1926
1971
1927
1961
1926
1874
1893
1914
1855
1834
1894
1821
0
1947
1880
0
1493
1854
1921
1925
1837
1982
1883
1891
0
1931
1816
1930
1925
1919
1815
1943
1944
1971
1946
1947
1887
1876
1886
1913
1949
1930
1914
1906
1934
228
1877
1881
1888
1862
1899
1935
1912
1901
1917
1905
1891
1911
1900
1899
1895
1889
1894
1911
1908
1960
0
1911
1877
1950
0
1873
1908
1954
1915
1878
1923
1901
1857
1903
1779
1885
1942
1960
1922
1853
1873
1913
1899
1909
1950
1881
1852
1866
1917
1849
1897
1946
0
1897
1860
1941
1910
1866
1889
2063
1941
1953
1883
1862
1960
1914
1931
1950
1883
1957
1819
1885
1883
1927
1885
1921
1951
1894
1916
1802
1858
1873
1902
1791
1856
1949
1920
1925
1959
1837
1873
1932
1858
1891
1921
1924
1925
1886
1860
707
1862
1906
1882
1998
1895
1879
1847
1899
1970
0
1940
1871
1866
1896
1811
1988
1895
0
1928
404
1944
0
1901
1942
0
1885
1875
1878
1313
1950
1961
1915
1927
1893
1914
1969
1852
1861
1909
1888
1955
1926
1925
1927
1875
1941
1954
1937
1851
1943
1943
1976
1859
1988
1831
1936
1902
1921
1907
1862
1958
1963
1882
1885
1966
285
1857
0
1900
1932
1889
2023
1829
1872
1908
1935
1949
1855
1943
1877
1902
1846
1840
1916
1832
0
1920
1951
1880
1840
1914
1864
1916
1867
1939
1890
1959
1923
1972
1894
1923
1994
1938
1906
1895
1860
0
1886
1868
1927
1921
1900
1886
1949
1846
1901
1963
1913
1914
1823
1918
1869
1884
1885
1866
1898
1911
1910
1987
1885
1909
1877
1837
1851
1852
1823
1894
1920
1904
1946
1919
1892
1876
1903
1950
1960
1993
1859
1933
1987
1973
1935
113
1902
1974
1902
1900
1865
1937
1891
1950
0
1834
1939
1816
1963
1964
1922
1849
1925
1936
1843
332
1887
1849
1959
1862
1865
1912
1920
1929
1934
1937
1921
1890
0
1993
1934
1836
1857
1945
1933
1944
1900
1958
1959
1883
1887
1860
1936
1888
1912
1855
1937
1903
1876
0
1877
1937
1885
1959
1912
1909
1951
0
1903
1915
1971
1884
1849
1928
1892
1883
1923
1788
1871
1954
1935
0
1934
1907
1917
1888
2000
1918
1866
1939
1987
1867
1877
1868
2020
1944
1924
1854
1873
1893
1917
1961
1888
1912
1859
1878
1915
1996
1894
1920
1885
1925
1866
1909
1905
1858
1872
1890
1918
1362
1897
1954
1859
1873
1940
1840
1888
2017
1894
1916
0
1826
1876
1949
1860
1945
1970
1915
1845
1947
1930
1937
1945
1862
1879
1877
0
1972
1973
1890
1914
1950
1906
1884
1913
1985
1950
1962
1924
1925
1923
1937
1919
1895
1936
1945
1933
1867
1863
1868
1934
1932
1845
1896
1862
1941
1957
1915
1953
1914
1903
1812
1938
1871
1938
1919
1905
1866
1833
1907
1859
1786
1943
1881
1860
1926
1910
0
1911
1907
1895
1924
1829
1904
1842
1937
1892
1902
2005
1905
1899
0
1913
1859
1856
1953
1901
1924
1876
1947
1910
1956
1965
1865
1811
1962
1822
1911
1818
1902
1969
1935
1895
1923
1966
198
1890
1904
1897
1912
1993
0
1889
1904
1887
1854
1888
1822
1946
1915
1878
1927
1814
1944
1949
1959
1895
1907
1955
1958
1817
1845
1901
1908
1891
1875
1897
1938
1952
1917
342
1878
1845
0
1884
1877
1897
1925
0
1898
1920
1955
1861
1837
1851
1830
0
1863
1940
1872
1879
1907
1934
1841
1851
1852
1931
1950
1888
1869
1927
1848
1958
1951
1899
1938
1892
1876
1856
29
1918
211
1914
0
1874
1906
1889
1898
1912
1995
1858
1865
1954
1912
1886
1911
1910
1774
1906
1872
1864
1894
1940
1839
1836
1932
1949
1844
1861
1896
0
1897
1856
1896
404
1893
1921
1910
1856
1958
1840
1860
1860
1874
1911
1863
1892
1857
219
1978
1932
1875
0
1849
1922
1846
1995
1938
1932
1884
1941
1789
1980
1872
1935
1913
0
1966
1926
1944
1853
1863
1837
1900
1920
1808
1896
1905
1910
1891
1854
1971
1891
1940
1871
1903
1948
1790
1878
1851
1966
1915
1923
1876
1910
1897
1930
1922
1892
1942
1886
1846
1812
0
1843
1855
1865
1919
1910
1914
1915
1863
1816
1787
1873
1917
1837
1867
1951
1932
1914
254
328
1903
1858
1929
1873
1861
1922
1867
1934
1904
1949
1878
1916
1970
1802
1856
1901
1904
1890
1954
1950
1931
1892
1891
1819
1855
1970
1938
1870
1908
1873
1888
1842
1898
1903
1887
1958
1930
1912
1875
1879
1880
1900
1896
1997
1898
1855
1948
1925
1898
1887
1913
1889
1961
1848
1880
1953
1853
1920
1947
1921
1894
1906
1836
1859
1910
1893
1911
1849
1924
1910
1897
1896
1927
1870
1921
1910
1952
1959
1879
253
1917
1860
1925
1854
1904
1963
1842
1946
1812
1858
1965
1952
1875
1915
1831
1853
1929
1885
1951
1847
1908
1839
1929
1930
1865
1886
1420
0
1962
1941
1836
1993
1892
1837
1914
1927
1907
1888
1984
1935
1978
0
1883
1846
1953
1907
0
1905
1896
1969
1936
1923
1881
1855
1966
1976
1893
1919
1911
1944
1877
1963
1889
1973
1881
1859
1879
1920
1969
1884
1918
1872
1871
1903
1916
1881
1911
0
1899
1867
1988
1906
1934
1945
1872
0
1894
2002
1913
1936
1881
1974
1919
1941
1881
1919
1934
1840
1915
1951
1939
1973
0
0
1892
1917
2022
1922
1865
1876
1976
1933
1903
1931
1958
1901
1959
1914
1912
1907
1860
1917
1799
1899
1927
0
1907
1926
1953
324
1939
1899
1960
1918
1912
1846
1818
1953
1920
240
0
1950
1919
1911
1915
1897
1851
1874
1911
1945
1971
1891
1891
1912
1879
1877
1965
1932
1834
1944
1947
336
1863
0
1896
1859
1922
1906
1900
2004
1939
402
1846
1916
1934
0
1906
1909
1862
1979
1867
1879
1940
1848
1948
1846
1925
1901
1798
1901
1959
1933
651
1905
1986
1959
1801
1937
0
1891
1298
1919
1949
1860
1908
0
1851
1941
0
1877
1902
1981
1916
1906
1897
1931
1973
1866
1834
1896
1856
1872
1824
1877
1908
1901
1855
1905
1916
1834
1885
1907
1910
1929
123
1979
1975
1885
1923
1897
1889
1891
1896
1938
1896
1967
2010
1958
1931
1950
1907
1885
1836
1824
1864
1873
1924
1934
1892
1940
1975
1891
1953
1873
1913
1909
1883
1864
1853
1881
1845
1923
1841
1937
1933
1932
1901
1952
1861
1862
1952
1961
1916
1885
1918
180
1959
1930
1940
229
1933
1906
0
1997
1865
0
1985
1911
1862
1794
1992
1905
1921
1940
1905
1851
1937
1899
1983
1826
1947
1902
1886
1958
1938
0
1949
1927
1921
1913
1837
1831
1899
1891
1957
1869
1882
1855
1899
1940
1924
1883
1935
1941
1865
1927
1908
1817
1789
1891
1859
1966
1775
0
1901
1962
1895
1871
1945
1813
1899
1889
1828
1858
1908
1946
1891
1991
1935
1880
1932
1931
1918
1824
1932
1918
1879
1927
1929
1834
1970
1923
0
1883
1946
1863
1895
2018
1933
1832
1889
1912
1938
1909
1902
1967
1850
0
1950
1802
1989
1859
1918
1943
1933
0
1941
1769
1858
1923
1882
1871
1857
1962
1936
1958
1941
1907
1956
1909
1946
1824
1918
1899
1870
1855
1902
1899
1996
1939
1892
1866
1852
1906
1943
1822
1897
1895
1908
1880
1869
1927
1856
1910
1912
1891
1954
1914
1923
1920
1844
1920
1912
1912
1915
1860
1904
1956
1900
1908
1799
1870
1933
1930
1902
1872
1935
1785
1870
0
1910
1863
1921
1910
357
1950
1858
1893
1909
1917
87
1769
1872
1945
1889
1840
1937
1803
1883
1893
1939
1936
1947
1890
1887
1910
1879
1931
1911
1888
1911
1925
1924
1879
1896
1844
1858
1951
1910
1882
1903
1999
1864
1912
1963
1983
1889
1955
1826
1873
0
1886
1887
1905
1832
1903
1936
1911
1906
1844
1810
1933
1847
1929
1845
1883
1940
1865
1919
1921
1841
1854
1902
1900
1900
1913
1910
1859
1964
1894
1921
1962
1924
1855
0
1877
1892
1826
1854
1912
2030
1910
1861
1913
1933
1873
1857
1945
1869
1890
1889
0
1943
1976
1868
1901
1884
1909
1995
1938
1960
1864
1935
1869
1941
1895
1925
1922
1949
1967
1918
1930
1950
1915
1838
1895
0
1885
1920
0
1884
1949
1836
1944
1946
1913
1908
1818
1877
1888
1866
1915
1842
1971
1972
1932
1899
1894
1983
1951
1865
1890
1927
0
1936
1554
1901
1857
1923
1927
1911
1909
1923
1917
1996
1883
1946
1892
0
1906
1918
1909
1890
1944
1921
1932
0
1893
1932
1932
1907
1906
1949
1897
1869
159
1966
0
1909
1882
1937
1946
1875
1922
1913
1818
1923
1910
1936
1921
1899
1779
1912
1955
1873
1802
1942
0
1835
1978
1892
0
1921
1915
1855
2010
1985
1906
1830
1916
1890
1926
0
1926
1956
1923
1961
1912
1932
1956
1816
1895
2003
1834
1843
1869
1901
0
1887
1970
1826
1982
1958
1876
1889
1989
1940
1893
1895
1850
1927
1903
1886
1894
1866
1908
1868
1897
0
1925
1922
1976
1896
1930
1761
1849
1831
1877
1880
1850
1861
1871
1954
1912
1796
1812
1930
1870
1940
1867
1926
1812
1887
1937
1923
1889
1867
1905
1940
1888
1904
1917
1921
1949
1893
1838
1938
1882
332
1881
1888
1831
1943
1951
1884
1912
1851
1916
1866
1934
1900
1901
1838
1831
1935
1948
1843
1907
1867
1889
1953
1886
1896
1845
1918
1938
1938
1948
1887
1843
1910
1910
1911
1940
1918
1957
1904
1984
1879
1908
1863
1959
1911
1826
1873
1969
1922
1851
1874
1940
1935
1916
1971
1873
1885
1859
1990
1995
1982
1993
1897
1929
1899
1900
1951
2008
1951
1916
343
1889
1942
1846
1860
1920
1886
1933
1964
1852
0
1927
1932
1927
1764
1879
1913
1957
1863
1921
1932
1845
1921
1850
1940
0
1900
1894
1881
1891
1927
1811
1872
1937
1934
1820
1822
1915
1993
1891
1905
1867
1935
1910
1947
1964
1926
1831
2007
1957
1811
1920
1952
23
1933
1852
1875
1910
1942
1909
1911
1968
1878
1956
1952
1899
1888
0
1851
1843
1961
1893
1910
1926
1939
1868
1876
1924
1899
1927
1944
1954
0
1887
1898
1839
1792
1887
1905
1885
1823
1818
1861
1934
1909
1905
1988
1968
1873
1878
1890
1930
1959
1905
1864
1934
1941
1906
1978
1836
1864
1852
1929
1940
1910
1798
1907
1879
1883
1962
1995
1849
1933
1915
1850
1915
1901
1798
1925
1881
1915
1902
1927
1889
1869
1850
1944
1884
1793
1955
1818
1902
1940
1912
1937
2015
1887
1936
1875
1916
1855
1872
1915
1899
1843
1883
1984
1857
1889
1844
1944
1867
1940
0
1901
1901
1889
1875
1778
1929
1968
1874
1963
1902
1912
1970
1920
1847
1872
1920
1935
1913
1896
1922
1956
1883
1877
1908
1929
1905
1928
1845
1943
1903
1890
1943
1944
1863
1866
1973
1914
1852
1901
1859
1926
1872
1791
1934
1896
1878
1922
1917
1856
1847
1934
1913
1955
1830
1983
1927
1880
0
1864
1870
1900
0
1906
1990
1857
1898
1906
1950
1816
1982
1869
1975
1898
1919
1895
1963
1932
1904
1936
1894
1910
1957
1977
1805
1907
1919
1884
1935
1826
1924
1451
1917
1889
1945
1873
1916
1864
1874
1850
1857
0
1847
1885
1967
1933
1890
1918
1885
1942
1905
1879
1884
1967
1887
1861
1926
0
1922
1920
1921
1893
1888
1934
1912
1857
1990
1919
1929
1893
1914
1849
1920
1918
1905
1985
1970
1927
1922
1915
651
1872
1846
1905
1909
1883
1925
1878
1903
1886
1934
1979
0
661
1870
1921
1877
1944
1950
1916
1972
1948
1930
1876
1859
1869
1919
1885
1947
1837
1869
0
1871
1914
1973
1964
1961
1908
1936
1959
1929
1847
1958
1973
1955
1855
1907
1887
1938
1914
1902
1895
1980
1884
1924
1907
1947
1958
1904
1855
1936
1884
1896
1942
1947
1889
1880
1922
1904
1893
1914
1822
1841
1935
1969
1908
1845
1944
1838
1837
268
1931
1896
1895
1900
1880
1937
1938
1949
1892
1936
1877
1934
1910
1926
1921
0
1867
1173
1852
1889
1883
1893
1923
1941
1910
1856
1910
1864
1916
1974
1916
0
1896
0
1971
1866
1917
1949
1954
1884
1895
1874
1911
1888
1866
1903
1916
2002
1893
1960
1898
1864
1901
1895
1931
1889
1938
1852
1872
1921
1898
1978
44
1903
1895
1968
1862
1889
1958
1792
1975
1847
1888
1813
1929
1884
1932
1887
1946
1957
2000
1886
1887
1831
1951
1898
1809
1920
1929
1853
1934
1896
1883
1982
1841
1923
1879
1825
1849
1904
1900
1916
1859
1899
1869
95
1847
1917
1956
1845
1864
1887
1898
1985
1982
1873
1847
1934
1910
1922
1810
1965
1919
1813
1942
1967
1903
1910
1921
1930
1930
1884
1957
1836
1889
1905
1916
1842
1960
1931
1910
1943
1905
1856
1909
1997
1884
1963
1957
1944
1893
1845
2010
1873
1919
1948
1841
1996
1846
1912
1925
1955
1984
0
1927
222
1952
1869
1905
104
1932
1920
1830
1871
1925
1898
1925
1870
1961
1921
1952
0
1991
1843
1974
1885
1906
1881
0
1958
1991
1935
1982
1911
1895
957
1896
1922
1860
1844
1840
1822
1870
1979
1937
1899
1926
1914
1951
1945
1884
1873
1887
1971
1901
1893
1860
1945
1895
1913
1965
1926
1936
1906
1874
1934
1896
1949
1827
0
913
1877
1901
0
1934
1919
0
1901
1958
1898
1999
1920
1987
1810
1950
1962
1919
1872
1931
1866
1916
1873
1951
1960
1901
1823
1920
1819
0
1935
1838
1860
1898
1924
1902
1478
1879
1864
1939
1927
1912
1863
1931
1877
1952
1902
1877
1921
1892
1832
2015
1941
1993
1883
1892
1977
1878
1905
1911
1910
1908
1896
2006
1988
1917
1834
1873
1860
1877
1862
1963
1928
1828
1893
1941
1900
1892
1964
1841
1961
1875
1843
1920
1884
1950
1905
1856
1781
1960
1874
1899
1920
1914
1835
1905
1832
1948
1910
2020
1893
1948
1957
1870
0
1845
1990
1886
1836
1931
1878
1974
1968
1924
1910
0
257
1858
1919
1902
1916
1861
1917
1843
1915
1878
1854
1894
1932
1874
1954
1827
2040
1913
1909
1883
1887
1898
1860
1835
1870
1915
1928
1910
1926
1949
1911
1901
1964
1941
1886
1887
1938
1893
1856
1900
1953
1951
1912
1856
1887
1894
1939
1850
1959
1809
1960
1870
1926
1918
1926
1932
1961
1945
1920
0
1843
1930
1884
1911
1911
1965
1924
1892
1916
1917
1924
1895
1939
1829
1821
1915
1877
1951
2003
0
1921
1892
1918
1906
1918
1895
1909
1910
1894
1881
1844
1936
1918
1909
1896
1875
1821
1875
1923
1900
1935
1953
1929
1906
1945
1888
1893
1863
1952
1906
1933
0
1850
1872
1895
1891
1883
0
1945
1935
1876
1927
1934
1904
2014
1843
1923
1950
1901
1842
1928
1858
1926
1943
1925
1855
782
1922
358
1873
1914
1950
1989
1934
1824
1944
1964
1948
1878
1881
1954
1913
1879
1841
1352
1925
0
1882
1929
1882
1930
1875
1920
1938
1852
1859
1916
1901
1921
1866
1884
1867
1908
1830
1858
1889
1896
1931
1824
1968
1912
1931
1913
1909
1911
1918
1932
1905
1908
1825
1895
1809
1830
1931
1975
1873
1956
1957
1870
1946
1858
1918
1915
1963
1959
1902
0
1889
1917
1826
1879
1840
1885
1963
1879
1950
1881
1901
1842
1869
1932
1981
1938
1902
1905
129
1932
1960
1883
1828
1949
1899
1904
1814
1905
1981
1892
1882
1812
317
1848
1882
1925
1830
1929
1930
2000
1859
1868
1996
1930
1927
1871
1926
1892
1909
1905
1938
1934
1871
1927
1871
1886
1894
1980
1878
1840
0
1940
1913
1963
1940
1907
1916
1875
0
1962
1927
1887
1996
1815
1788
1804
1908
1951
1905
1928
1798
1824
1926
1875
1903
1970
1923
1872
1936
1913
1969
1876
0
1822
297
1914
1943
1934
1866
1917
1914
1911
1914
1872
1928
1931
1934
1883
1962
1912
0
1922
1888
1955
1901
1941
1930
1928
1952
1858
1967
1927
1839
1896
1885
1880
1878
1924
1938
1892
1969
1818
1917
1927
1893
1966
1872
0
1981
1945
1891
1959
1957
1922
1906
1903
1848
1882
1934
1875
1968
1868
1890
1959
1868
1847
1898
1929
1925
1890
1981
1924
1841
1934
0
1869
1889
1935
1896
1963
1919
1869
1929
0
1939
1926
1873
1887
1959
222
1898
1878
1867
1948
1902
1940
1868
1952
1898
1891
1970
398
1900
1919
1837
1840
1904
1874
1934
1841
1906
1927
1903
1897
1918
1879
1955
1878
1953
1973
368
1885
1865
1856
1986
1844
1901
1892
1921
1877
1895
1869
1894
1842
0
1932
1936
1840
1914
1889
1861
1906
1931
1832
1953
1960
1984
1931
1916
1899
1879
1809
1829
1905
1928
1939
1863
1920
1829
1993
1900
1906
1877
1873
1866
1895
1880
1916
1872
1906
1941
1930
1917
1860
1801
1868
1843
1884
1899
1910
0
1916
1915
1876
1878
1934
1948
1922
1900
1974
0
1904
1848
1879
1832
1963
1934
357
1831
1874
1918
1849
1867
1902
1923
1936
1915
1864
1991
1911
1752
1930
1925
1875
1828
1937
1880
1887
1897
1996
1951
1868
1969
1906
1914
1920
1895
1852
1944
1970
1856
1953
1883
1965
1932
1931
1900
1990
1917
1888
1903
1877
1937
1946
1916
1928
1900
1893
1988
1921
1964
1839
1887
1961
484
1878
1917
1874
1926
1885
1957
1943
0
1922
1890
1902
1875
1951
1850
1956
1913
1924
1890
1953
1900
1858
1895
0
1906
1900
1862
1852
1899
1959
1915
1925
1883
1938
1823
1931
1849
1903
1965
1940
1838
1852
1949
1990
1826
1931
1896
1833
1863
1877
1898
1989
1841
1913
1954
1909
1926
1894
1878
1893
1964
1898
1961
1926
1843
1913
1839
1884
1888
1909
0
1863
1923
1906
1892
1875
1866
1912
1930
1899
1883
1878
1986
1883
1929
0
1857
1869
1909
1969
1931
1958
1928
1981
1935
1894
1908
1822
0
1853
1842
0
1903
1845
1920
1978
1904
1862
1829
1903
1933
1984
1849
1908
1906
1917
1875
1938
1855
1895
1983
1914
1912
1877
1888
1842
1921
1911
1917
1891
1900
1899
1901
1956
1933
1951
1881
1944
1925
1852
1909
1904
1829
0
1919
1893
1874
1884
1917
1918
1892
1918
1869
1926
1928
1958
1890
1883
1901
1877
1882
1896
231
1936
1899
1938
1874
1990
1917
0
1901
1942
1841
2017
1811
1861
1887
1932
1905
1879
1835
1905
1887
1839
1899
1850
1902
1930
1903
1860
1917
1992
1879
1911
1955
1808
1788
1933
1980
1883
0
1931
1873
1860
1917
397
1906
1832
1938
1931
1850
0
1927
1874
1894
1911
1831
1911
1877
1911
1914
1884
1953
1937
1874
1907
1854
1872
1902
1927
0
1857
1950
1939
1861
1911
1940
1879
1818
1814
1911
1891
0
1841
1919
1875
1956
413
1948
1948
1942
1928
1852
1896
1884
1879
1822
1898
1851
1877
1818
1913
1884
1919
1915
1887
1958
1942
1876
1941
1869
1963
1910
1856
1875
1883
1913
0
1923
1890
1906
1941
1908
1899
0
1873
1859
1897
1913
1958
1935
1909
1898
1923
1895
1889
1919
1911
1884
1877
1916
1888
1861
1880
1880
1911
1900
1976
1901
1909
1900
1863
1847
1888
1942
1924
1952
1882
1867
1907
1965
1899
1917
1886
1922
1872
1922
1904
1841
1929
1916
1961
1957
2003
1926
1854
2009
1829
1877
1899
1985
1914
1973
1861
1945
1893
1839
1918
1868
1940
1887
0
1913
1896
2045
1861
1874
1944
1866
1953
1878
0
1929
1954
1911
1900
1958
1905
1854
1920
0
1945
1922
1892
1897
1937
0
1914
1888
1920
1930
1812
1982
0
1885
1944
1959
1934
1960
1864
1907
1849
1882
1913
1843
1824
1898
1936
0
1903
1911
1887
1949
1868
1890
1917
1890
1888
1897
1888
1865
1821
1945
1983
1988
1862
1985
1893
1997
1887
1941
1897
1932
1909
1888
1914
0
1940
1941
1875
1974
1879
1933
1817
1953
1864
1894
1945
1881
1830
1974
1960
1924
1858
1952
1888
1854
1947
1897
1895
1919
1845
1885
1920
1859
1876
1972
1883
1877
1947
1930
1976
1920
1918
1907
1865
1904
1866
1903
1972
1901
1983
1867
1967
1948
1952
1884
1906
1882
100
1838
1838
1929
1890
0
1860
1876
1932
1978
0
1924
1849
1944
1894
2007
1889
0
279
1924
1822
1889
1963
1905
1868
1924
1869
1876
1899
1951
1948
1960
1899
1861
1886
1944
1884
1820
1886
1909
1890
1906
1940
1956
1938
1877
1886
1847
1939
1981
1899
1882
1883
1876
1937
1857
1904
1916
1911
1882
1940
1879
1845
1873
1931
1937
1933
1875
1950
1879
1958
1893
1974
1913
1909
1929
1863
1898
1914
1832
1851
1917
1889
145
1881
1915
1942
1928
1970
1856
1923
1895
1928
1829
1970
1919
1970
1810
1964
1927
1897
1878
2001
1928
1867
1892
1897
1912
1951
1957
1811
1954
1885
1916
1862
1933
1936
1852
1806
1908
1937
1984
1883
1881
1927
1881
1848
1983
1959
1953
1895
1892
1917
1933
1919
1952
1940
1895
1898
1941
1896
1883
2000
1899
1914
1840
1862
1920
1934
1961
1890
1959
1889
1867
1876
1935
1949
1923
1869
1936
1932
1896
1893
0
1951
1924
2020
1873
1914
1851
1952
1931
1864
1848
1884
1938
1875
0
1882
1880
1866
1877
1980
1961
1882
1825
0
1955
1904
1912
1889
1832
1890
1841
1869
1964
2029
1930
1954
1868
1922
1925
1884
2032
1832
1867
1874
1837
1843
2006
1939
0
1944
1890
1925
1949
1926
1934
1824
1921
1892
1895
1941
1876
1982
1925
1891
1855
1942
1995
1887
1860
1878
1930
1827
1884
1892
1888
0
1861
1973
1886
1930
1858
1911
1888
1917
1880
1915
1885
1916
1902
1812
1815
1984
1914
1946
0
1928
0
1963
1980
2011
1905
1915
1933
1871
1918
1947
1906
1953
1916
1923
312
1945
0
1964
1879
1889
1866
1848
1877
1923
1959
1856
0
1877
1849
1906
1902
1949
1846
1911
1964
1922
1882
1915
1936
1850
1869
1891
1914
313
0
1917
2003
1927
1837
1892
1824
1861
1887
1872
1918
1837
1902
1961
1927
1865
1898
1854
1841
1900
1915
1900
1952
1886
319
1937
1952
1841
1843
1849
1921
1890
1903
1876
0
1906
1960
0
1859
1895
1966
1915
1927
1913
1923
1861
1949
1905
1900
1934
1873
1891
1824
1881
1806
1884
1950
1913
1875
1864
1871
1938
1874
1940
1912
1859
1927
1920
1927
1885
0
1865
1956
1939
1832
1836
1933
1969
1920
1925
1968
1924
1849
0
1886
213
1906
0
1857
1860
1897
1911
1883
1899
1906
1932
1826
1844
1921
1942
1862
1891
1899
1930
1780
1877
1922
336
1858
1920
1999
1865
1856
1909
1888
1868
1874
1934
1886
1874
1907
1951
1906
1926
1891
1936
1987
1792
1921
1905
1937
1868
1891
1932
1940
1875
1910
1908
1807
1923
1894
1954
1908
1915
1848
1915
1866
1892
1935
1949
1952
1866
1963
1912
1913
1942
1918
1917
1824
1985
1924
1881
1917
1927
1931
0
1817
1949
1862
1882
1912
1914
1945
1917
1896
1914
1904
1847
1819
1851
1924
1867
1921
2024
1844
1896
1907
1960
1921
1864
1893
1956
1884
1909
1890
1857
1952
0
1827
1924
1913
1936
1942
1881
1954
1885
1890
1956
1935
1865
1892
1815
1925
1865
1900
1980
1947
1888
1831
1866
0
0
1939
1912
1906
17
1840
1894
1968
1874
1870
1854
1946
1954
1848
1864
1840
2013
1882
1906
1865
1874
1960
1889
1854
1876
1913
1909
1857
1955
1995
0
1871
1887
1887
1859
1968
1939
1888
1956
1965
1896
1874
1967
1881
1980
1969
1972
1877
1918
1928
1909
1904
1919
1893
1895
1900
1977
1945
1831
1948
1933
1908
1913
1954
1933
1965
1955
1890
1920
1917
1873
1964
1854
1883
1893
1853
1920
1883
1982
1928
1876
1905
1870
1924
1901
1888
1954
1878
1886
1877
1868
1940
1903
2006
1955
1843
1928
1874
1865
1902
1912
1923
1963
1920
1851
1851
1858
1857
1861
1906
1839
1970
1937
1949
1831
1846
1879
1907
1960
1845
1929
1904
1885
1827
1901
1878
1896
1947
1912
1801
1887
1927
1793
1878
1918
1887
1920
1903
1896
1894
1962
1868
1899
1907
1967
1968
1919
1837
1878
1937
1997
1871
262
1891
1943
1841
1905
1913
1918
1907
1857
1941
1842
1887
1834
1928
1947
1955
1855
1986
1961
1788
1938
1966
1858
1918
1953
1959
1863
1843
1862
1886
1941
1864
1910
1918
1863
1884
1960
1890
1953
1914
1865
1857
1929
1851
1969
1892
1897
1995
1832
1974
1899
1876
1971
1859
1963
1870
1904
1854
1894
1951
1950
1894
1888
1868
1874
1803
1969
1831
1394
1893
1850
1909
1944
1893
0
1965
1895
1795
1942
1856
1882
1920
1962
1909
1883
1887
1855
1890
1831
1881
1883
1953
1929
1954
1956
1918
1923
1840
1912
121
1897
1902
1869
1913
1887
1947
0
1923
1913
1913
1999
1927
1901
1949
1879
1893
1429
1878
1938
1855
1893
1865
1880
1952
1798
1875
1881
1815
1877
1885
1897
1903
1958
1952
1872
1827
1940
1881
1934
1981
1849
1911
1905
1919
1864
1921
304
1937
1986
1883
1888
1930
1865
1948
1908
1961
1885
0
1891
1948
1894
1892
1926
1913
1916
1901
1932
1883
1933
1978
1920
1902
1931
1938
1986
1921
11
1824
1944
1964
1919
1944
1902
1887
1917
1829
1892
1907
1961
1967
1935
1922
1978
1983
1929
1862
1912
1892
1862
1924
1880
1902
1858
1896
1910
1942
1971
1972
1922
1898
1860
1886
1788
1908
1879
1887
1881
1833
1890
0
1909
1935
2010
1981
1896
1925
1968
1878
1871
1955
1905
1852
0
1847
1869
1942
1877
1971
1891
1890
1934
1937
1906
1922
1797
1945
1889
1903
1838
0
1840
2003
0
1949
1850
1920
1904
1911
1928
1962
1963
1902
1907
1916
1944
1909
1955
1839
1903
1444
1896
1880
1919
1881
1922
1911
1871
1937
0
1840
1922
1915
1949
1904
1931
1955
1909
1830
1922
1890
1899
1985
0
1883
1931
1984
1929
1903
1836
303
1995
1877
1915
1930
1880
1820
1891
1913
1828
1844
1943
1881
1914
0
1937
1881
1892
1858
0
1897
1912
1945
1955
1954
1851
1887
1863
1894
1914
1865
1907
1887
1998
1871
1865
1887
1936
1865
1886
1925
1920
1863
1919
1877
1823
1878
1927
1896
1960
1870
1995
1941
1924
1898
1906
1870
1910
1872
1945
1872
1973
0
1965
1868
1872
1925
1937
1831
1933
1949
1915
1967
1911
1887
1879
1902
1897
1970
1900
1957
1844
1941
1894
2029
1920
1933
1896
1955
1805
2000
1935
1883
1959
1901
1889
0
1916
1845
1946
1871
1938
1894
1884
1842
1855
1899
1857
1854
1887
1872
1842
1918
1853
1990
1951
1914
1911
1863
1956
1836
1954
1910
1882
1906
1985
1880
1914
1872
1895
1853
1912
1910
1948
1880
1920
1850
1840
1900
1840
1905
2004
1840
1899
1861
1895
1924
1920
1948
1892
1917
1872
1922
1875
1925
1837
1940
1893
148
1885
1923
1862
1838
1925
1852
1906
1901
1875
1886
1886
1861
1876
1872
1971
1974
1870
1854
1916
1888
1964
1879
1857
1933
1910
1935
1892
1856
1914
1895
1870
1915
1976
1837
1873
1928
1885
1965
1953
1861
1967
1888
1925
1905
1904
1924
1988
1965
258
0
1874
0
1980
1972
1859
1910
1941
1914
1884
1898
1880
1896
0
1948
1830
1913
1886
1921
1852
1938
1933
1943
1897
1866
1934
1851
1874
1862
1919
1943
1925
1907
1896
1948
1909
1891
1938
1881
1923
1870
1845
1909
1906
1919
1897
1927
1977
1896
0
1925
1852
1928
1879
1968
1929
1912
1926
1920
1953
1913
1845
1982
1893
1917
1903
1875
1874
1913
1862
1851
1858
1900
1911
1925
1963
1905
1833
1889
1928
1936
1938
1860
1884
1926
1880
1849
1954
1903
1900
1934
1968
1867
1856
1872
1949
1941
1845
1922
1919
1920
1946
1889
1929
1844
2006
1882
1968
1960
1920
264
1961
1970
1909
1877
1927
1906
1894
1925
1925
1952
1872
1904
1922
1949
1836
1885
1869
1861
0
1846
1986
1829
0
1866
1886
1939
1958
2021
1814
1846
1832
1974
1999
1837
1880
1875
1918
1844
1927
1884
1876
1827
1964
1858
1929
1962
1892
1858
0
1820
1808
1970
1912
1969
1875
1940
1984
0
1910
1842
1895
1922
1927
1873
1845
1871
1913
1888
1963
0
1897
1942
1967
1885
1898
1969
1896
1837
1853
1924
1873
1952
1938
1928
1855
1894
1871
1844
0
1941
1926
1884
1836
1915
1935
1901
1865
1870
1957
1915
1881
1943
1838
1931
1940
1926
1879
1927
1893
1819
1943
1945
1920
1876
1879
1939
1912
1934
1931
1892
1940
1935
1871
1792
1957
2000
448
1896
1905
1931
1862
1820
1869
1823
1894
1898
1905
1959
1861
1885
1888
1919
1907
1855
1909
1868
1888
1882
1889
1892
0
1881
1868
1915
1877
1914
1888
1910
1986
1909
1900
1933
1946
1915
1887
1874
1872
1851
1836
1953
1903
1887
1888
1929
0
1848
1866
1863
1932
1832
1898
1846
1801
1967
0
1888
1902
1866
1845
1942
1908
1859
1941
1905
1909
1961
1935
2002
1949
1829
1882
1931
1855
1951
1882
1929
1895
1885
1859
47
1929
1901
1899
1856
1904
1873
1868
1944
1885
1920
1886
1914
1901
1923
1915
1926
1893
1929
1811
1973
1922
1897
0
1904
1875
1902
1927
1914
1916
1853
1904
1961
1978
1943
1820
1908
1909
1817
1904
1892
1851
1905
1932
1848
1881
1943
1827
1878
1888
1919
1841
1936
1892
1916
1864
1980
1920
1928
2002
1947
1884
661
1936
1917
1903
1928
1884
1824
1784
1905
1863
1848
1960
1950
1929
1897
1959
1940
1835
1840
1930
1795
1893
1860
1929
1885
1864
1798
1905
0
1852
0
1964
1943
1924
1885
1879
1835
1932
1866
1887
1855
1903
1883
0
1962
1856
1952
1919
1865
1828
1906
1941
1956
1889
0
1830
1924
1827
2028
1932
1938
1908
1894
1910
1941
0
1911
1949
1986
1984
1862
1884
1961
1841
1920
1894
1895
1877
1956
1881
1863
1957
1913
1892
1863
1893
1990
1921
1863
1921
1912
1977
1959
1805
275
1888
1916
1821
1918
1891
1857
1558
1857
1878
1956
0
1962
1842
1941
1939
1975
1945
1777
1876
1853
1906
0
1842
1845
1886
1872
1897
1886
1929
1890
1948
1944
1870
1889
1865
1896
1926
1921
1869
1865
1932
1972
1890
1911
2006
1893
1929
1885
1901
1942
1862
1895
1888
1898
1953
1910
1926
1939
1861
1878
1849
1932
1905
1943
1940
1926
1898
1817
1908
1906
1912
1910
1913
1890
1889
1948
1942
1917
1957
1967
1917
1933
1855
1949
2008
1892
1972
1855
1854
1925
1913
1875
1848
305
1848
1820
1867
1929
1920
1894
1891
1957
1847
1854
1931
1952
1926
2074
1887
1862
1884
1890
1888
1880
1879
1954
1862
1868
1871
1916
1903
1854
1913
0
1894
1846
1929
1878
1915
1940
1883
1925
1939
1877
1926
1902
1911
1895
1924
1838
1871
1915
1907
1858
1895
1893
1906
1927
1891
1937
1946
1935
1938
1910
1945
1914
1956
1960
1908
0
1824
1899
1898
1918
1900
1907
1826
1870
1899
1884
1867
1883
1944
1892
1881
1944
1902
1882
1909
1972
1918
1944
1805
1872
1882
1930
0
1918
1889
1921
0
1929
1907
1888
1900
1920
1864
1899
1935
1870
1929
0
1882
1926
0
1975
1899
1905
1859
1804
1873
1850
1910
1907
1873
1823
1897
1919
1926
1918
1956
1863
1930
1861
1885
1941
1877
1820
1904
1903
1949
0
1925
1961
1905
1901
1949
1869
1948
1935
1888
1938
1749
1900
1842
1935
1920
1944
1925
1870
1912
0
1903
1923
0
1982
1858
1873
1895
1899
1889
1843
1921
1896
1843
1881
1809
1933
1851
1943
1861
1948
157
1922
1908
1833
1917
1891
1943
1826
1917
1941
1823
1914
1919
1871
1944
1898
1853
1848
1904
1955
1910
1886
1976
1870
1917
1870
1901
2008
1922
1925
1947
1885
1896
1911
0
1897
1922
1931
1929
1992
1974
1933
1937
1889
1912
1977
1940
1932
1919
1876
1931
1870
1831
1916
1978
1871
1339
1908
1861
1889
1883
1893
1966
1920
1968
1915
2010
1874
1822
1842
1996
1943
1966
1824
0
1884
1900
1886
1896
1853
1891
1887
1823
1891
1923
1939
1930
1894
0
1942
1922
1888
1854
1873
1397
1934
1829
1882
1921
1949
1893
1965
0
1973
0
1950
1900
1898
1872
1884
41
1917
56
1821
1905
1914
1892
1915
1968
1895
0
0
1928
1919
1926
1984
1837
0
2029
1908
1918
1893
1931
1907
1980
1873
1951
1885
0
1844
1893
1947
1927
1833
1869
1885
1882
2019
1893
1875
1908
1865
1977
1906
1885
1869
1900
1936
1860
1910
1905
1961
1828
1913
1912
1944
1919
1574
1919
1982
1919
1873
1901
1849
1956
1920
1888
1864
1855
1921
1981
1847
1914
1950
1909
1800
1911
1921
1906
1913
1940
1890
1933
1942
1928
1852
49
1943
2025
1882
1877
1905
1979
1953
1936
1893
1951
1893
1988
1855
1874
1900
5
1840
1965
1854
1952
1912
242
1863
1898
1821
1916
1854
1862
1915
1951
1912
1883
1898
1902
1868
1859
1908
1931
1843
1827
1847
1893
1913
1876
1910
1866
1887
1897
1922
1955
1952
1988
1856
1924
1886
1882
1863
1930
1873
1862
1902
1904
1873
1899
1917
1989
1850
1835
1854
1978
1939
1953
1829
1911
1872
1909
1895
1936
1854
1868
1843
1896
1897
1898
1887
1925
1897
1924
1942
1824
1939
824
0
1863
1872
1915
0
1854
1899
1398
1931
1927
1923
1869
1909
1882
1941
1908
1868
1934
1900
1944
1815
2012
1941
1913
1897
1941
1931
1857
1903
1888
1936
1856
1832
1989
1844
1935
1874
1940
1847
1947
1886
1880
1897
1876
1881
1876
1943
1946
1987
1937
1926
1921
1774
1856
0
1912
1894
1886
1946
1885
1936
1910
1910
1873
1927
1944
0
0
1912
1813
1874
1860
2030
1863
1875
1901
1963
1895
1793
1932
1943
1906
1897
1841
1831
1889
1947
1933
1957
1850
1865
1933
1905
1853
1944
1868
1836
1848
1838
1879
0
1886
364
1919
1893
1970
342
1962
1930
1878
1995
1870
1889
1977
1946
1842
0
1845
1878
1962
1888
1879
1913
1842
1869
1872
1868
1933
1930
1911
1965
1955
1926
0
1916
1863
1878
1962
1911
274
1909
1854
1873
1916
1939
1872
1862
1871
1823
1855
1914
1911
1950
1932
1884
1824
0
21
1852
1861
1869
1891
1929
1963
1873
1954
309
1948
1972
1918
1871
1872
1859
1895
1915
1846
1914
1947
1934
1939
1905
1923
1926
1904
1854
1830
0
1956
1888
1922
1898
1947
1905
1862
1862
1884
232
1936
1834
1913
1850
1919
1886
1837
1893
1918
1869
1916
1931
1881
1897
1933
1844
1887
1939
1865
1950
1862
2007
1865
1957
1916
1925
1908
2006
1880
1882
1924
1912
1953
1853
1813
1868
1968
1924
1843
1942
1839
262
1899
1912
1868
1932
1907
1962
1888
1902
1843
1934
1913
1887
1952
1913
1951
1896
1942
1925
1890
1919
1849
1946
1913
1893
1943
1923
1876
1889
1875
1898
1886
1890
1933
1920
1923
1884
1908
0
1933
1911
1878
1971
1866
0
1913
1855
1972
1884
1977
300
1889
1894
1878
1897
1938
1836
1862
1876
1888
1850
1911
1859
1968
1851
1930
1913
1909
1865
1950
1904
1884
1945
1982
1858
1877
1899
1910
1819
1941
1887
1806
1922
1880
1867
1984
1936
1908
1893
0
1902
1972
1925
1917
1933
1850
1852
0
1862
1918
1944
0
1892
1905
1896
1856
1918
1893
1970
1894
1858
1901
1924
1848
1950
1931
1893
0
1946
1926
1898
1856
1955
1911
1902
1942
1895
1935
1830
1967
1886
0
1887
1906
1905
1882
1919
1917
1880
1906
1846
1875
1920
1918
1819
1913
1896
1898
1947
1908
1887
1963
1936
1852
1883
1842
1945
1859
1948
1817
1966
1851
1887
1943
1867
1878
1923
1909
1908
1885
1968
1895
1872
1878
0
1916
1956
1892
1939
1906
1964
1971
1944
1863
1867
1860
1870
234
1937
2008
1838
1890
1966
1901
1956
1874
1943
1931
1939
1840
1857
1897
1878
1901
2006
1932
1970
1828
0
1911
1977
1883
1932
1940
1922
1916
1986
1894
1876
1840
1886
1858
1847
1850
1948
1834
1978
1924
1922
1949
1935
1979
1888
1951
1840
1854
1939
1948
1967
1905
1880
1961
1943
2046
1947
1919
1875
1872
1859
1882
1923
1895
1890
1868
1889
1905
1962
1889
1870
1887
1932
1893
1879
1917
0
1844
1814
1897
1846
1885
0
1915
1916
1960
1915
1880
1974
1917
1956
1828
1946
1855
1988
1909
1860
1843
1930
1928
1946
1908
1961
1853
1911
1907
399
1954
1886
1939
1890
1924
1974
1946
1930
1907
0
1837
1863
1818
1885
1904
1927
1842
1899
1900
1955
0
1935
1879
1861
1852
1960
1960
1892
1866
1944
1891
1907
1916
1850
1914
1889
1908
1937
1896
1896
1921
1912
1860
1820
1869
1920
1875
1902
1870
1934
1950
1917
1938
1917
1892
1932
1885
1907
1889
1921
2003
1896
1870
0
1939
1879
1885
1882
1945
1976
1986
1989
1954
1931
1914
1849
1965
1887
1970
1903
1895
1986
0
1871
1944
1893
335
1845
1863
1919
1871
0
1932
1912
1873
338
1921
1888
1888
1896
1948
1954
0
1934
1819
1899
1921
1915
1944
1912
1898
1892
1926
1921
1937
1890
1958
1891
1938
1923
1887
1914
1891
1856
1814
1998
1854
1892
1886
1913
1923
1945
1934
1860
1898
1853
1983
1911
1939
1792
1897
1980
1961
1868
1827
1909
1880
1930
1928
1377
1885
1893
1925
1864
1920
0
1903
1949
1877
1879
1907
1827
1870
1899
1842
1894
1872
1838
1896
1918
1899
1852
1895
1847
1922
0
1914
1890
1916
1850
1846
1907
1880
1907
1899
1869
1983
1927
1920
1877
1984
2036
1905
1938
1955
1810
1917
1979
1897
1904
1915
1930
1810
1905
1842
1916
1917
1851
1932
1895
1916
1974
1858
1935
40
1938
1859
1922
1893
1880
320
1948
1930
1998
1911
1951
1892
1938
1932
1912
1876
1874
397
1933
1965
1932
1895
1898
1973
1827
1902
1953
1960
1890
1988
1891
1878
1947
1895
1924
1889
2007
1911
1853
1884
1914
1884
1877
1887
1840
1883
1918
1847
1883
1912
1970
1852
1862
1962
1923
1957
1957
1912
1872
1957
1947
1924
1859
1868
1958
1900
1936
1934
1993
1937
1936
1951
1804
1886
1875
1849
1917
941
1847
1937
2014
1947
1892
1858
1947
1951
1837
1827
1828
1958
1908
1908
1948
1913
1791
1949
1841
1936
2008
1928
1904
1883
1911
1897
1983
1955
1884
1902
1872
2051
1885
0
1890
1888
1944
1938
1953
1831
1919
1999
1912
1873
592
1994
1928
1923
1861
1907
1925
1973
1891
1878
1867
1876
1869
1893
1882
1919
1938
1882
1933
1864
1879
1980
1914
1912
1898
1940
1900
1920
1940
1916
1889
50
1848
1866
0
1885
1942
1915
1873
1964
1942
1498
1909
1897
1966
374
1872
1888
0
1947
1958
1870
1936
1931
0
1922
1926
1849
1868
1913
1922
1858
1852
1929
1889
1870
1830
1886
1898
1897
1818
0
1910
1814
1910
1935
1941
1886
1939
1861
1894
1942
1877
1823
1935
1899
1898
1885
0
1833
1883
1938
1961
1895
1964
1880
1944
1921
1918
1944
1909
311
1945
1867
1917
1866
1887
0
1904
1878
1990
1849
1906
1880
1859
1950
1911
1949
1893
1912
1894
1893
1912
1907
1955
0
1854
1829
1834
1890
1857
2004
1905
1910
1872
1893
1956
1935
1911
1877
1860
1900
1949
1895
1948
1917
1861
1956
1995
1908
1973
1921
2010
1976
1879
1883
1915
1955
1939
1883
1870
1936
1823
1921
1939
1882
1939
1811
1936
1896
1984
1931
1915
1940
1871
1880
1932
1879
0
1868
0
1883
1900
1964
1921
0
1835
1864
1855
1925
1850
1840
1898
1905
0
1881
1850
1874
1900
1830
1890
1910
1911
1920
1927
1849
1897
1802
0
1869
1927
1847
1920
1932
1941
1879
0
1883
1916
1969
1980
1898
1898
2005
1876
1800
1933
1853
1890
1895
1883
1919
1993
1890
1887
1907
1925
1930
1823
1931
1866
1889
1863
1893
1989
1967
1850
1909
1940
1832
0
1909
1893
0
1893
1949
1917
1855
1975
1890
1953
1863
1837
1972
2004
1909
1874
1867
1901
1881
1899
1895
1918
1867
1841
1895
0
1842
1944
1859
1926
0
1970
1820
1989
1841
1893
1866
1971
1878
1898
2000
1953
1924
1912
1875
1873
1869
1861
1896
1897
1901
1971
1974
1921
1887
1908
1883
1920
1963
1875
0
1876
1902
1915
1933
1911
1887
1953
1891
1916
1886
1962
1866
1874
363
1824
1918
2010
1949
1956
1916
1929
309
1910
1837
1948
1944
1933
1858
1857
1924
2032
1853
1904
1926
1871
1948
1906
1951
1966
1956
1985
1923
1859
1912
1907
1912
1930
0
1880
1911
1916
1927
1988
0
1959
1961
1923
1921
1860
1915
1903
1915
1867
2031
1924
1922
1867
1942
1898
0
1944
1891
1874
149
1900
1875
1881
1923
0
1858
1855
1846
1882
1858
1914
1934
1906
1895
0
1951
1938
1922
1919
0
1882
1934
1869
1859
1875
1907
1867
1843
1934
1936
1866
1896
1937
1914
1933
1982
1860
1892
1908
1966
1916
1908
1860
1904
1949
1901
1846
1926
1922
1807
1951
1957
1937
1892
1982
1863
0
1907
0
1918
1883
1951
1876
1875
1836
1940
1935
1964
1854
1969
0
1945
1910
1894
1876
1864
1958
1980
1841
1905
1875
1903
1908
1954
1862
1820
1834
1909
1862
1968
1764
1949
1870
1831
1870
1923
1843
1868
1887
1969
1822
1941
1863
1903
1923
1900
1901
1839
1889
1890
1923
1906
1905
1866
1774
1848
1823
1837
1844
1846
1970
1921
1909
1889
1866
1889
1929
1873
1907
1849
2040
1874
1906
1963
1907
1958
1883
1915
1823
1888
1899
1943
1876
1942
1933
1811
1995
1939
1938
1885
1927
0
1909
1929
1875
1899
1869
1967
340
1848
1916
1944
1956
1915
1909
1916
1924
1960
1861
1876
1906
1938
1882
1913
1910
1905
1932
1896
1980
1887
1921
1947
1824
1896
1972
1928
1942
1921
1931
1915
1872
1929
1960
1934
1982
1882
1870
1845
1936
1875
1899
1888
1909
1907
1942
1895
1871
1923
1908
1837
1940
1927
1971
1991
1892
1845
1893
1904
1893
1935
1856
1929
1891
1926
1934
1942
1944
1953
1940
1878
1898
1915
1916
1972
1940
1852
1945
1951
1888
1857
1891
1896
1945
1880
1900
1928
1960
1852
1959
1887
1931
1848
1870
0
1894
1887
1963
76
1836
1850
1852
1884
0
1923
1892
1920
1917
1964
303
1880
309
1974
1901
1929
1862
1917
1878
1883
1904
1894
1863
1848
1904
1874
1941
1917
1941
1853
1934
1933
1918
1926
1892
1938
1845
1964
1845
1898
1902
0
1892
1892
1950
1905
1900
0
1859
1910
1931
1902
1958
1896
1835
1865
1899
1872
1941
1952
0
1832
1860
1974
1836
1910
1977
1932
1880
1968
1811
1929
1962
1937
1928
1920
1859
1879
1885
1873
1908
1903
1851
1829
1918
1913
339
1875
1934
1938
1931
1949
1928
1868
1839
1917
1826
1864
1892
1945
1940
1924
1836
1932
1850
1916
1875
1920
1932
1861
1871
1860
1905
1878
1883
1836
1911
1866
0
1859
1904
1890
1931
1879
1892
1866
1868
1878
1915
1903
1967
1910
1922
1995
1861
1968
1870
1912
1972
1945
1810
1936
1900
1874
0
1937
1898
1932
0
1858
1911
1861
1903
1841
754
1877
1911
1931
1967
1885
1922
404
1832
1925
1877
1824
1848
1913
1974
1891
1985
1885
1925
1830
1878
1815
1904
1915
1790
1905
1908
1896
1933
1912
0
1912
1830
1843
1879
1943
1893
1875
1828
1936
1884
1848
1886
1882
1884
1944
1859
1925
1929
1967
1907
1877
1931
1896
1897
1829
1883
1907
1886
1898
1966
1953
1856
1926
1912
1850
1904
1854
1945
1916
0
1880
1911
1935
1930
1990
1966
1962
1855
1917
0
1816
1921
1895
1921
1947
1913
1906
1918
1896
1895
1753
1905
1936
1977
1914
1927
1895
0
1926
1819
1863
1875
1988
1888
1898
1958
1937
1898
1891
1856
1821
1878
1934
1912
1979
1911
1895
1884
1923
1875
1935
1944
1876
1884
1868
1874
1934
1862
1902
1869
1986
1905
1928
1878
1858
1847
1901
1874
1932
1921
1993
1910
1785
1935
1897
1915
1965
1873
1896
1950
1886
1891
1957
1909
1927
1832
1982
1942
1924
1865
1866
1977
1969
1900
1990
1863
1968
1934
1914
1928
1877
1883
1825
1908
1847
1844
1887
1999
1891
1936
1954
1874
1990
1850
1830
1946
1846
1983
1857
0
1888
1883
1953
1919
1862
1914
0
1926
1787
1890
1912
1894
1827
1841
1857
1870
750
1963
117
1901
1502
1920
1846
1844
1951
1896
1911
1908
1877
1860
1913
1941
1838
1869
1913
1901
1910
0
1921
1894
1977
1968
1838
1902
1929
527
1904
1881
1831
1901
1887
1936
1828
1934
0
1898
1897
1884
1842
1931
1933
1898
1880
276
1872
1834
1900
1938
1898
1876
1836
1915
1875
1905
1845
1909
1938
1956
1897
1876
0
0
1991
1875
1939
1897
1945
1889
283
1937
1924
1919
1920
1915
1906
1965
1916
1955
1877
1865
1849
1908
1877
1951
1871
1871
1875
1909
1921
1869
1941
1902
1894
1920
405
1875
1965
1880
1924
1881
1867
1847
1857
1890
1845
1971
1822
1867
1891
1825
1966
1919
1938
1858
1889
1903
1937
1852
1889
1940
1918
1945
1939
1822
1868
1828
1893
1933
1943
1857
1899
1870
1859
1843
1861
1951
1876
0
1858
1942
1925
1879
1949
1834
1917
1953
1890
1925
1882
1864
1866
1898
255
1917
0
1970
1848
1900
1842
1907
1903
1889
1944
1895
1828
1896
1877
1890
2019
1861
1846
1882
1901
1904
1887
1889
1881
1846
1847
1885
1951
1869
1901
1919
1921
1980
1943
1807
1866
1912
1900
0
1891
1920
1936
1882
1875
0
1866
1999
1892
1892
1961
220
2020
1805
1927
1871
1898
1874
1980
1872
1852
1893
1892
1990
1901
1940
58
1904
0
1964
1928
1871
0
1874
1868
1910
1922
1871
1975
1960
1854
1984
1895
1903
1950
1810
1890
1956
1891
0
1923
1903
1887
1785
1914
1880
1901
1896
1822
1919
1912
1912
1872
1888
1915
1926
1907
279
1789
1897
1946
1881
1817
201
1857
1940
1863
1935
1895
1881
1886
1907
1937
1870
1905
1917
1938
2050
1850
1857
1871
1889
1903
1918
1929
1901
1941
1890
1907
1882
1864
1927
1918
1895
1951
1862
1912
1927
1882
1909
1920
1883
1962
1941
1901
1894
1877
1873
1842
1926
1907
1935
0
1917
1874
1952
1951
1913
1877
1899
1902
1847
1957
1932
1915
1894
1934
1931
1931
1820
1911
1867
1873
1968
1822
1907
1882
1902
1858
1959
1914
1864
1951
1956
1934
1946
1937
1853
1928
1915
1882
1926
1874
1854
1907
0
1934
1979
1864
2016
1888
1923
1914
1896
1948
1964
1922
1896
1885
1918
1940
1962
1995
1882
1974
1833
1956
1919
1810
1918
1842
1874
1931
1927
1904
1929
1937
1971
1835
1848
1935
1955
1864
1866
1925
1870
1857
1862
1842
1850
1911
1852
1893
1885
1950
1884
1892
0
1934
1892
1901
0
1930
1910
1919
0
1883
1934
1877
1856
1920
1875
1932
1850
1855
2026
1871
1937
1895
1890
2040
1886
1815
1829
1935
1847
1919
1955
1922
1780
1933
1876
1915
1939
1904
1915
1823
1896
1856
1992
1985
1183
1930
0
1866
1922
1901
1955
1845
1843
1913
1946
1837
1968
400
1822
1881
1908
1874
1948
1933
1906
1931
1870
1873
1878
1886
1883
1886
1993
1807
1937
197
1875
1851
1970
1882
1895
1973
1933
2008
1884
1878
1935
1866
1924
1919
1952
1866
1908
1889
1857
1898
1839
1929
448
1946
1937
1864
1874
1880
1870
1936
1923
1922
1900
1916
1948
1949
1899
1847
1935
1880
1934
1824
1889
1907
1866
1939
1925
1903
1882
1869
1936
1846
1925
1920
1940
1906
1885
1892
1875
1928
1885
1886
184
1908
1897
1826
1944
336
1911
1888
1821
1878
1890
1882
1922
0
1915
1898
1829
1955
1886
1896
1945
1901
1936
1875
1893
1993
1916
1936
1861
1921
1958
1870
1841
1918
1859
1835
1852
1922
1969
1910
1885
0
1831
1918
1949
380
1919
1857
1923
1839
1939
1943
1963
1918
1852
1916
1882
1865
1876
1954
1906
1829
1937
1950
1821
1850
1928
1978
1897
1903
1892
1861
1933
1834
1914
1928
0
1914
1931
1910
1869
1989
1963
1864
1859
1827
2001
1917
1952
1889
1925
1921
1940
1960
1899
1934
1921
1907
1869
1921
1910
1981
1922
1906
1880
1933
1963
1894
2007
1985
1931
1872
343
1929
1849
1827
2015
1923
2011
1907
1940
1925
1864
1915
1929
1904
1926
1859
1864
1920
1930
1858
1883
1909
1944
1924
1968
1897
1912
1921
1875
1925
1911
1961
1920
1899
1901
1973
1854
1920
1894
1816
1889
1926
1944
1861
1881
1941
1898
1919
1921
1907
1885
1874
1905
1845
1896
1940
1917
1920
1888
1850
1873
1895
1893
1909
1921
1916
1928
1820
1917
1881
1879
1923
1864
1895
1917
1992
1788
1883
1859
0
1945
1037
0
1933
1996
1781
1960
249
1883
1872
1899
0
1935
1884
1952
1858
1875
1929
1900
1994
1861
1941
1951
1881
1927
1923
1915
1928
1997
1842
1854
1887
1941
1900
0
1823
1921
286
1961
1939
1844
1927
1898
316
1940
239
1905
1961
1921
1827
1813
1925
1958
1866
0
1938
1787
1917
1932
1885
1889
1908
1895
1901
1930
1847
1874
1928
1896
1936
1891
1867
1914
1871
1920
1946
1818
1906
0
1984
1854
1943
1616
1901
1871
1907
1842
1968
1875
1790
1940
1874
1923
1965
1901
1896
1918
1937
1834
1931
1819
0
1949
1903
1925
1922
1869
1923
1920
1823
1924
1896
1880
1894
1888
1916
1877
1950
1823
1888
1896
1938
1964
1946
1902
1906
1883
1902
1908
1977
1892
1873
1948
221
1887
1902
1945
1833
1821
1938
1926
1909
1844
1924
0
1854
1868
1952
117
1908
1902
1908
1888
1819
1923
1827
433
1893
1910
1925
1962
1912
2004
1862
1926
1971
1897
1865
1848
1882
1921
1903
1940
1845
1865
1876
1961
1828
1903
1921
1866
1796
1898
1822
1898
1914
1951
1874
1973
1910
1894
1844
1863
1913
1918
1931
1978
1949
0
1963
1953
1897
0
1897
1875
1845
1927
1860
1881
1944
1969
1871
1915
1925
1899
1880
1921
1919
1886
0
1960
1917
1978
1836
1930
1885
1870
1866
1942
1824
1938
1932
1918
1914
1827
0
1912
1923
1830
1940
1964
1926
1904
1932
1861
1899
1896
224
1866
1913
1808
1899
1895
1918
1953
1944
1911
1916
1847
1908
1898
1947
1864
1908
1953
1919
1914
1964
1913
1915
1918
1934
1903
1866
1965
1858
1909
1897
1894
1889
1818
1854
1891
1948
1863
1923
1842
1867
1970
1857
1900
1861
1962
1885
1856
1941
1887
1944
1835
1911
1936
1883
1921
1883
2026
1879
1887
1953
1963
1899
1911
1950
1889
1874
1807
1964
1867
0
1852
1977
1908
1974
1930
1900
1916
1892
1914
1990
1953
1793
1926
1796
1902
0
1893
1914
1909
122
1918
1899
1878
1353
1929
1874
1901
1890
1829
1962
16
1841
1880
1997
1901
1909
1946
1948
1911
0
1889
1818
1909
1920
1887
1876
1901
1899
286
1910
1954
1895
1897
1977
1912
1873
1930
2025
1891
1912
1915
1912
1826
1897
1911
1922
1880
1818
1933
1882
1959
1916
1899
1858
0
1881
1837
1806
1896
1849
1863
1946
1884
1906
1866
1825
1887
1906
1966
0
1940
0
1900
1995
2021
1833
1862
1946
1885
1949
1960
1873
1942
1952
1785
1887
1905
127
1895
1840
1887
1878
1819
1980
1919
1845
1922
1854
1887
1898
1940
1934
1877
1889
1925
1906
1974
88
1928
1895
1913
1913
1935
1839
1933
1928
0
1973
1924
1821
1927
0
1851
1922
1957
1905
1938
1949
1888
1875
1923
1890
1884
1824
1888
1900
2017
1877
2009
1896
1965
1908
1895
1874
1907
1906
0
1872
1865
0
1801
1911
1906
1851
1922
1917
1978
1948
1934
1831
0
1952
1895
1875
1918
1906
2
1814
0
1940
1904
1859
1912
1921
1922
1871
1895
1988
1903
1876
1861
1897
1856
1852
1882
1890
1851
1822
0
1792
1912
1947
1917
1934
1914
1953
1881
1875
1928
1911
1923
1902
1851
1962
1911
1924
1964
1931
1978
1815
1918
1849
1870
1880
1853
1894
1904
1864
1859
1919
1960
1957
1951
1874
1927
1891
1936
1942
1892
1970
1943
1894
1900
1953
1903
1925
1807
1917
1938
1921
1941
1929
1903
1930
1972
1861
1944
116
1808
1921
1908
1891
1973
1916
1845
1895
1885
1998
1923
1958
1925
1918
1951
1946
1958
1904
1937
1965
1892
1907
1914
1876
1890
1889
1953
1926
1925
1923
1870
1910
1934
0
1885
1892
1861
1906
1886
1934
760
1966
1945
1874
1949
1857
1887
1907
1854
1851
1869
1895
1875
1911
1876
0
1880
521
1861
1826
1866
1817
1990
1952
0
1911
1951
1925
1880
1919
1883
1917
1884
1918
1834
1909
1886
1952
1908
1877
1870
1816
1913
1888
1924
1924
1887
1858
1923
0
1810
1912
1978
1833
1898
1921
1970
1891
1960
1955
1912
0
1933
1872
1919
1925
1963
1940
1883
1823
1903
0
0
1892
0
1942
1848
1926
1907
1888
1889
1889
1869
1856
1961
1956
1995
1890
1952
1927
1976
1909
1907
1957
1888
1976
1918
1929
1885
122
1935
0
1907
1928
1890
173
1903
1876
1950
1970
1878
1985
1896
1922
1851
1936
1840
1926
1903
1898
1891
1865
1847
1818
1923
1888
1921
1994
1891
1951
1956
1840
1883
1882
1935
1917
1940
1883
1892
1932
1863
1897
0
1842
1948
1881
1870
1891
1961
1863
1845
1935
1947
1876
1846
1890
1817
1934
1839
1869
1847
1914
1947
1918
1917
1921
1895
1947
1888
1968
1944
1913
1915
1871
1983
1941
1863
1909
1913
1943
1961
1891
1820
1881
1903
1885
1910
1889
1868
1848
1851
437
1880
1926
1906
1898
1919
1949
1917
1898
1962
1839
1918
1895
1878
2016
1943
1829
1859
1962
1878
1984
1877
1905
1912
1893
1863
1899
1979
1885
1874
1881
1967
1965
1963
1955
1878
1860
1871
1905
1957
1929
1906
1934
1860
1869
1946
1824
1915
1859
1866
1926
1975
1968
1911
1921
1870
0
1906
1833
1957
1898
1915
362
1958
0
1878
1911
1859
2060
1920
1919
1912
1871
1958
1887
1898
1926
1855
1869
2029
1901
1952
1865
1919
1988
1872
1844
1804
1879
1957
1982
1906
1864
1902
1968
1890
1947
1937
1877
91
1858
1946
1874
1957
1870
1858
1899
1944
1798
1869
1917
1936
1865
1956
1978
1916
1887
1884
2015
1886
1904
1967
1895
1855
1917
1951
1866
1915
1860
1900
1930
1907
1957
1854
1920
1899
1883
1833
1917
1826
0
1964
1858
1945
1880
1902
1892
1862
1866
1904
1936
1868
1963
1880
1804
1819
1898
1911
1945
1920
1895
98
1889
1906
1949
1911
1901
1937
1896
1966
1896
1980
1920
1916
1964
0
1864
1890
0
1980
1927
1937
1914
1883
0
1921
1884
1904
1881
1884
1915
1920
1978
1881
1950
1886
1925
1975
1928
1854
1909
1854
2027
1999
1879
2003
1903
1939
1910
1922
1854
1898
1960
1950
1894
1868
1925
1900
1860
1895
1933
1862
1915
1929
1931
1975
1939
0
1911
1929
1895
1893
1863
1868
1933
1851
1912
1848
1987
1858
1869
1920
1857
1873
1844
1773
1923
1924
1847
0
0
1971
1934
1882
1896
1817
1906
1953
1933
1920
1960
1838
0
1897
1919
1928
1938
1910
1944
0
1904
1814
1880
1870
1927
1950
0
1863
0
1858
1879
1872
1856
1918
1959
1916
1851
1937
1845
1904
1862
1922
1860
1909
1936
0
1877
1873
1844
1880
1877
1775
1923
0
1853
1894
1915
1972
1948
1909
1829
1945
1929
1879
1879
1963
1851
1883
1825
1842
1912
1901
1997
1860
1865
1893
1927
1964
1904
1917
1867
0
1878
1824
0
1897
1954
1870
1860
1898
1884
1949
1952
1932
1876
1885
1887
1879
1912
0
1907
1878
1855
1888
1959
1984
1916
1944
1872
1924
1887
1879
1926
1947
1915
1924
1921
1888
1885
1915
1872
1957
1843
1864
1934
1967
1896
1905
1918
1908
1910
1864
1912
1910
1925
1958
1897
1922
1895
1839
1931
1929
1945
1885
1961
1906
1890
1972
1813
1872
1985
0
1897
1969
1872
1906
1953
1888
1951
1976
1914
1833
1872
1944
1967
1963
1846
1878
1898
1940
1906
1875
1870
1942
1948
1855
1815
1958
1876
1857
1807
1924
1892
1841
1856
1907
1886
1904
1933
1950
72
1948
1912
1899
1943
1886
1924
1869
1879
1938
1932
1843
1948
1941
1895
1881
1912
1972
1880
1812
1943
1852
1907
1872
1826
1907
1962
1803
1925
1926
1877
1847
1978
1933
1853
1890
1925
1935
1880
1991
1978
1886
1865
74
1882
1872
1875
1888
1889
0
1851
1862
0
1882
1851
317
1886
98
1936
1917
1908
1866
1887
1847
1961
1869
1917
1917
1952
1934
1831
