584
545
537
515
587
559
506
0
454
0
573
691
624
512
642
596
641
596
583
576
555
508
0
587
600
0
610
599
466
510
577
576
521
540
549
621
638
604
600
612
491
536
531
584
586
581
610
576
572
599
601
0
588
574
542
634
644
475
577
0
574
528
597
581
518
643
554
520
635
545
642
559
632
0
607
631
559
654
545
558
513
603
640
0
534
575
597
546
585
592
592
0
525
540
574
668
594
79
590
554
518
624
582
601
642
624
642
539
491
581
663
575
553
560
475
624
562
497
562
501
563
26
591
526
512
619
617
0
534
588
598
635
538
605
634
630
527
554
554
644
653
619
582
575
504
406
569
444
576
543
610
552
564
592
633
594
548
546
665
584
596
632
506
638
495
609
605
500
596
460
561
566
543
638
592
635
493
543
497
507
575
551
412
488
0
635
659
490
500
632
577
549
576
638
544
510
578
495
619
0
537
571
557
478
633
0
550
579
559
649
519
599
660
620
586
565
638
635
534
552
597
642
583
607
554
0
576
574
630
515
580
564
571
455
514
644
555
619
0
632
0
538
504
534
601
670
474
593
577
500
605
530
584
629
630
571
522
0
611
539
642
530
593
518
618
523
507
603
657
542
0
503
520
571
610
538
0
588
604
557
14
577
514
617
527
73
511
619
488
553
556
640
506
600
599
563
553
605
657
674
520
0
560
0
576
561
578
598
538
557
576
526
0
593
558
493
569
688
558
553
515
487
526
0
485
590
629
631
616
566
571
567
589
565
539
617
632
556
0
145
592
547
664
599
569
629
602
550
563
519
582
495
444
560
573
645
484
554
554
523
510
78
642
639
535
597
553
579
585
509
500
602
600
580
653
623
560
617
0
652
586
0
434
533
553
584
475
597
535
591
0
631
488
553
459
563
481
590
587
611
642
648
569
644
566
566
553
492
613
590
550
596
562
650
578
455
504
610
611
517
443
595
1
0
566
135
570
599
551
533
586
525
538
587
563
525
542
477
618
627
639
581
635
539
543
566
505
565
593
539
593
570
0
569
586
0
402
599
510
576
574
594
448
505
0
556
573
593
607
619
590
611
631
664
522
665
576
569
570
591
598
612
661
558
576
84
578
521
550
602
539
647
588
568
468
579
605
490
528
625
508
532
643
593
575
523
0
632
578
529
0
606
552
657
577
456
568
549
511
567
566
568
594
661
637
498
607
552
621
571
532
598
565
560
599
575
592
616
0
538
629
589
524
505
656
678
650
515
581
580
650
427
511
572
587
510
577
618
557
548
625
592
561
597
584
509
532
564
463
499
581
608
487
546
649
584
556
570
513
656
605
555
614
559
553
238
543
568
581
541
541
625
545
550
658
0
504
541
481
597
481
647
619
0
539
118
524
0
560
596
0
565
509
560
432
584
626
597
554
525
587
579
543
520
638
606
611
593
644
647
642
658
587
559
550
561
609
639
559
561
594
584
646
513
526
546
650
578
607
620
575
94
536
0
561
574
631
612
548
576
572
545
615
601
401
544
538
546
487
636
549
0
549
650
617
619
513
514
595
493
616
555
626
582
594
581
637
582
611
513
603
623
0
579
602
585
554
552
581
486
576
647
559
533
551
515
580
596
608
551
585
614
534
610
592
568
525
594
495
577
521
537
510
600
505
592
475
510
599
619
580
544
631
479
525
654
639
587
33
573
627
509
646
480
589
520
662
0
588
563
520
572
612
509
519
553
587
539
113
377
515
519
526
499
559
639
626
586
500
563
543
0
611
642
456
572
619
628
491
616
596
640
497
574
574
665
627
595
585
649
598
522
0
523
625
605
540
627
603
606
0
628
545
632
615
615
518
556
510
572
505
549
633
593
0
571
633
595
563
689
523
624
611
502
544
557
621
593
586
524
519
544
566
634
594
644
606
544
649
629
523
556
568
540
504
545
616
556
488
633
479
584
451
501
616
500
641
590
522
604
547
644
564
0
609
621
677
634
540
580
656
560
573
566
489
568
523
564
522
0
586
568
536
559
574
622
414
585
522
605
616
589
623
661
622
545
542
644
569
528
536
524
616
616
488
520
602
627
581
516
578
566
637
618
478
479
557
642
566
558
585
427
551
530
515
518
615
616
571
492
0
518
584
521
646
502
575
512
429
612
638
614
637
468
0
573
596
446
654
633
582
641
585
570
619
527
568
511
546
483
600
568
562
598
576
582
578
576
40
452
565
585
613
653
0
563
582
597
554
638
487
568
571
514
637
559
582
608
577
628
615
549
562
515
590
591
504
464
546
454
635
566
616
114
634
511
0
464
523
594
526
0
569
589
578
554
521
558
531
0
573
602
616
495
540
578
587
557
480
568
646
565
567
577
553
538
644
506
570
534
596
586
12
598
68
560
0
466
556
548
608
667
648
624
566
604
594
599
604
612
556
635
548
564
555
618
495
545
607
622
628
557
590
0
572
629
550
134
614
578
440
528
652
454
571
558
551
640
559
592
545
75
623
418
619
0
587
579
521
592
561
639
616
560
603
519
506
605
600
0
667
555
468
517
666
492
559
631
664
569
537
509
566
464
597
636
588
574
591
566
554
483
592
532
623
583
485
629
567
519
552
647
596
603
524
540
0
603
539
546
468
528
583
549
587
557
463
590
519
515
501
648
519
553
89
106
581
534
553
597
524
590
507
620
552
441
542
604
636
558
540
645
579
584
546
539
616
594
547
548
508
617
521
615
602
601
560
479
615
571
536
526
565
551
548
517
515
599
536
680
591
600
570
583
495
569
574
615
530
610
623
560
521
557
608
508
609
555
478
600
548
542
673
522
521
620
481
577
533
503
555
591
537
584
539
84
554
560
661
571
598
573
599
594
576
496
651
655
583
604
611
528
629
519
590
586
557
604
573
518
526
521
458
0
554
618
525
545
611
601
571
560
564
563
628
551
637
0
637
521
584
574
0
612
498
582
484
564
573
572
616
644
666
592
548
602
636
582
598
549
515
598
601
575
621
506
550
631
629
575
503
535
620
0
538
530
599
604
644
612
488
0
535
674
586
569
598
667
547
597
627
518
576
580
609
598
541
598
0
0
571
565
641
585
633
574
501
486
505
596
604
589
622
584
466
553
547
521
481
618
531
0
595
503
545
120
562
628
557
686
522
481
598
674
615
76
0
655
554
534
592
520
517
598
510
620
618
568
592
505
608
533
671
600
539
503
544
94
634
0
511
585
591
625
540
568
587
114
552
666
523
0
603
565
543
634
626
521
654
490
640
566
640
463
596
599
590
632
212
603
612
627
555
544
0
587
409
567
594
540
499
0
582
578
0
545
571
605
546
628
508
647
676
474
581
495
574
590
584
604
555
466
583
530
545
609
620
635
542
536
44
541
522
511
553
655
402
610
493
610
518
630
558
489
527
600
594
528
556
455
609
493
518
609
560
649
571
607
611
641
636
595
596
565
511
608
535
562
523
537
544
621
554
483
482
501
660
512
511
433
568
44
598
546
684
60
597
598
0
592
486
0
660
568
505
583
613
543
512
658
583
465
563
608
550
514
521
575
519
583
593
0
520
562
594
639
502
574
573
598
531
628
585
385
557
559
525
573
543
542
612
583
602
584
399
554
525
580
442
0
590
589
590
567
551
639
590
595
489
541
608
626
525
519
498
445
614
594
582
513
647
559
552
618
538
520
659
632
0
551
608
589
594
635
636
603
589
627
586
540
575
608
589
0
615
511
545
530
624
600
604
0
459
576
586
551
582
625
580
598
626
582
612
628
624
575
655
546
623
478
549
629
598
554
605
633
520
625
561
574
472
557
492
570
522
602
602
542
571
615
608
565
553
572
575
589
504
608
605
668
569
512
583
609
549
553
581
507
637
575
560
431
481
542
592
0
623
478
630
635
129
612
564
624
527
565
21
567
490
571
490
559
616
562
542
618
587
555
595
602
591
447
598
583
535
631
635
652
526
581
616
603
581
437
600
486
557
507
524
590
571
577
637
502
568
570
0
584
544
595
614
555
613
519
635
575
515
608
515
616
592
638
565
617
557
525
507
512
592
534
637
521
667
631
651
528
518
562
530
565
0
526
580
548
601
489
599
535
558
586
640
635
546
516
612
522
498
0
590
674
518
540
536
500
601
553
574
450
607
598
623
485
628
569
603
559
572
547
566
578
575
613
0
622
475
0
593
478
563
574
657
576
574
525
575
517
487
469
576
577
618
562
479
592
666
586
612
571
557
0
558
323
513
587
603
482
547
523
586
505
581
602
645
538
0
536
494
606
590
631
623
584
0
626
626
472
592
571
616
600
592
56
510
0
635
571
627
569
585
610
606
560
588
536
449
513
538
485
633
569
553
611
546
0
545
632
598
0
465
545
566
670
570
457
556
519
572
637
0
544
584
664
551
535
521
647
543
557
597
544
619
584
619
0
560
555
580
561
581
600
537
596
646
584
565
610
590
540
605
619
549
632
503
560
0
502
586
565
543
515
374
551
640
599
649
573
639
558
620
547
587
532
682
527
534
529
521
496
562
503
589
636
490
547
664
535
598
585
540
574
548
559
548
499
96
566
599
539
633
465
413
563
586
553
583
599
627
598
456
550
582
643
560
572
559
635
535
496
593
558
649
565
568
673
603
405
562
615
577
622
573
472
629
582
547
652
468
583
551
511
617
546
624
613
575
576
512
624
573
498
623
632
562
619
618
604
622
611
561
548
529
581
596
595
99
587
574
512
642
506
620
638
609
563
0
546
581
506
550
619
621
573
576
632
554
588
564
544
552
0
547
544
582
542
597
595
654
564
607
599
528
611
625
534
550
598
574
546
533
614
585
581
499
557
575
604
499
8
460
587
615
639
574
540
635
611
542
539
544
568
548
0
563
528
469
529
498
551
575
516
479
549
640
656
624
530
0
510
575
530
549
643
548
620
499
539
583
586
523
549
571
560
535
635
543
616
588
607
543
569
615
525
657
504
538
587
637
594
544
475
647
494
528
551
642
563
589
640
586
574
528
450
566
555
486
569
650
600
606
470
597
524
586
564
510
531
549
503
512
657
547
599
548
607
586
440
527
650
504
529
579
474
667
595
616
406
506
0
543
467
591
593
547
639
563
551
613
613
478
601
486
534
643
623
562
626
583
619
572
592
631
572
639
622
654
550
623
574
636
536
493
576
518
609
628
602
569
538
652
573
613
639
608
516
526
577
436
531
523
561
666
498
614
484
580
0
518
629
455
0
554
541
558
541
635
545
454
585
600
610
547
570
573
564
496
600
563
626
502
540
584
549
544
573
579
614
522
505
491
618
638
518
620
634
616
642
559
491
0
619
620
568
559
616
546
574
547
600
593
599
639
644
575
575
0
634
570
601
515
579
627
610
569
559
629
509
515
594
622
562
486
597
673
563
540
608
527
216
641
545
570
614
532
571
604
450
609
555
574
0
204
555
506
484
561
624
646
539
648
671
535
634
512
492
515
592
584
596
0
569
654
537
570
632
533
620
512
595
553
627
572
582
593
558
560
596
604
560
594
625
611
596
506
583
630
630
542
507
584
640
586
591
519
553
592
518
566
542
509
532
621
586
448
550
634
616
574
83
625
530
577
643
609
477
591
622
558
577
541
625
650
490
583
0
521
339
492
537
584
544
519
581
465
620
519
562
536
572
662
0
581
0
602
580
657
660
674
574
524
520
539
506
585
545
621
659
652
584
515
560
476
619
489
652
601
634
604
539
556
512
16
552
572
610
525
604
508
512
626
547
484
524
574
505
527
509
572
556
701
557
553
520
558
569
591
570
620
559
657
530
446
568
481
479
576
388
609
602
594
551
569
522
623
26
550
543
569
610
496
529
582
563
528
557
591
569
611
573
489
586
649
594
590
633
597
568
619
577
536
603
498
549
616
570
585
514
597
588
458
486
568
599
590
532
611
572
572
569
596
541
529
537
584
620
602
608
599
603
645
550
555
0
577
69
636
528
610
38
667
612
540
573
530
537
524
572
597
580
573
0
677
565
641
532
610
554
0
575
558
619
554
630
621
293
588
625
475
561
613
552
534
580
621
626
617
567
561
603
551
574
534
589
591
594
510
580
574
508
644
546
556
465
588
580
569
507
590
0
317
491
610
0
558
491
0
608
563
624
667
557
608
560
589
565
633
605
608
560
500
558
619
542
545
512
496
548
0
485
618
579
580
527
579
490
581
620
642
540
595
610
567
422
596
581
623
491
540
554
572
639
621
533
552
605
440
465
646
557
617
521
553
551
576
519
529
640
588
568
637
493
499
536
588
555
636
541
575
564
642
569
615
565
616
564
558
569
595
574
616
632
565
497
600
493
528
641
609
556
600
573
621
0
506
561
502
590
568
555
547
507
657
603
0
76
520
547
575
586
574
624
491
640
499
459
593
550
564
621
597
583
583
655
598
567
463
580
475
616
471
591
507
546
524
521
557
607
615
510
526
604
531
600
507
571
546
622
560
538
576
641
601
620
516
633
601
619
612
555
617
626
625
646
0
606
655
576
632
560
530
611
548
525
541
595
527
627
586
605
579
579
525
498
0
591
563
535
553
606
540
566
502
557
611
507
549
479
511
587
550
492
552
561
577
586
607
629
527
653
591
480
582
625
537
663
0
493
531
540
539
545
0
635
535
611
595
580
573
602
604
588
570
566
490
541
519
590
620
613
608
257
539
115
465
596
430
633
531
468
584
533
532
574
568
638
598
548
607
420
635
0
448
629
539
623
508
638
596
505
561
577
552
527
539
588
644
564
492
536
549
573
567
519
592
570
585
606
530
473
569
493
569
508
602
607
538
529
495
579
525
668
666
532
569
537
613
645
597
649
557
0
569
553
479
545
524
511
645
575
509
546
643
543
493
570
570
613
549
516
39
538
642
623
545
477
576
505
476
613
560
590
521
486
105
503
607
596
604
621
635
684
542
550
641
609
624
605
647
547
616
657
564
610
593
487
526
508
562
590
579
633
0
612
543
511
577
535
521
541
0
662
494
504
624
591
603
615
370
574
570
591
505
599
562
563
588
622
551
496
603
591
633
648
0
586
86
579
581
566
595
643
600
503
599
546
516
535
596
576
635
570
0
614
501
632
564
610
588
582
581
593
661
553
565
523
641
548
618
656
579
521
650
545
518
582
604
667
574
0
562
663
589
531
680
588
500
643
524
613
596
573
594
575
488
559
627
595
499
656
624
592
620
529
594
627
0
569
498
610
565
655
572
591
595
0
535
559
581
656
608
70
545
604
538
520
604
573
551
588
607
609
549
106
575
595
508
545
628
601
614
541
564
563
562
543
614
455
476
506
604
621
111
505
626
569
592
607
557
594
516
567
604
605
523
604
0
578
580
539
584
547
573
609
577
508
670
620
624
588
586
620
472
469
507
627
592
621
576
625
595
612
587
532
437
461
585
620
485
576
478
532
537
595
506
527
547
466
568
550
582
621
0
508
598
458
567
559
584
599
570
575
0
646
561
625
579
642
622
100
550
548
642
597
619
506
609
576
603
478
640
458
552
636
606
580
568
484
583
578
591
548
574
501
660
623
581
612
564
580
649
634
499
553
610
637
529
573
611
621
615
602
523
541
644
545
565
575
491
533
570
575
621
532
540
414
168
517
487
558
626
621
539
598
0
539
520
563
589
564
488
592
600
630
623
537
569
522
547
0
524
497
580
522
570
652
645
626
639
540
494
607
576
543
584
565
586
578
511
547
622
606
564
593
523
508
567
546
647
534
641
602
554
608
479
566
585
635
587
664
467
584
469
576
644
601
0
640
573
632
609
614
527
609
596
637
527
503
587
500
628
0
436
493
509
593
629
551
607
496
613
544
571
599
0
618
515
0
570
605
582
518
597
607
541
525
612
545
550
533
604
566
451
605
514
537
609
583
601
481
515
404
501
535
579
565
505
587
615
644
623
569
536
493
578
651
576
624
601
0
544
589
514
602
557
555
645
561
581
627
626
596
618
566
587
524
408
598
83
642
608
480
631
683
555
0
514
557
600
613
528
552
515
582
518
567
604
551
589
454
559
582
601
581
606
541
631
616
523
582
479
602
524
554
651
508
0
506
520
530
559
118
457
514
649
547
635
0
636
564
580
541
535
444
636
517
423
562
626
520
547
538
514
556
572
601
0
544
499
572
556
613
631
576
574
545
548
542
0
613
573
524
667
148
566
628
523
566
592
613
555
574
639
584
516
540
492
655
490
476
544
526
593
568
609
637
548
533
588
481
579
623
637
0
635
614
551
569
571
530
0
536
566
542
508
600
588
559
550
566
577
518
630
596
615
573
529
546
570
558
574
557
595
461
596
613
602
493
561
517
602
589
614
558
514
644
529
523
632
636
587
573
590
623
518
580
605
564
659
669
544
614
544
618
586
539
572
492
643
576
601
541
535
652
576
614
557
0
535
608
667
517
608
579
633
628
602
0
572
625
453
533
618
617
378
599
0
557
555
457
612
671
0
673
569
632
570
504
443
0
519
675
574
560
617
647
595
584
564
577
544
412
536
614
0
522
584
581
586
493
671
469
608
435
577
591
554
610
549
596
656
563
549
612
621
562
622
598
495
593
606
570
0
631
559
527
519
604
577
498
614
561
544
651
542
557
582
670
605
612
556
543
569
646
600
551
540
558
607
518
500
581
538
527
468
669
600
619
533
558
486
540
535
541
619
643
530
578
557
561
590
619
604
564
566
31
533
480
629
566
0
562
578
622
637
0
556
564
626
580
648
586
0
72
618
640
577
553
585
546
597
586
619
560
638
591
594
613
547
516
547
616
520
505
591
568
553
630
542
601
543
618
490
656
606
608
561
616
566
563
564
576
496
581
631
607
530
629
630
578
547
608
490
671
588
597
531
447
540
556
525
568
588
523
530
506
573
524
41
547
621
623
605
670
551
579
601
618
511
550
556
505
543
613
562
553
598
530
663
581
605
545
609
581
632
579
592
485
531
507
627
589
603
518
439
568
585
582
516
575
627
609
530
576
635
546
539
597
587
552
511
540
566
572
579
611
562
612
486
593
553
513
596
603
547
569
509
534
565
579
583
563
491
620
548
656
568
552
0
658
526
621
564
499
564
537
516
520
537
511
623
541
0
613
580
499
640
489
596
507
571
0
525
627
508
603
530
521
488
556
562
660
482
602
525
557
527
573
623
574
553
555
501
613
664
566
0
555
532
495
574
608
592
604
552
624
637
609
619
535
575
629
589
575
548
588
461
538
578
562
507
603
567
0
603
646
558
532
566
653
581
580
443
522
574
588
592
588
469
583
583
557
0
610
0
525
567
651
558
630
634
542
596
561
511
497
546
634
97
562
0
547
540
521
552
502
579
530
666
469
0
541
463
648
568
630
599
646
593
619
522
643
675
540
536
531
564
109
0
523
672
579
473
569
588
437
562
551
548
422
581
643
536
624
630
586
538
555
624
514
583
614
84
621
641
588
593
460
589
641
606
627
0
628
553
0
621
584
589
556
502
507
530
531
660
580
635
638
619
532
534
556
526
565
575
465
558
577
559
622
560
618
669
601
656
577
531
547
0
561
643
579
542
381
606
598
581
598
587
600
549
0
536
49
632
0
593
549
599
530
557
496
546
623
567
618
527
563
491
615
540
594
481
638
541
112
514
606
446
536
513
586
530
567
542
623
519
595
609
605
589
635
545
642
670
548
614
565
620
500
546
624
467
608
580
609
597
580
580
579
628
619
570
561
472
640
593
582
514
517
651
513
604
551
572
649
430
640
567
513
612
539
605
0
484
617
641
575
574
584
557
506
550
565
601
633
610
582
473
587
542
522
618
558
595
616
605
533
625
625
472
555
514
469
549
0
562
636
515
547
525
517
620
655
521
671
574
497
576
434
575
616
584
618
510
600
600
477
0
0
635
579
557
2
551
542
592
473
603
626
577
626
588
607
433
651
507
616
551
601
537
625
532
586
612
587
583
624
580
0
490
583
537
520
634
622
657
621
518
598
531
578
584
584
558
598
518
657
612
579
595
527
547
547
501
656
535
512
596
581
575
547
533
606
567
610
616
635
558
610
645
594
560
477
598
602
524
587
622
591
543
514
557
618
620
554
677
530
530
469
464
586
659
504
625
587
574
523
596
614
633
482
630
575
433
514
584
607
533
513
618
546
638
535
405
570
583
638
587
639
560
570
499
596
512
640
670
649
505
532
629
514
511
432
470
606
492
542
551
608
469
548
583
592
581
580
524
485
620
590
497
73
523
565
576
575
613
554
572
555
579
493
555
572
562
590
539
516
628
484
460
523
643
505
614
611
566
580
555
622
612
613
571
554
556
548
442
547
497
642
545
538
540
636
544
632
578
558
606
618
671
646
585
532
527
595
545
627
520
567
588
610
588
646
542
573
531
617
583
456
617
593
580
486
616
0
568
513
498
644
582
579
619
658
567
590
611
612
584
560
550
602
590
540
602
656
550
449
563
556
40
571
603
418
509
579
633
0
599
631
590
605
521
484
639
436
578
393
531
535
549
585
512
606
530
538
597
583
612
488
623
583
469
528
673
554
520
625
510
608
614
499
629
656
469
631
519
79
611
551
598
635
575
487
619
526
563
518
0
610
553
623
599
602
635
544
627
666
590
609
586
548
531
612
576
604
569
2
583
496
578
575
619
573
655
537
563
567
618
565
575
616
614
537
560
531
577
609
599
599
567
583
647
592
512
641
587
480
543
618
518
538
604
529
551
635
553
592
583
541
0
610
510
590
602
579
578
646
534
556
553
441
542
0
583
594
585
494
586
548
570
596
622
620
589
509
570
569
524
483
0
637
663
0
528
413
575
595
590
542
624
670
629
510
614
595
596
601
511
565
423
585
602
596
534
588
549
570
577
0
606
632
668
641
581
535
590
521
533
546
592
559
497
0
534
645
564
580
564
521
92
609
508
484
652
588
585
580
602
566
537
504
579
584
0
619
586
512
547
0
603
555
599
612
645
587
572
569
514
575
571
404
510
609
617
536
527
611
582
610
646
549
558
531
556
602
635
554
565
570
573
515
579
632
639
541
620
589
609
549
572
590
0
533
599
589
591
636
602
591
627
573
587
579
576
548
518
593
602
625
659
562
619
500
670
532
613
498
507
594
614
551
549
506
592
605
0
446
598
559
503
587
603
577
550
520
613
600
573
518
492
546
585
593
618
583
599
576
580
617
473
626
554
605
464
669
490
592
564
503
550
647
567
646
539
611
448
503
608
572
530
601
514
583
562
605
519
638
607
585
554
613
605
630
593
641
651
588
33
496
546
552
478
589
585
572
612
515
503
539
594
558
543
535
625
581
569
499
566
617
616
582
629
594
625
622
552
621
614
609
494
529
619
570
585
627
590
562
588
569
555
600
476
571
668
691
637
82
0
555
0
572
600
510
582
579
572
595
574
510
516
0
666
529
530
582
580
503
633
601
573
533
567
552
566
533
619
624
606
566
549
542
534
610
517
546
575
544
566
548
555
587
510
542
497
665
418
0
561
495
514
610
532
513
625
591
554
602
609
525
619
571
559
513
610
597
653
520
492
636
606
574
538
523
625
585
618
597
512
567
599
590
622
558
468
598
573
547
597
560
652
605
534
563
609
538
616
639
578
515
645
571
546
597
600
576
660
545
84
560
669
619
643
575
645
601
556
658
511
604
588
602
645
558
484
561
627
0
609
594
562
0
566
513
567
661
597
579
425
572
656
618
540
604
580
644
584
556
573
512
614
663
620
636
649
576
556
0
553
579
597
549
612
579
550
501
0
580
469
547
519
515
599
568
530
667
588
596
0
613
442
577
604
492
540
602
609
565
643
596
577
480
512
486
393
507
610
0
640
582
603
491
647
652
601
570
607
582
564
629
615
568
587
582
594
637
535
521
577
580
603
647
640
512
577
573
576
636
491
593
568
576
470
653
618
125
643
478
574
595
501
552
611
612
542
575
609
568
529
568
581
603
563
555
557
583
628
596
534
0
523
520
574
593
675
554
604
673
620
512
583
549
522
601
542
540
542
473
589
393
528
555
566
0
490
595
597
583
557
607
596
504
639
0
587
598
519
420
587
603
568
619
654
600
556
533
540
539
506
438
514
555
515
535
620
606
565
546
10
573
586
539
545
613
583
608
515
521
592
408
504
579
561
572
599
587
529
546
540
403
572
0
490
532
595
582
675
569
513
463
637
593
552
587
495
594
623
585
597
522
575
623
491
569
581
554
621
566
572
594
551
636
576
565
568
598
632
614
578
590
189
553
499
545
585
581
467
418
545
599
574
676
636
589
604
627
586
621
512
502
633
545
543
634
574
545
569
567
0
508
0
596
639
631
525
509
538
621
557
593
539
589
575
0
544
485
578
571
515
639
594
618
534
590
0
533
544
507
597
596
547
580
583
551
563
0
566
426
551
648
565
575
663
557
425
573
551
555
544
559
518
554
663
548
559
525
633
579
548
579
590
447
649
606
98
511
562
474
556
598
551
360
518
541
526
0
515
565
526
592
623
559
576
480
563
585
0
418
626
566
553
530
591
487
513
583
548
563
561
613
508
496
632
604
444
575
585
507
651
642
645
648
516
593
529
565
636
564
577
639
580
577
664
532
555
554
620
480
499
565
540
554
476
615
559
586
474
635
556
518
612
601
567
622
601
462
540
603
635
560
625
546
570
528
537
625
489
589
91
549
542
617
615
615
586
464
618
517
542
608
677
640
565
594
610
463
554
519
630
555
609
537
573
474
608
616
549
470
0
545
493
644
652
612
572
533
598
529
526
542
481
554
579
508
557
582
574
620
634
542
544
540
635
600
539
609
528
435
624
528
615
588
650
527
0
601
617
644
597
602
591
573
526
547
598
582
545
577
536
596
649
595
556
567
538
638
581
552
496
611
567
0
639
554
550
0
645
623
601
536
644
380
627
586
509
570
0
596
624
0
710
566
633
603
532
623
504
566
530
517
489
574
608
628
596
624
538
463
530
566
601
644
600
536
568
583
0
517
590
581
575
458
507
548
590
583
653
508
603
538
549
528
602
581
566
508
0
586
596
0
591
421
570
627
604
586
628
594
547
588
538
593
554
602
530
618
633
36
639
479
562
567
556
507
607
552
559
536
689
606
615
630
568
510
495
594
598
540
468
570
557
574
605
495
575
668
527
502
580
536
605
0
528
544
618
613
616
523
598
630
593
573
647
630
530
627
563
536
589
543
571
605
530
465
655
594
569
577
557
623
583
584
608
603
532
532
561
611
561
587
561
0
564
564
542
526
559
595
649
603
617
578
557
592
502
0
586
571
577
524
628
425
526
601
504
509
563
625
567
0
587
0
613
476
545
596
567
9
540
10
542
612
579
606
575
654
541
0
0
591
603
639
580
464
0
655
629
600
619
616
567
501
542
641
607
0
569
554
585
513
422
498
512
588
606
603
651
565
518
577
578
536
651
602
662
608
549
620
559
553
658
559
632
566
324
568
559
637
567
456
508
638
527
625
588
600
614
627
493
507
552
587
511
637
615
543
545
554
575
550
548
602
484
13
625
629
603
496
641
666
565
626
541
564
615
616
582
639
585
3
537
586
542
486
533
65
578
581
575
485
533
589
541
624
549
547
626
625
543
615
504
564
560
590
527
610
523
515
644
597
610
577
620
619
591
603
552
594
650
571
579
554
657
463
608
604
578
575
527
475
579
552
536
537
538
568
580
491
609
494
432
589
558
570
547
530
640
624
532
557
494
506
518
488
541
241
0
634
652
545
0
582
591
434
551
581
650
576
384
593
595
613
590
598
591
553
497
634
471
622
600
631
648
509
514
599
568
611
598
553
522
471
532
571
632
521
622
542
590
571
439
619
463
539
657
581
649
553
502
557
0
530
587
596
565
604
511
565
511
574
548
575
0
0
609
527
549
497
543
517
512
679
638
608
560
575
607
449
549
529
531
620
598
543
599
569
608
497
572
503
582
565
523
608
587
513
0
491
116
532
435
554
95
618
560
522
552
550
537
600
609
558
0
636
540
556
601
503
571
549
583
467
544
512
617
557
616
636
575
0
566
564
573
529
459
102
546
566
555
581
521
508
538
535
471
636
542
553
550
660
598
545
0
5
553
562
451
641
550
537
582
502
110
509
586
573
553
623
572
541
650
477
678
593
592
615
584
543
556
571
604
617
0
588
530
528
557
483
556
503
624
563
65
605
542
592
495
504
579
606
591
589
599
606
605
516
584
555
574
528
553
593
572
565
616
580
577
565
569
592
655
543
613
651
579
542
589
512
599
670
581
475
600
548
90
586
555
504
503
585
527
577
466
540
567
558
584
464
559
575
595
652
604
575
666
595
422
568
593
574
572
610
574
595
541
531
555
544
574
567
546
601
0
595
645
489
607
585
0
581
536
593
559
557
116
621
570
608
557
594
568
416
568
544
550
673
620
627
521
596
652
620
496
606
478
550
547
585
529
562
615
637
483
571
488
623
560
554
510
514
611
637
630
0
519
575
544
597
539
597
596
0
527
674
558
0
590
576
600
558
632
604
637
518
581
559
632
608
585
586
473
0
582
595
494
613
535
595
577
634
641
645
525
625
618
0
490
599
503
653
561
531
536
511
550
501
552
585
543
616
601
649
582
465
596
495
644
483
632
532
527
513
597
508
567
556
520
624
528
487
603
599
589
567
573
556
611
619
0
496
626
545
602
520
502
621
619
590
542
623
542
80
573
586
500
599
567
601
507
528
641
651
596
608
578
590
543
580
481
601
660
554
0
522
520
631
605
612
499
533
573
591
497
544
433
555
603
497
585
558
570
567
517
575
560
574
477
611
455
449
588
648
603
551
638
573
567
659
532
530
561
613
540
527
580
523
621
549
603
646
570
490
537
556
641
583
564
645
0
546
529
596
534
534
0
625
607
612
443
463
597
559
638
543
623
600
609
591
540
657
636
636
611
510
638
522
611
564
117
582
536
627
522
577
568
493
568
606
0
542
608
498
602
543
653
548
630
607
596
0
535
537
604
626
623
652
627
561
505
620
533
638
525
551
535
656
623
618
645
632
648
495
490
629
587
552
649
552
609
617
636
595
545
601
582
549
604
572
577
666
626
572
0
469
611
594
541
679
518
630
575
649
558
567
581
608
630
571
623
470
536
0
396
642
524
112
526
524
636
539
0
567
612
623
103
628
595
492
604
505
615
0
469
515
553
657
641
634
508
559
575
527
656
572
516
612
542
651
528
548
652
582
570
494
523
556
579
613
611
509
526
618
614
654
501
548
488
619
579
620
567
577
500
538
555
598
613
539
407
501
549
543
616
658
0
595
664
654
588
619
490
578
461
512
475
607
544
577
543
564
505
570
544
552
0
619
503
613
503
548
516
583
576
621
589
638
556
561
623
644
640
573
652
595
540
554
637
604
570
596
483
540
555
605
660
573
500
589
563
560
586
488
548
14
541
571
588
549
544
119
582
578
593
614
560
546
606
601
495
605
521
115
641
604
576
567
537
487
637
622
562
610
603
557
507
631
657
592
554
524
576
618
575
571
548
551
589
612
541
529
566
486
630
570
557
651
529
674
520
601
614
595
471
470
534
563
521
568
615
627
522
624
556
503
665
634
596
577
556
544
619
300
521
480
595
490
543
504
641
618
567
479
577
546
599
566
560
488
542
425
539
415
564
595
573
511
528
578
665
570
551
527
487
599
594
0
629
561
598
623
523
603
584
470
517
545
200
626
507
665
573
551
414
626
536
496
635
505
492
464
551
499
642
606
562
496
571
594
563
540
431
563
629
538
610
532
585
18
521
564
0
604
545
531
503
622
508
346
601
552
542
105
522
595
0
564
632
603
620
593
0
654
489
608
544
565
512
572
574
578
606
598
539
623
581
630
566
0
597
524
569
658
515
591
667
573
564
504
539
558
526
590
558
551
0
579
553
536
596
631
524
442
565
595
545
544
594
103
641
596
538
476
649
0
557
573
575
539
587
489
441
577
634
525
507
615
551
614
651
617
539
0
480
497
516
589
385
594
581
595
557
531
615
633
560
610
524
535
663
546
595
589
647
469
625
516
605
534
634
662
456
593
550
596
556
632
610
595
625
640
542
581
581
595
579
584
573
573
635
519
631
510
574
563
0
570
0
461
623
611
621
0
410
570
588
567
519
618
532
597
0
617
611
547
603
586
501
610
534
468
564
542
631
479
0
565
493
546
653
559
677
517
0
529
552
626
594
541
616
638
575
595
543
522
595
519
504
579
655
606
611
595
583
518
598
631
638
566
613
613
657
521
627
559
610
538
0
580
493
0
672
519
642
486
583
531
663
643
442
580
597
627
520
581
545
656
543
646
577
595
530
521
0
655
639
590
627
0
598
607
591
580
562
593
517
565
606
617
560
614
615
553
526
612
556
625
586
503
604
593
512
565
514
458
612
637
527
0
548
600
538
506
608
542
583
550
582
590
647
535
618
113
530
551
644
569
579
600
613
94
525
468
498
594
439
480
534
667
630
597
617
649
471
567
657
587
527
564
640
614
562
579
559
600
615
0
559
581
652
576
646
0
541
627
575
659
580
515
658
529
540
672
659
618
610
606
505
0
497
631
621
49
660
539
599
565
0
567
538
583
637
600
609
610
633
632
0
597
566
603
632
0
604
575
599
641
602
545
561
525
526
569
537
563
545
577
551
661
535
652
591
555
608
587
555
588
697
555
476
586
555
586
580
661
561
567
554
526
0
590
0
549
635
615
545
595
610
569
683
567
566
547
0
677
633
568
571
579
599
621
597
609
615
501
568
640
597
540
536
578
635
617
473
543
410
454
577
646
594
615
532
632
573
635
572
521
585
549
561
527
560
593
530
518
515
618
570
525
536
563
601
503
535
578
634
589
539
593
666
613
583
589
623
556
600
571
557
581
626
614
516
534
552
587
513
523
541
568
601
620
677
550
561
0
439
534
605
618
599
657
108
646
503
594
594
611
651
591
548
605
566
544
601
505
582
604
624
585
530
591
616
529
655
551
454
483
647
612
649
599
616
656
531
541
624
532
603
536
520
499
534
433
627
541
624
560
673
452
475
547
601
529
624
579
601
583
609
588
594
536
511
600
624
581
615
618
493
642
614
549
537
620
493
527
485
605
538
532
542
468
580
550
645
612
596
583
390
527
544
577
557
506
558
591
612
0
621
526
551
24
578
489
509
625
0
561
530
589
597
574
98
565
102
479
571
552
512
637
487
584
561
506
519
594
650
625
614
568
585
567
528
597
607
566
608
619
548
605
587
558
499
0
553
552
590
573
570
0
518
492
629
562
584
577
507
551
575
542
584
600
0
436
559
611
578
590
609
575
641
567
524
502
628
560
558
553
611
597
629
584
591
588
571
584
514
553
104
576
546
599
646
658
616
525
597
511
518
518
560
621
568
636
492
572
548
612
570
623
593
586
541
575
463
614
609
624
579
556
0
564
615
542
583
595
562
533
622
520
621
615
602
632
655
604
488
566
591
573
528
649
504
593
667
638
0
652
599
561
0
607
573
572
535
578
248
550
529
630
698
557
657
135
537
616
612
616
513
617
544
466
538
566
562
604
541
554
500
484
537
528
562
529
593
535
0
581
495
632
557
542
632
440
557
620
640
438
562
639
513
529
518
620
599
572
555
556
591
511
532
557
610
567
492
536
582
672
517
517
597
581
461
629
574
575
0
532
611
541
587
577
618
504
536
524
0
605
620
517
498
547
613
636
537
523
507
495
580
630
606
579
571
609
0
512
558
567
567
622
555
534
565
613
595
634
587
496
590
640
614
658
553
569
570
525
613
609
618
513
515
545
538
528
551
649
570
628
561
658
591
595
577
646
601
645
596
679
594
574
588
512
558
636
604
520
615
618
574
509
582
584
557
572
407
670
529
606
601
560
568
591
648
548
567
620
560
463
603
558
604
545
558
489
653
583
488
641
543
585
577
589
577
499
451
455
0
602
567
636
650
605
542
0
622
549
604
648
605
548
522
562
558
257
399
33
552
531
632
463
555
551
526
567
546
582
556
656
629
544
519
577
544
553
0
657
483
622
573
549
651
636
139
584
610
629
467
599
576
494
596
0
662
645
510
487
622
640
598
577
73
562
619
540
541
554
619
550
707
581
600
535
558
572
593
564
568
0
0
545
546
548
561
664
558
94
494
621
596
598
629
642
585
641
593
534
630
581
639
488
536
591
603
566
619
573
471
557
605
562
522
117
567
630
569
574
558
597
564
548
582
432
563
501
474
644
505
600
597
545
570
519
566
552
563
546
603
542
538
552
515
555
502
589
579
586
610
559
550
571
557
515
626
539
0
617
580
469
505
608
582
548
590
522
605
552
476
553
605
93
559
0
559
610
603
648
526
588
571
542
585
579
631
484
574
525
587
523
570
585
531
582
488
584
624
516
583
684
538
568
613
597
572
626
483
476
642
510
0
541
615
418
553
560
0
567
588
554
504
600
69
550
449
495
545
517
627
650
596
557
512
610
602
621
601
17
645
0
620
652
535
0
570
566
510
578
526
607
650
631
582
555
586
516
518
617
588
580
0
516
566
636
584
610
412
570
595
598
538
527
569
483
523
560
566
568
96
500
613
615
480
606
67
562
527
600
565
571
486
631
514
544
555
609
661
599
638
562
548
555
555
550
551
597
628
608
549
637
632
564
567
589
488
579
499
518
628
626
576
558
516
643
584
549
527
601
514
578
579
546
574
0
663
464
600
556
579
575
602
533
527
554
627
637
523
551
545
599
550
588
618
642
498
539
569
583
615
598
498
500
620
570
657
557
652
638
529
576
582
607
627
553
503
582
0
499
648
515
614
620
540
547
649
570
589
596
457
587
579
612
656
566
503
437
522
514
445
557
638
601
547
519
654
525
628
512
600
598
495
522
654
512
645
564
456
572
487
568
566
651
541
543
603
532
572
563
0
642
533
504
0
515
572
531
0
606
566
595
625
656
506
653
601
605
574
522
615
529
588
540
549
588
413
641
571
614
659
569
596
626
557
640
549
574
617
592
523
590
564
595
372
501
0
578
617
489
635
646
602
528
540
618
556
115
577
594
528
581
624
613
634
570
533
524
594
627
498
512
595
448
623
74
579
538
602
529
531
634
608
665
579
572
601
566
628
570
643
618
594
579
522
614
604
634
145
620
539
607
531
537
533
548
487
520
585
603
492
653
606
605
621
623
657
517
610
510
563
593
640
655
617
529
573
592
603
519
650
503
546
567
612
578
554
442
46
567
570
584
628
107
666
465
633
553
604
520
603
0
528
538
556
633
412
576
631
526
586
607
625
668
593
622
529
575
514
568
598
574
604
558
565
579
675
626
623
0
516
594
594
128
557
519
616
626
550
650
588
581
520
654
612
590
545
504
598
636
549
629
594
566
544
585
581
521
555
611
533
608
514
517
0
535
533
526
550
572
551
547
506
524
660
525
667
611
597
638
654
683
502
534
577
641
595
552
638
561
559
571
535
460
650
486
608
523
566
586
103
530
457
570
611
616
571
440
559
636
597
605
627
558
642
545
564
606
582
534
649
616
597
586
547
526
618
523
628
649
528
489
565
650
624
486
581
533
567
506
554
622
628
576
458
608
461
627
478
620
558
606
658
500
588
618
647
613
617
530
559
603
435
549
554
645
502
560
527
568
604
554
569
583
610
642
500
506
383
0
612
264
0
626
559
522
605
83
632
532
592
0
654
463
482
636
563
495
557
555
550
608
663
593
600
630
630
584
561
505
622
639
520
566
0
616
594
91
633
633
577
512
550
74
525
65
650
631
605
513
486
612
566
519
0
505
467
555
618
549
575
537
519
591
674
598
565
526
618
562
599
489
545
592
566
629
599
550
0
656
587
679
389
554
632
530
593
613
574
541
538
494
526
572
551
632
600
518
541
563
536
0
529
570
655
513
548
555
568
547
577
544
570
543
602
521
531
565
473
567
499
514
554
581
589
546
560
502
570
641
637
556
545
81
573
497
574
539
600
626
557
566
557
552
0
597
450
560
35
596
621
529
602
461
554
635
146
594
596
581
647
505
625
568
536
513
553
510
532
571
584
568
454
563
532
565
592
511
555
592
576
608
605
544
587
507
578
506
608
568
628
575
597
537
645
639
610
658
0
640
536
626
0
586
614
560
513
628
520
662
598
515
549
543
515
536
557
610
601
0
655
599
463
495
532
546
590
621
596
551
528
494
609
545
488
0
576
597
603
532
574
627
495
595
568
509
538
76
536
609
453
631
493
620
575
551
548
616
500
582
629
619
557
514
530
567
594
524
606
567
551
663
612
554
541
585
510
548
527
588
583
553
588
517
553
608
544
554
497
580
599
600
621
518
582
623
568
572
556
569
634
563
567
590
619
532
545
615
560
558
526
539
618
582
603
549
562
0
514
677
589
584
505
571
522
620
554
577
539
577
519
541
550
0
646
567
557
29
567
602
492
385
448
500
534
560
543
606
4
520
483
631
537
527
628
523
628
0
598
530
560
615
619
600
612
544
94
554
639
573
561
549
534
612
648
656
576
641
611
562
622
595
644
554
568
489
632
601
481
613
550
513
0
634
528
540
524
518
604
526
622
570
589
553
590
601
591
0
556
0
572
623
492
578
545
585
510
555
598
520
573
500
568
555
574
41
481
538
512
544
539
592
630
594
612
527
624
569
558
535
648
527
571
495
525
34
645
548
519
607
556
570
656
587
0
579
577
572
584
0
532
503
581
610
640
602
534
537
645
552
476
533
575
575
626
468
670
579
608
595
447
483
580
612
0
638
559
0
533
571
615
598
553
547
543
562
615
520
0
555
553
459
573
542
0
520
0
497
617
642
615
565
612
526
640
596
553
534
558
602
576
483
536
631
551
579
0
574
542
505
607
650
675
545
542
505
581
575
562
567
561
568
612
592
567
620
580
509
648
603
603
638
590
571
532
596
633
558
599
659
591
583
532
643
549
636
582
529
579
622
646
610
612
642
544
569
632
637
631
532
532
630
640
556
532
28
599
522
573
542
566
560
485
554
551
573
527
590
637
612
490
520
548
614
592
611
589
630
646
583
641
532
588
585
515
460
538
592
575
0
631
577
603
615
604
640
241
521
600
534
532
538
577
506
541
596
607
642
513
616
600
0
619
141
592
603
513
439
549
563
0
590
445
626
557
545
590
551
568
529
553
513
601
575
596
601
477
532
543
577
625
486
478
540
662
0
586
464
515
564
547
546
527
518
569
522
602
0
553
592
564
552
573
497
601
453
551
0
0
546
0
523
587
561
589
616
549
622
512
570
551
544
574
577
615
497
646
591
570
572
531
636
603
576
565
37
636
0
565
560
504
51
536
615
641
561
573
628
529
572
512
567
572
604
584
444
590
502
551
521
569
607
541
648
620
627
595
522
581
606
591
611
594
646
567
549
557
547
0
548
631
618
596
538
617
608
524
547
579
618
550
494
523
493
559
523
565
518
580
546
526
636
571
620
550
679
550
529
573
552
587
601
504
592
664
570
584
596
614
585
487
578
646
627
417
603
570
144
630
547
602
592
611
585
610
632
630
594
510
561
477
604
653
431
547
572
494
634
535
631
419
553
623
620
587
509
514
600
561
654
598
595
576
584
494
507
664
533
534
644
555
519
541
478
586
574
419
655
643
661
615
613
467
0
535
445
522
608
603
117
626
0
608
580
475
662
489
600
620
648
626
563
599
622
563
588
635
524
583
472
610
573
571
534
577
525
544
470
629
515
586
622
655
546
519
595
26
546
569
633
589
548
600
611
657
522
518
475
633
634
582
668
453
621
599
681
465
595
573
543
604
571
547
510
515
468
563
662
592
579
573
606
620
503
491
560
539
0
602
564
551
530
546
582
535
609
573
536
522
651
494
606
546
570
610
529
531
579
20
660
615
579
540
639
581
557
505
567
621
571
615
577
0
620
651
0
582
513
653
544
561
0
478
638
613
509
543
540
600
642
591
573
554
551
515
512
594
575
586
650
611
416
600
587
586
604
456
532
492
635
551
604
573
547
615
601
539
567
566
671
631
656
623
607
0
611
631
649
570
536
497
634
527
651
456
602
571
535
546
651
492
532
550
474
540
501
0
0
565
473
601
656
536
578
573
620
531
510
506
0
584
608
611
603
592
569
0
602
522
601
619
595
513
0
535
0
585
519
564
522
652
485
585
588
408
602
535
532
581
639
551
539
0
545
558
582
526
557
564
583
0
551
614
524
634
642
593
581
535
580
615
578
573
487
537
547
579
537
568
572
578
599
521
473
574
556
549
640
0
566
624
0
566
591
493
637
541
464
532
585
595
574
487
641
543
605
0
607
572
639
493
523
546
532
638
495
595
490
537
613
629
579
613
617
506
565
525
483
562
467
526
580
667
618
665
614
527
514
615
590
594
533
575
558
546
543
670
623
465
633
516
550
573
588
686
464
570
607
0
603
641
617
654
640
502
577
648
595
474
606
592
620
566
593
581
537
592
565
543
550
501
525
552
527
587
532
538
468
580
566
505
584
623
616
561
583
627
14
553
572
566
650
524
571
564
584
570
524
576
615
605
612
406
558
607
635
645
590
582
530
523
548
580
603
604
578
603
615
626
629
603
655
570
595
621
620
550
646
586
474
21
468
511
482
544
437
0
544
633
0
507
612
108
599
32
652
624
503
573
560
470
603
644
629
603
638
587
513
