0.298721
0.287599
0.28189
0.268369
0.314914
0.289938
0.28158
0.242651
0.304463
0.358588
0.334584
0.270185
0.337539
0.321294
0.330583
0.308329
0.304121
0.29891
0.314092
0.277596
0.310418
0.309438
0.331882
0.311655
0.245781
0.269841
0.297883
0.301098
0.295687
0.295567
0.29437
0.327532
0.329205
0.307067
0.313972
0.317922
0.256129
0.283448
0.279033
0.317219
0.306165
0.301818
0.33443
0.299844
0.304255
0.302068
0.30726
0.328859
0.297101
0.285113
0.333684
0.329412
0.244972
0.301936
0.285857
0.28175
0.314376
0.304188
0.270073
0.337356
0.295152
0.285401
0.328165
0.288055
0.347779
0.294365
0.321956
0.316146
0.328989
0.29909
0.339212
0.285042
0.288074
0.274625
0.317201
0.332986
0.287097
0.301996
0.31013
0.277439
0.305005
0.310598
0.305785
0.278959
0.28632
0.310438
0.340122
0.307772
0.289377
0.305383
0.289446
0.271916
0.323484
0.304393
0.319172
0.328893
0.313725
0.332298
0.278697
0.255862
0.312534
0.343701
0.304072
0.289984
0.301399
0.255239
0.325849
0.305103
0.252412
0.308283
0.267485
0.297098
0.236364
0.315537
0.280533
0.274531
0.323238
0.321689
0.286327
0.302781
0.308089
0.319256
0.281971
0.317419
0.326973
0.323741
0.269841
0.288391
0.296733
0.329749
0.343865
0.316624
0.314425
0.293667
0.263874
0.219578
0.301857
0.238581
0.30268
0.292722
0.32021
0.294086
0.299363
0.311743
0.332458
0.311158
0.307692
0.289348
0.328882
0.30965
0.317021
0.331411
0.278634
0.331946
0.276228
0.314891
0.319767
0.262743
0.311553
0.251779
0.294643
0.290554
0.277182
0.321411
0.312401
0.323155
0.256771
0.295269
0.260756
0.272288
0.307158
0.287129
0.2173
0.262789
0.316393
0.343587
0.263158
0.273973
0.331933
0.296963
0.293113
0.321429
0.335789
0.283925
0.270127
0.300104
0.251652
0.317273
0.288555
0.30116
0.28667
0.248829
0.334213
0.280183
0.301249
0.28006
0.343386
0.275624
0.316764
0.337596
0.331197
0.317443
0.288855
0.325843
0.338126
0.277836
0.28601
0.309006
0.330587
0.310602
0.316971
0.297849
0.305732
0.306624
0.327784
0.265738
0.299897
0.296686
0.284788
0.245151
0.262781
0.334719
0.293962
0.32908
0.32951
0.283158
0.264706
0.285561
0.311238
0.338384
0.244961
0.299798
0.301148
0.268817
0.320615
0.284487
0.308505
0.325738
0.337079
0.299109
0.271028
0.302775
0.273882
0.33595
0.275039
0.308052
0.268533
0.322043
0.277306
0.265167
0.323845
0.343979
0.292973
0.271745
0.284775
0.297551
0.328487
0.294472
0.299084
0.322995
0.283894
0.291667
0.300364
0.260649
0.328366
0.283181
0.263538
0.272098
0.31858
0.258338
0.293524
0.289583
0.329897
0.274552
0.315623
0.324485
0.29262
0.287124
0.316588
0.353036
0.340921
0.26957
0.295827
0.295688
0.292797
0.304852
0.316737
0.291126
0.288153
0.296601
0.275249
0.316098
0.286448
0.270433
0.295584
0.348002
0.294926
0.28968
0.276882
0.263957
0.273247
0.267512
0.308739
0.316239
0.316132
0.324381
0.291602
0.282533
0.300955
0.303296
0.292292
0.295829
0.328716
0.331411
0.281377
0.307856
0.305627
0.29267
0.349106
0.326253
0.298688
0.323227
0.313705
0.298588
0.29461
0.280086
0.302495
0.262182
0.232096
0.304183
0.287795
0.33805
0.250259
0.299621
0.279093
0.276427
0.280066
0.327731
0.335774
0.331948
0.29558
0.322877
0.290136
0.301406
0.307571
0.25877
0.257599
0.318014
0.318979
0.305746
0.339927
0.326349
0.293501
0.327147
0.340115
0.321096
0.225806
0.27979
0.296833
0.307207
0.26142
0.317384
0.284272
0.314529
0.312376
0.258475
0.306541
0.241961
0.296784
0.249223
0.325967
0.321997
0.326041
0.32004
0.335925
0.3079
0.341463
0.297581
0.304629
0.294776
0.266378
0.317946
0.314331
0.303197
0.309129
0.304442
0.332992
0.304692
0.228873
0.261818
0.316554
0.317568
0.274708
0.241023
0.307971
0.25
0.293264
0.336658
0.307775
0.32118
0.292308
0.290622
0.314715
0.268405
0.294311
0.308298
0.282489
0.276316
0.289995
0.258117
0.315467
0.334578
0.331776
0.294774
0.329528
0.27486
0.281931
0.302028
0.266772
0.295193
0.319677
0.293893
0.313094
0.313015
0.292244
0.311702
0.269257
0.323085
0.265487
0.299221
0.312466
0.299697
0.237918
0.267054
0.287934
0.315529
0.307254
0.315325
0.322564
0.325069
0.314462
0.324588
0.336885
0.268243
0.341551
0.305246
0.303305
0.302227
0.308939
0.306824
0.317098
0.34535
0.29276
0.297828
0.368421
0.307938
0.27698
0.291314
0.323308
0.283834
0.334367
0.307531
0.29879
0.244131
0.303937
0.319937
0.25641
0.277895
0.329121
0.268074
0.28163
0.339493
0.310309
0.301363
0.266837
0.330717
0.307938
0.271282
0.323545
0.289308
0.336233
0.301305
0.242812
0.295372
0.288795
0.275175
0.297951
0.318156
0.301326
0.30587
0.337245
0.331426
0.268753
0.324079
0.288552
0.327014
0.299109
0.272821
0.317916
0.305076
0.300107
0.312467
0.310979
0.312072
0.316547
0.283606
0.338172
0.303452
0.274346
0.270632
0.347274
0.328648
0.334879
0.263697
0.30855
0.311493
0.331633
0.223093
0.26463
0.293333
0.311737
0.260603
0.317207
0.327851
0.295805
0.28438
0.331565
0.308173
0.287545
0.315206
0.304802
0.282464
0.286329
0.301121
0.243428
0.278615
0.313039
0.311955
0.253646
0.283636
0.331291
0.31791
0.29685
0.295031
0.276103
0.346906
0.31494
0.288462
0.318961
0.296394
0.297312
0.336634
0.291622
0.298006
0.308714
0.270771
0.285488
0.332624
0.295073
0.289626
0.33401
0.259794
0.28915
0.257771
0.314873
0.265599
0.325453
0.326649
0.279564
0.292079
0.269547
0.294582
0.3069
0.299735
0.271467
0.29819
0.329018
0.299487
0.319225
0.311749
0.287494
0.277338
0.306688
0.294058
0.293197
0.27942
0.334206
0.320975
0.312532
0.307892
0.334545
0.335755
0.3424
0.339001
0.300409
0.288591
0.297137
0.288729
0.313433
0.323381
0.300699
0.282193
0.324413
0.301653
0.339642
0.267048
0.275826
0.293233
0.331971
0.294447
0.322529
0.328912
0.292472
0.329825
0.288638
0.295263
0.297101
0.334039
0.302521
0.299617
0.307692
0.29979
0.281654
0.315546
0.323989
0.206382
0.289824
0.28286
0.295775
0.264674
0.331942
0.299672
0.285938
0.333162
0.328191
0.336413
0.268025
0.275751
0.310543
0.26406
0.31769
0.293651
0.319551
0.302652
0.301217
0.306758
0.331253
0.291876
0.315273
0.26915
0.318206
0.334946
0.306999
0.32227
0.303581
0.288391
0.290526
0.308059
0.249359
0.312026
0.340347
0.284768
0.27862
0.287879
0.282501
0.302398
0.318887
0.322718
0.292308
0.313505
0.323498
0.279435
0.319372
0.297937
0.301326
0.275013
0.316462
0.269461
0.311723
0.281317
0.294569
0.269271
0.3125
0.265231
0.304214
0.247525
0.269556
0.319296
0.325276
0.297436
0.277551
0.316608
0.257665
0.271599
0.329139
0.323872
0.303359
0.292035
0.301262
0.317629
0.267613
0.34
0.257373
0.304078
0.274987
0.339487
0.320611
0.290356
0.286344
0.291391
0.311609
0.264828
0.280692
0.287273
0.303202
0.292458
0.340361
0.199788
0.278529
0.264931
0.282492
0.26756
0.292364
0.332813
0.32452
0.302999
0.258131
0.293077
0.287302
0.306573
0.331954
0.248366
0.308024
0.318252
0.324884
0.252572
0.324211
0.304392
0.326697
0.263941
0.304187
0.308602
0.343492
0.332097
0.311192
0.315364
0.335054
0.314241
0.278252
0.278636
0.322664
0.320955
0.275651
0.327929
0.315872
0.31061
0.330005
0.284595
0.320649
0.326433
0.332612
0.268672
0.293869
0.270844
0.297452
0.282438
0.293426
0.323951
0.30646
0.295243
0.331935
0.310381
0.298199
0.3445
0.27268
0.334405
0.315111
0.252642
0.291377
0.29675
0.332441
0.293564
0.30144
0.272349
0.279935
0.290443
0.298996
0.330725
0.302907
0.341102
0.316946
0.29263
0.34558
0.32846
0.262024
0.293559
0.295833
0.286472
0.261818
0.292069
0.322682
0.291864
0.262648
0.338141
0.253439
0.304484
0.331131
0.264101
0.315251
0.268962
0.342232
0.304124
0.283696
0.319915
0.271195
0.340021
0.294363
0.333516
0.331023
0.347358
0.34086
0.277635
0.294416
0.342559
0.303523
0.294299
0.293264
0.252452
0.292031
0.280881
0.30016
0.278103
0.29716
0.287886
0.283598
0.292059
0.294359
0.326338
0.219745
0.305802
0.262972
0.310256
0.313965
0.306133
0.323636
0.343734
0.321115
0.284002
0.286016
0.332645
0.292545
0.273151
0.287092
0.281267
0.329764
0.318511
0.252588
0.281843
0.317511
0.336735
0.29933
0.263669
0.301828
0.289811
0.332811
0.32475
0.263797
0.247162
0.297702
0.331269
0.294945
0.292913
0.313505
0.232951
0.288936
0.2851
0.288354
0.266598
0.326954
0.331183
0.296469
0.257592
0.271062
0.30624
0.274934
0.335759
0.274467
0.301996
0.277959
0.221477
0.323467
0.335436
0.306234
0.334383
0.246445
0.29953
0.320602
0.240302
0.334869
0.332983
0.302495
0.341684
0.300462
0.298429
0.316462
0.268193
0.304558
0.282165
0.278287
0.265093
0.313972
0.312431
0.295478
0.303707
0.297674
0.307124
0.300572
0.292981
0.20202
0.239153
0.296744
0.308382
0.320607
0.327647
0.298041
0.305672
0.316375
0.298813
0.337924
0.267289
0.291881
0.298172
0.273695
0.330566
0.308159
0.299383
0.311955
0.294538
0.331398
0.322496
0.280818
0.287028
0.283434
0.319783
0.310889
0.264151
0.245373
0.2912
0.239325
0.327657
0.289959
0.321335
0.333333
0.337593
0.276965
0.246285
0.278636
0.313126
0.273247
0.299789
0.306771
0.295652
0.297689
0.283615
0.301459
0.290164
0.307568
0.310309
0.32906
0.263438
0.283167
0.298862
0.318848
0.300918
0.259179
0.294148
0.331282
0.299258
0.303371
0.299429
0.299242
0.27477
0.330087
0.266456
0.294118
0.282241
0.317697
0.315733
0.413793
0.311783
0.322275
0.292581
0.248666
0.29171
0.290101
0.320337
0.348849
0.324812
0.335845
0.303485
0.30911
0.310669
0.317603
0.316065
0.320419
0.313416
0.333158
0.292735
0.302575
0.293031
0.318557
0.269168
0.296841
0.314182
0.319138
0.340564
0.299301
0.311181
0.301529
0.338901
0.290084
0.331683
0.324353
0.300885
0.230366
0.284483
0.332993
0.246739
0.306989
0.3
0.294023
0.334903
0.300054
0.312896
0.293484
0.342466
0.314965
0.216356
0.330133
0.317469
0.301249
0.282232
0.296742
0.289474
0.330745
0.326964
0.288511
0.33706
0.262121
0.270299
0.312661
0.313643
0.339268
0.288162
0.240741
0.279007
0.357488
0.267828
0.294211
0.328646
0.367257
0.300105
0.28189
0.266492
0.299313
0.25027
0.302892
0.33633
0.303093
0.306788
0.310562
0.290554
0.309497
0.257188
0.319827
0.2706
0.325326
0.303172
0.258529
0.329319
0.298893
0.268912
0.287201
0.341966
0.3069
0.319724
0.283857
0.298013
0.327184
0.290566
0.292761
0.243877
0.27644
0.304598
0.286684
0.315083
0.306718
0.259093
0.315003
0.270736
0.280348
0.268345
0.332137
0.268634
0.288924
0.350394
0.323171
0.305307
0.287406
0.286677
0.31874
0.281569
0.306972
0.271559
0.320579
0.289916
0.22627
0.288605
0.31524
0.322843
0.309656
0.290948
0.339295
0.304097
0.308995
0.279427
0.27641
0.319006
0.313953
0.289265
0.301264
0.273854
0.313198
0.268834
0.328877
0.315514
0.320876
0.29661
0.260043
0.324025
0.300053
0.284049
0.268641
0.292746
0.28818
0.292267
0.275146
0.273936
0.315263
0.2827
0.340511
0.31138
0.32345
0.292608
0.302857
0.260801
0.301537
0.300052
0.325569
0.27027
0.330087
0.331383
0.286738
0.281166
0.290104
0.312275
0.264446
0.321542
0.291186
0.260349
0.322754
0.286911
0.286318
0.352172
0.282315
0.27079
0.324607
0.253558
0.304325
0.276596
0.268984
0.288912
0.309424
0.275102
0.298111
0.286855
0.332016
0.288993
0.301075
0.343377
0.307983
0.314076
0.2919
0.32519
0.305242
0.317881
0.266954
0.331298
0.335553
0.310933
0.315405
0.333697
0.284943
0.326076
0.275332
0.302409
0.317271
0.291929
0.328439
0.297045
0.268394
0.282038
0.276246
0.322535
0.282365
0.318393
0.285948
0.273457
0.322939
0.327164
0.298328
0.290607
0.295752
0.298199
0.316532
0.284755
0.322042
0.33829
0.282232
0.299027
0.300996
0.32126
0.262658
0.295582
0.25
0.293292
0.304625
0.308356
0.313327
0.325911
0.351823
0.308494
0.286761
0.309671
0.338839
0.296485
0.31657
0.278256
0.273791
0.321678
0.319851
0.299479
0.315389
0.268577
0.286757
0.337073
0.336184
0.302154
0.262526
0.284423
0.324437
0.283307
0.283878
0.301308
0.316894
0.332989
0.314653
0.260684
0.282471
0.336663
0.306325
0.293905
0.317916
0.337893
0.285044
0.307573
0.333333
0.269932
0.297828
0.315217
0.318016
0.306509
0.27901
0.303092
0.301797
0.294731
0.317013
0.30437
0.33941
0.30597
0.253543
0.251423
0.26537
0.308648
0.308478
0.309837
0.317509
0.30512
0.243724
0.289984
0.294086
0.271779
0.267371
0.325434
0.275558
0.312008
0.261163
0.279058
0.37037
0.28984
0.3307
0.284184
0.357664
0.273013
0.260563
0.328933
0.34511
0.320313
0.316667
0.335897
0.288692
0.279435
0.309138
0.274117
0.279308
0.319104
0.266876
0.318766
0.313546
0.30037
0.313062
0.264121
0.323576
0.283964
0.341476
0.310559
0.293893
0.258745
0.279404
0.279762
0.340311
0.269515
0.314685
0.307492
0.327912
0.284211
0.283433
0.302733
0.283582
0.299025
0.347599
0.270424
0.316369
0.295966
0.291622
0.320364
0.335297
0.277275
0.337113
0.265152
0.328542
0.306609
0.332468
0.243556
0.331479
0.315097
0.301174
0.326953
0.325653
0.316535
0.308157
0.320061
0.308162
0.280847
0.310418
0.3151
0.295466
0.304772
0.290323
0.26153
0.314425
0.297785
0.290357
0.30021
0.305401
0.284969
0.329486
0.267791
0.33506
0.342625
0.254019
0.316794
0.261076
0.309267
0.315171
0.320175
0.32179
0.290881
0.245134
0.314286
0.278215
0.284447
0.332061
0.328912
0.332984
0.28377
0.277864
0.357724
0.27337
0.264304
0.271088
0.287572
0.345282
0.212811
0.322581
0.260021
0.314757
0.273207
0.320285
0.277612
0.249745
0.272916
0.307692
0.311484
0.280106
0.302832
0.249452
0.326717
0.263214
0.269231
0.314891
0.295983
0.334536
0.289114
0.320994
0.312852
0.342232
0.332462
0.311682
0.316516
0.303112
0.275769
0.323232
0.289973
0.292252
0.284085
0.277233
0.281428
0.321429
0.291426
0.247439
0.259001
0.269066
0.338115
0.261091
0.266701
0.229708
0.296142
0.244444
0.305258
0.282902
0.352577
0.262009
0.308846
0.313746
0.296445
0.26059
0.332494
0.297227
0.271214
0.324972
0.307731
0.285039
0.266528
0.339175
0.306037
0.251216
0.290656
0.320169
0.277358
0.28149
0.267591
0.302313
0.275186
0.297753
0.305986
0.266803
0.291645
0.309214
0.33403
0.273272
0.31349
0.301738
0.316235
0.271334
0.336009
0.31084
0.207547
0.293312
0.288144
0.272869
0.304302
0.28062
0.279238
0.32815
0.302543
0.315514
0.321409
0.22303
0.292967
0.28241
0.295015
0.249014
0.310363
0.300204
0.311346
0.303046
0.28329
0.352454
0.31069
0.314981
0.267505
0.291173
0.318658
0.321686
0.277631
0.260673
0.257364
0.236702
0.317805
0.307613
0.303441
0.28125
0.334886
0.291449
0.293773
0.320706
0.278901
0.283533
0.334518
0.328653
0.292618
0.312436
0.316157
0.313456
0.314668
0.329022
0.329148
0.311805
0.327929
0.302374
0.282871
0.302313
0.3091
0.318378
0.315385
0.283574
0.274007
0.2851
0.325339
0.308801
0.312468
0.236476
0.325608
0.315393
0.286531
0.309245
0.334046
0.312332
0.304791
0.323347
0.297242
0.315301
0.329313
0.319018
0.301205
0.336588
0.299342
0.324818
0.251711
0.293583
0.339084
0.314406
0.291732
0.303106
0.326457
0.274841
0.334941
0.302916
0.301154
0.242923
0.305708
0.259357
0.300792
0.273585
0.320213
0.322097
0.281266
0.307651
0.32199
0.317992
0.298784
0.283009
0.298851
0.299012
0.306771
0.273319
0.316667
0.316423
0.349372
0.297128
0.275269
0.306197
0.31135
0.288947
0.289832
0.322957
0.271123
0.32954
0.297927
0.294427
0.230235
0.248579
0.303641
0.316578
0.326178
0.256575
0.327954
0.332461
0.361345
0.313846
0.303552
0.329635
0.276061
0.294731
0.241379
0.32052
0.261752
0.293573
0.259397
0.303804
0.318018
0.311703
0.287839
0.326466
0.302733
0.286674
0.305598
0.318519
0.313196
0.234031
0.318254
0.301916
0.279958
0.334216
0.332287
0.338701
0.273389
0.309207
0.324895
0.327007
0.312702
0.223988
0.314136
0.258236
0.292696
0.253627
0.281116
0.308577
0.290881
0.290973
0.337215
0.256777
0.311062
0.304325
0.30965
0.288288
0.312336
0.335153
0.291645
0.316632
0.271586
0.333158
0.311822
0.28453
0.314537
0.278831
0.319336
0.320867
0.338821
0.291237
0.330831
0.290255
0.273295
0.275394
0.27616
0.311251
0.281053
0.335263
0.272347
0.349215
0.33943
0.331466
0.278775
0.269651
0.286442
0.275468
0.304582
0.280234
0.306554
0.30011
0.324164
0.255753
0.295074
0.280105
0.299839
0.306325
0.331092
0.339028
0.294023
0.265296
0.327448
0.27619
0.263632
0.303654
0.341093
0.277302
0.284061
0.284501
0.261917
0.301253
0.285346
0.292857
0.241416
0.313695
0.319957
0.320969
0.255937
0.326234
0.296046
0.309389
0.284189
0.298227
0.28342
0.290256
0.301828
0.31284
0.323483
0.329973
0.247396
0.314756
0.245254
0.306645
0.295267
0.337616
0.301098
0.300839
0.288779
0.30634
0.273835
0.260986
0.244909
0.312704
0.292745
0.313387
0.29089
0.252238
0.312566
0.335855
0.300359
0.32815
0.302116
0.28905
0.288223
0.207851
0.269858
0.316101
0.313573
0.25013
0.286238
0.273965
0.304732
0.263432
0.291082
0.319703
0.331449
0.284355
0.281217
0.25756
0.317444
0.312169
0.324588
0.32431
0.302277
0.330692
0.324017
0.244306
0.310435
0.29958
0.31606
0.316289
0.316747
0.352201
0.25941
0.332635
0.303401
0.323696
0.292395
0.312
0.317378
0.31678
0.308031
0.305772
0.280628
0.231921
0.267048
0.283307
0.272625
0.331067
0.291049
0.295248
0.339068
0.281153
0.297003
0.319515
0.316068
0.242061
0.284595
0.305121
0.333333
0.287154
0.239769
0.303825
0.270877
0.302646
0.330737
0.282451
0.298569
0.345294
0.280979
0.279812
0.269669
0.330777
0.299009
0.293931
0.298053
0.296619
0.335865
0.312467
0.325618
0.296767
0.281726
0.317634
0.283047
0.296731
0.319829
0.284277
0.299648
0.33299
0.308505
0.298153
0.32973
0.306175
0.283762
0.320785
0.326822
0.294212
0.331237
0.269272
0.295203
0.260779
0.304891
0.285931
0.286392
0.266839
0.212379
0.297999
0.349536
0.319126
0.345213
0.30973
0.343364
0.298236
0.317298
0.286088
0.326837
0.293598
0.353368
0.281818
0.275258
0.283342
0.270509
0.273731
0.297827
0.25968
0.306292
0.336686
0.262453
0.287139
0.342268
0.283369
0.314076
0.305164
0.281104
0.29451
0.289488
0.304135
0.282766
0.265143
0.289157
0.300904
0.317267
0.294375
0.325785
0.238339
0.219214
0.294456
0.316586
0.288622
0.312433
0.309721
0.33
0.314571
0.248096
0.300382
0.300775
0.330082
0.303852
0.299948
0.299411
0.336157
0.273938
0.26299
0.312764
0.302439
0.338373
0.291538
0.293086
0.345483
0.319555
0.21975
0.294241
0.32199
0.301936
0.320619
0.298749
0.241185
0.330357
0.293347
0.291112
0.341719
0.251208
0.297601
0.288331
0.279847
0.329418
0.277298
0.324662
0.331172
0.30683
0.296907
0.264599
0.325678
0.290715
0.265884
0.330504
0.339968
0.282412
0.310276
0.311806
0.303061
0.327886
0.316744
0.295419
0.288421
0.271143
0.289343
0.305484
0.310543
0.28863
0.310746
0.295572
0.277356
0.345161
0.263542
0.328738
0.330057
0.310081
0.303996
0.283342
0.300725
0.262584
0.311791
0.329431
0.324621
0.292795
0.309179
0.328995
0.286749
0.318699
0.293597
0.294054
0.284536
0.287895
0.287223
0.30941
0.286621
0.309808
0.328548
0.349359
0.291172
0.313857
0.329121
0.289791
0.31906
0.313598
0.28239
0.288714
0.3203
0.296641
0.285864
0.273754
0.312627
0.303738
0.317313
0.24863
0.284619
0.317504
0.314583
0.255635
0.347826
0.237972
0.316955
0.328
0.334555
0.295572
0.282871
0.332287
0.310467
0.288605
0.275562
0.278689
0.299105
0.290254
0.30416
0.286489
0.239164
0.279451
0.260733
0.286085
0.296545
0.276231
0.25533
0.285343
0.337019
0.340426
0.320988
0.271238
0.27027
0.30295
0.2882
0.306362
0.340753
0.287664
0.328912
0.273725
0.29648
0.313272
0.302999
0.273965
0.288189
0.287223
0.284553
0.285638
0.338126
0.287302
0.319171
0.300153
0.318635
0.291309
0.294209
0.316847
0.275446
0.332154
0.27451
0.288627
0.316955
0.330223
0.306186
0.284817
0.264182
0.339276
0.262906
0.280404
0.280836
0.321805
0.304489
0.304708
0.334204
0.316757
0.299739
0.277749
0.250278
0.294026
0.295056
0.253786
0.299159
0.337312
0.317628
0.324238
0.254054
0.307099
0.278132
0.326827
0.288491
0.280528
0.27918
0.28299
0.263075
0.264326
0.326055
0.289878
0.309401
0.292267
0.316806
0.315903
0.235043
0.275196
0.342285
0.273467
0.280935
0.291835
0.25525
0.353097
0.322668
0.316872
0.217461
0.260825
0.285639
0.24566
0.312864
0.316267
0.307649
0.33126
0.286077
0.294023
0.312277
0.322292
0.25
0.305076
0.253125
0.289117
0.343483
0.324479
0.290439
0.327235
0.307489
0.32206
0.292434
0.314392
0.336175
0.29979
0.33126
0.326509
0.339212
0.298103
0.320638
0.301629
0.336508
0.275862
0.253601
0.309179
0.277599
0.308667
0.328109
0.325054
0.299316
0.289403
0.338525
0.30609
0.342267
0.330403
0.320675
0.27476
0.273673
0.300991
0.234914
0.287493
0.270424
0.293257
0.340665
0.272131
0.309632
0.251168
0.308511
0.277897
0.336364
0.239474
0.290661
0.271859
0.300485
0.285037
0.333158
0.279487
0.25
0.295156
0.321027
0.308861
0.288198
0.29703
0.302375
0.287315
0.256729
0.315126
0.290806
0.330517
0.262827
0.275933
0.295397
0.304155
0.285265
0.298593
0.307325
0.317313
0.285871
0.262474
0.338387
0.322379
0.337745
0.266324
0.33102
0.330898
0.330472
0.342583
0.302162
0.264405
0.335138
0.328912
0.288765
0.289188
0.325926
0.284672
0.304509
0.281668
0.314961
0.315593
0.317941
0.32486
0.341282
0.308974
0.298546
0.329865
0.296875
0.312858
0.272055
0.306674
0.324199
0.319038
0.306408
0.280905
0.327775
0.263867
0.272055
0.310345
0.336398
0.292708
0.253389
0.313386
0.339043
0.285787
0.280228
0.316337
0.275196
0.331797
0.342415
0.295233
0.299213
0.321634
0.282528
0.296623
0.321619
0.236469
0.322906
0.28697
0.290045
0.308623
0.296791
0.263404
0.257858
0.28858
0.32
0.337161
0.273327
0.332649
0.347668
0.285181
0.341044
0.273943
0.256384
0.27321
0.304058
0.31791
0.318887
0.304115
0.341693
0.272174
0.290224
0.322285
0.27935
0.320248
0.261358
0.30845
0.299404
0.320225
0.289914
0.297698
0.319677
0.292606
0.296767
0.307534
0.315569
0.294427
0.313456
0.315657
0.32431
0.309771
0.265338
0.299435
0.321757
0.330882
0.292183
0.26188
0.309979
0.337553
0.301751
0.303544
0.274749
0.294149
0.308012
0.272059
0.298996
0.283177
0.279363
0.288973
0.32093
0.297613
0.234801
0.298103
0.326132
0.335147
0.312466
0.309701
0.323666
0.279536
0.304485
0.338421
0.323936
0.246257
0.304954
0.319138
0.294926
0.298037
0.288226
0.323164
0.340314
0.254413
0.303488
0.279057
0.289003
0.265659
0.284277
0.310143
0.287375
0.269891
0.29933
0.243455
0.334052
0.271728
0.301502
0.279749
0.289767
0.345511
0.306435
0.305429
0.310825
0.342723
0.338635
0.344933
0.304671
0.276517
0.277481
0.282051
0.268008
0.313505
0.28639
0.324113
0.329171
0.344427
0.297959
0.271338
0.300429
0.250395
0.326649
0.253237
0.345156
0.310114
0.342333
0.32265
0.280583
0.29294
0.258847
0.363636
0.290068
0.301847
0.309959
0.281955
0.319746
0.259448
0.285714
0.316962
0.296156
0.256356
0.289024
0.297564
0.268047
0.272774
0.26974
0.293936
0.284108
0.3505
0.295334
0.293058
0.283998
0.286007
0.299789
0.3267
0.296875
0.32141
0.301673
0.33971
0.279536
0.236856
0.286579
0.261271
0.24909
0.306546
0.212603
0.329367
0.316176
0.312632
0.287578
0.306079
0.274882
0.333333
0.273684
0.29778
0.283255
0.2909
0.330623
0.266094
0.280339
0.306639
0.283627
0.266398
0.297384
0.319978
0.294209
0.319895
0.298127
0.270166
0.298219
0.338197
0.327634
0.303811
0.32181
0.313715
0.297382
0.322228
0.298964
0.27772
0.320064
0.254471
0.29902
0.326098
0.299213
0.305324
0.279045
0.304592
0.304505
0.239791
0.250129
0.298163
0.322737
0.309062
0.2664
0.32431
0.291391
0.292284
0.292695
0.314844
0.293225
0.263184
0.286706
0.304325
0.318275
0.326996
0.304609
0.324485
0.315377
0.335065
0.28133
0.279738
0.299429
0.310811
0.32582
0.282504
0.32021
0.365385
0.345238
0.31875
0.295082
0.306253
0.275325
0.282929
0.272208
0.305882
0.304437
0.301926
0.293545
0.34003
0.306565
0.324721
0.282228
0.320042
0.294524
0.293667
0.280261
0.319897
0.279516
0.32967
0.327704
0.306165
0.310127
0.325182
0.255376
0.30423
0.333152
0.302964
0.285561
0.293077
0.320599
0.329647
0.320353
0.296238
0.287545
0.310026
0.292463
0.30646
0.282989
0.298833
0.310889
0.313788
0.274194
0.298201
0.302902
0.265551
0.327735
0.283489
0.28719
0.243966
0.313767
0.299897
0.300105
0.260133
0.322934
0.347207
0.261588
0.320884
0.288521
0.255862
0.319832
0.287538
0.328767
0.333667
0.290104
0.305989
0.309392
0.302051
0.287971
0.329859
0.323184
0.314863
0.300107
0.26096
0.297918
0.317273
0.276531
0.286691
0.280856
0.258333
0.301264
0.250646
0.336235
0.31129
0.305585
0.273909
0.304416
0.331529
0.309207
0.332618
0.331099
0.280228
0.311192
0.327429
0.29363
0.224827
0.305328
0.305468
0.331913
0.255596
0.285412
0.302402
0.283871
0.329212
0.311591
0.283059
0.291755
0.306019
0.234292
0.244094
0.338043
0.291623
0.323375
0.274789
0.275673
0.277163
0.300469
0.282988
0.282435
0.344086
0.313266
0.305048
0.324503
0.255705
0.272976
0.283148
0.302937
0.292105
0.336152
0.275458
0.31233
0.287608
0.3424
0.308736
0.320313
0.299894
0.315897
0.296063
0.300647
0.319483
0.303571
0.306297
0.324381
0.329167
0.295193
0.270845
0.314961
0.269105
0.271047
0.335602
0.301485
0.293714
0.308008
0.292795
0.332086
0.274255
0.28191
0.266172
0.321351
0.294148
0.295527
0.277102
0.257622
0.341476
0.315707
0.29572
0.279871
0.285044
0.302313
0.305846
0.308436
0.325509
0.266413
0.334204
0.265708
0.247573
0.313094
0.284679
0.300961
0.31781
0.326765
0.285784
0.304757
0.343112
0.317578
0.300477
0.243941
0.311828
0.258856
0.329412
0.245953
0.306535
0.265445
0.283489
0.268856
0.272632
0.293004
0.309063
0.316847
0.270414
0.278749
0.311662
0.280507
0.323276
0.266842
0.292371
0.279856
0.325314
0.301724
0.285109
0.304118
0.330583
0.324865
0.316488
0.28524
0.322959
0.32139
0.321391
0.319082
0.288162
0.319358
0.319225
0.321337
0.336458
0.328812
0.339378
0.305732
0.330717
0.29304
0.26972
0.317568
0.289641
0.274008
0.282212
0.309252
0.2781
0.323363
0.320394
0.332235
0.30235
0.308471
0.269093
0.248627
0.307652
0.297569
0.278936
0.290136
0.315954
0.28496
0.29649
0.262827
0.294087
0.324827
0.274946
0.283574
0.249739
0.267679
0.309599
0.293333
0.270181
0.2944
0.291732
0.303684
0.302842
0.310804
0.326076
0.276495
0.335733
0.31303
0.253566
0.312399
0.320184
0.281742
0.34299
0.266486
0.283654
0.28496
0.285034
0.289432
0.326478
0.276486
0.325693
0.30877
0.299897
0.300945
0.298908
0.327727
0.305772
0.292308
0.297738
0.266015
0.280602
0.279333
0.306334
0.319094
0.318442
0.327763
0.328645
0.280437
0.321229
0.248265
0.31139
0.220513
0.31825
0.27456
0.256579
0.300412
0.271385
0.273101
0.305644
0.301967
0.32651
0.312598
0.291644
0.329712
0.310651
0.32987
0.238045
0.326076
0.286397
0.322798
0.270933
0.332292
0.307534
0.272678
0.301775
0.301148
0.290373
0.274336
0.288853
0.312102
0.344938
0.295597
0.268852
0.288482
0.29063
0.302215
0.29363
0.284539
0.300813
0.298117
0.302952
0.31678
0.277632
0.247514
0.296663
0.255176
0.298688
0.266247
0.329863
0.320317
0.297402
0.289071
0.256344
0.293165
0.280299
0.341513
0.340317
0.284492
0.292395
0.28902
0.319604
0.336815
0.304126
0.331291
0.29285
0.301218
0.288472
0.262322
0.290048
0.284783
0.271088
0.328579
0.306014
0.261026
0.290271
0.338243
0.294788
0.263777
0.295031
0.287733
0.316305
0.288644
0.270866
0.302326
0.278468
0.327551
0.330855
0.29814
0.244741
0.303318
0.265231
0.262404
0.321785
0.282686
0.311839
0.276833
0.268212
0.33123
0.272186
0.322529
0.30961
0.330055
0.321928
0.329016
0.342
0.291555
0.294433
0.321142
0.315544
0.323819
0.323356
0.335929
0.289112
0.322682
0.344882
0.291022
0.315408
0.316943
0.252724
0.281133
0.269353
0.296727
0.29798
0.308307
0.344022
0.315464
0.283847
0.260316
0.297423
0.280545
0.271921
0.288533
0.337411
0.256357
0.267091
0.312625
0.32562
0.337248
0.340909
0.19392
0.294208
0.299213
0.306535
0.280868
0.328399
0.291796
0.300267
0.308986
0.315736
0.286531
0.264957
0.311467
0.308939
0.321483
0.345416
0.321625
0.289562
0.302508
0.299022
0.292658
0.318864
0.33542
0.31348
0.263213
0.312957
0.291667
0.267635
0.277059
0.30817
0.305895
0.323649
0.298117
0.319459
0.26536
0.323274
0.296686
0.314271
0.304663
0.301867
0.297643
0.31916
0.336045
0.286975
0.307232
0.275844
0.340053
0.291489
0.329073
0.340956
0.298762
0.27537
0.330117
0.29978
0.270214
0.302024
0.31907
0.339268
0.306624
0.283695
0.340874
0.311475
0.271057
0.347471
0.305931
0.262329
0.337888
0.28355
0.325717
0.30817
0.3056
0.301829
0.307816
0.258201
0.28535
0.335653
0.322144
0.262908
0.340073
0.324156
0.313228
0.312973
0.274948
0.322651
0.324199
0.304441
0.263632
0.315245
0.297996
0.333673
0.298072
0.316212
0.30845
0.275915
0.290239
0.310198
0.347642
0.310362
0.315315
0.287144
0.321619
0.288163
0.26694
0.31756
0.295361
0.294968
0.30123
0.31981
0.322052
0.27868
0.266332
0.302632
0.310057
0.276538
0.296196
0.329832
0.320704
0.317477
0.293862
0.295908
0.292164
0.295323
0.286241
0.320125
0.24215
0.243478
0.269436
0.309268
0.314749
0.30163
0.267905
0.335657
0.306573
0.298087
0.329176
0.293004
0.313953
0.26861
0.302078
0.318734
0.323703
0.276135
0.327904
0.299172
0.299587
0.292935
0.30512
0.289571
0.307899
0.319517
0.298809
0.277293
0.343062
0.316327
0.314516
0.304505
0.305846
0.326488
0.251197
0.259259
0.277201
0.329134
0.307054
0.320268
0.309179
0.325521
0.325314
0.307075
0.308947
0.279119
0.232818
0.246129
0.313505
0.327177
0.257979
0.300626
0.255342
0.279119
0.276662
0.30829
0.263954
0.283333
0.30372
0.249465
0.308193
0.291932
0.306477
0.325131
0.265136
0.312272
0.244136
0.301917
0.289038
0.299795
0.311655
0.3
0.291287
0.339286
0.303571
0.332624
0.316048
0.32705
0.321613
0.280112
0.300382
0.292423
0.334724
0.322877
0.331548
0.266036
0.316693
0.297521
0.314883
0.256438
0.321447
0.239665
0.315068
0.329534
0.314805
0.309333
0.310722
0.249871
0.310106
0.306306
0.311545
0.274549
0.294208
0.268201
0.335196
0.326863
0.303553
0.31875
0.297625
0.313175
0.333848
0.321827
0.268858
0.283154
0.323951
0.324173
0.27381
0.296737
0.321579
0.31206
0.320814
0.318856
0.274829
0.288226
0.332473
0.280062
0.294885
0.298237
0.258421
0.281564
0.28672
0.299323
0.316191
0.289288
0.286169
0.211117
0.347107
0.275293
0.254043
0.297759
0.325026
0.329443
0.275422
0.307771
0.280437
0.275132
0.296004
0.314133
0.289083
0.263784
0.302658
0.313643
0.327443
0.32963
0.274962
0.299474
0.280947
0.288654
0.274921
0.261579
0.311493
0.281857
0.300158
0.332823
0.336815
0.325195
0.339352
0.278638
0.270982
0.314345
0.31152
0.285339
0.297201
0.291237
0.318825
0.312095
0.262186
0.274874
0.340635
0.313827
0.297468
0.323513
0.28073
0.270645
0.298736
0.27451
0.351439
0.279143
0.328045
0.315348
0.287643
0.321014
0.255059
0.298996
0.297862
0.334563
0.299337
0.344756
0.253391
0.30528
0.25503
0.305732
0.341102
0.314825
0.343532
0.297972
0.331584
0.321882
0.327467
0.282422
0.318515
0.308808
0.33544
0.279873
0.267838
0.295569
0.265534
0.325557
0.234787
0.263777
0.266632
0.301168
0.325738
0.28141
0.314834
0.250379
0.316796
0.287223
0.299266
0.32876
0.333513
0.279587
0.299527
0.327913
0.303125
0.261881
0.31355
0.325994
0.29579
0.27588
0.316606
0.274698
0.297458
0.27935
0.316894
0.295253
0.240533
0.312178
0.277089
0.283377
0.30711
0.304598
0.314331
0.25626
0.272775
0.219327
0.260802
0.279958
0.302034
0.298784
0.265789
0.30911
0.323514
0.329243
0.322297
0.291645
0.284955
0.253601
0.30026
0.351512
0.301729
0.327731
0.328595
0.283481
0.311146
0.27428
0.319533
0.290558
0.289364
0.340909
0.292492
0.310861
0.325545
0.324689
0.304392
0.326984
0.300584
0.308785
0.279169
0.216791
0.315401
0.359307
0.331612
0.320169
0.247678
0.336713
0.343216
0.289515
0.270384
0.286818
0.32591
0.303917
0.291552
0.296615
0.27292
0.301242
0.271916
0.301756
0.329155
0.289239
0.312136
0.246873
0.294365
0.314595
0.315983
0.301036
0.318445
0.29086
0.32916
0.309237
0.27834
0.304553
0.245013
0.332965
0.293065
0.286601
0.328788
0.269782
0.26204
0.277629
0.284946
0.291601
0.297229
0.239769
0.280568
0.334881
0.283273
0.343243
0.330047
0.300961
0.30623
0.283098
0.29219
0.232339
0.338839
0.270539
0.221003
0.298301
0.320533
0.268456
0.291889
0.282119
0.277238
0.297009
0.300736
0.311884
0.292946
0.255897
0.294997
0.298764
0.320774
0.325258
0.306546
0.315732
0.300441
0.286761
0.286621
0.332971
0.298593
0.279467
0.341002
0.358354
0.290554
0.322382
0.26931
0.293568
0.319654
0.323312
0.294586
0.305482
0.350714
0.307692
0.278768
0.287693
0.270627
0.342394
0.260085
0.248046
0.284073
0.278749
0.30286
0.292482
0.324627
0.328181
0.293205
0.271523
0.307853
0.259159
0.3088
0.330855
0.332985
0.330213
0.324868
0.289087
0.293148
0.299266
0.279094
0.286172
0.304465
0.285714
0.265551
0.306435
0.303876
0.292823
0.289779
0.294332
0.304485
0.274219
0.328296
0.311879
0.326433
0.305274
0.276096
0.289195
0.306287
0.296809
0.305319
0.29147
0.313158
0.2333
0.313519
0.321111
0.316842
0.264627
0.303736
0.273835
0.30999
0.306133
0.314549
0.296493
0.275308
0.337703
0.269211
0.275408
0.329682
0.337222
0.305411
0.30609
0.306972
0.327206
0.281369
0.300674
0.315762
0.287608
0.33674
0.333999
0.282451
0.331176
0.270781
0.33789
0.3122
0.283834
0.288161
0.257053
0.3259
0.309511
0.308997
0.28579
0.290919
0.339937
0.308351
0.316495
0.295178
0.279665
0.320675
0.326161
0.277808
0.32444
0.29784
0.339228
0.321557
0.320554
0.296527
0.319857
0.237049
0.280526
0.315628
0.323885
0.203883
0.311979
0.286375
0.288762
0.241543
0.322615
0.346412
0.35162
0.301377
0.329167
0.295337
0.278146
0.223512
0.275332
0.347222
0.293007
0.289555
0.314796
0.347103
0.312008
0.315846
0.299681
0.30162
0.295171
0.225877
0.282403
0.317149
0.274304
0.305599
0.307896
0.300667
0.263919
0.355026
0.244653
0.321693
0.230403
0.304164
0.31303
0.297051
0.334981
0.282262
0.300555
0.32998
0.302363
0.276574
0.323296
0.310966
0.297827
0.320453
0.315235
0.256211
0.310634
0.320975
0.297806
0.325258
0.287996
0.281067
0.262918
0.321448
0.2985
0.274078
0.314388
0.300966
0.287223
0.334704
0.288145
0.304372
0.294833
0.341837
0.314449
0.329386
0.284836
0.287606
0.306904
0.331793
0.316289
0.290765
0.281397
0.302439
0.322016
0.269792
0.268962
0.309701
0.272819
0.279873
0.249334
0.343606
0.310881
0.313259
0.277604
0.290928
0.254851
0.289544
0.280987
0.289925
0.325276
0.326065
0.278801
0.291478
0.29834
0.285206
0.302875
0.317111
0.320594
0.295908
0.300744
0.31
0.289989
0.261153
0.326076
0.299471
0.302151
0.308102
0.321946
0.322042
0.288981
0.30503
0.322016
0.30623
0.32287
0.310217
0.258065
0.321206
0.351262
0.305453
0.281712
0.307087
0.292291
0.310291
0.313537
0.329957
0.294892
0.327012
0.303388
0.303061
0.322801
0.293928
0.273595
0.281379
0.326964
0.285714
0.267762
0.309586
0.300529
0.290136
0.324742
0.277096
0.310114
0.289291
0.327678
0.265295
0.338319
0.305906
0.320169
0.298087
0.327138
0.301706
0.290656
0.303716
0.302521
0.258873
0.304029
0.335282
0.312887
0.282065
0.340921
0.336359
0.299327
0.282395
0.314537
0.261333
0.344103
0.312932
0.304903
0.280507
0.226444
0.282279
0.291252
0.272162
0.304885
0.3098
0.27325
0.289301
0.273366
0.298905
0.277395
0.282759
0.290803
0.324282
0.320803
0.313797
0.340102
0.296875
0.301092
0.31715
0.320539
0.279388
0.279188
0.289734
0.256345
0.3
0.312118
0.291645
0.291513
0.318424
0.264868
0.34388
0.311194
0.319767
0.287296
0.318515
0.297796
0.322943
0.319713
0.302968
0.257294
0.27714
0.272288
0.324366
0.304236
0.325594
0.286822
0.230084
0.293237
0.294859
0.309081
0.274322
0.298391
0.333333
0.329545
0.267272
0.294028
0.325141
0.288127
0.284884
0.311424
0.303673
0.28765
0.261783
0.278351
0.298681
0.30137
0.2983
0.322257
0.29846
0.306
0.255924
0.309822
0.300543
0.27551
0.310417
0.311789
0.278939
0.301058
0.259826
0.282689
0.302625
0.308635
0.301292
0.288866
0.25533
0.331728
0.283058
0.339545
0.299578
0.291601
0.337263
0.273389
0.307426
0.301121
0.260711
0.3047
0.275102
0.267219
0.27897
0.290584
0.271231
0.321465
0.288533
0.325717
0.308511
0.267417
0.34097
0.24697
0.303927
0.269394
0.312877
0.268542
0.329307
0.26569
0.319217
0.289301
0.275661
0.265073
0.297485
0.286151
0.325283
0.249741
0.308086
0.281049
0.289802
0.273766
0.30414
0.306594
0.313319
0.296197
0.296158
0.272727
0.33261
0.331007
0.291903
0.285494
0.281481
0.257143
0.29451
0.31568
0.306101
0.33114
0.28735
0.32981
0.336148
0.313756
0.329957
0.269929
0.298701
0.332628
0.31752
0.296087
0.274687
0.311606
0.247849
0.286475
0.299482
0.307608
0.269108
0.31871
0.300318
0.324019
0.32742
0.295864
0.275648
0.304629
0.341706
0.307733
0.302556
0.235638
0.272585
0.304509
0.306889
0.311251
0.324503
0.258402
0.293851
0.304598
0.286228
0.31639
0.267448
0.286364
0.32372
0.292913
0.328982
0.327988
0.289685
0.31074
0.288136
0.268101
0.25448
0.284969
0.329693
0.310897
0.288946
0.278513
0.287387
0.275807
0.29582
0.271645
0.308471
0.275611
0.339969
0.252694
0.288226
0.250406
0.339979
0.298633
0.323243
0.324485
0.338043
0.301935
0.32206
0.277365
0.33577
0.348657
0.291892
0.286784
0.280804
0.294671
0.348243
0.272822
0.335497
0.300467
0.257485
0.30074
0.322368
0.23482
0.297827
0.294338
0.285714
0.229722
0.305468
0.327894
0.278153
0.334584
0.331928
0.316073
0.292232
0.292105
0.325849
0.270526
0.298668
0.325557
0.263323
0.320599
0.328381
0.319392
0.321758
0.248783
0.306611
0.339153
0.318445
0.334222
0.329486
0.282143
0.334051
0.308179
0.299593
0.290339
0.260509
0.265029
0.275611
0.28533
0.338635
0.304462
0.334211
0.329886
0.330486
0.281333
0.292763
0.295587
0.291251
0.299894
0.294872
0.243074
0.2976
0.309549
0.298771
0.320949
0.298826
0.318557
0.349895
0.323292
0.340426
0.300521
0.275558
0.290186
0.300804
0.328732
0.298608
0.295852
0.207516
0.313502
0.303707
0.302604
0.310649
0.298272
0.31185
0.296917
0.284199
0.230047
0.331584
0.319332
0.295161
0.315762
0.277342
0.295805
0.26119
0.286464
0.322464
0.310515
0.335141
0.274336
0.289907
0.263695
0.325225
0.28436
0.307772
0.270225
0.339904
0.281478
0.333333
0.276642
0.315625
0.223112
0.287399
0.276401
0.306967
0.28072
0.303533
0.289221
0.32213
0.275186
0.317503
0.31935
0.310097
0.309024
0.329699
0.288207
0.331612
0.337192
0.305804
0.319625
0.296588
0.320083
0.267666
0.288736
0.322981
0.240722
0.324267
0.303665
0.319182
0.330382
0.301612
0.30623
0.296315
0.32914
0.323238
0.308442
0.29295
0.252947
0.338266
0.30646
0.298615
0.26332
0.277063
0.331635
0.268305
0.315734
0.283728
0.298227
0.33855
0.235746
0.322418
0.294699
0.272727
0.319249
0.279709
0.313309
0.266373
0.316573
0.344253
0.305526
0.300209
0.30512
0.286375
0.263954
0.290084
0.295193
0.315651
0.342718
0.335349
0.314425
0.245842
0.314408
0.282145
0.257905
0.335141
0.294304
0.312008
0.314286
0.31494
0.285944
0.330164
0.31953
0.250531
0.290728
0.271958
0.252558
0.28125
0.307608
0.330561
0.269211
0.282541
0.27034
0.274854
0.317298
0.34748
0.275661
0.343047
0.296641
0.266488
0.30444
0.239118
0.298701
0.330295
0.307368
0.312121
0.261941
0.317797
0.32769
0.255627
0.327488
0.302824
0.292235
0.117647
0.299457
0.286167
0.300813
0.252401
0.32246
0.337648
0.296506
0.320368
0.318182
0.325644
0.235326
0.323398
0.269394
0.32319
0.295442
0.320704
0.27398
0.330863
0.286947
0.312367
0.319916
0.307491
0.313947
0.319182
0.290727
0.261892
0.308956
0.284579
0.27972
0.322154
0.320784
0.347987
0.317485
0.263613
0.315401
0.283351
0.293849
0.310473
0.294949
0.283393
0.303245
0.275972
0.342544
0.317427
0.3033
0.3125
0.274622
0.288959
0.288654
0.263684
0.331816
0.275064
0.279629
0.305955
0.300569
0.301363
0.285938
0.272774
0.313502
0.28855
0.31202
0.325926
0.330729
0.29108
0.325681
0.328411
0.320388
0.297398
0.251981
0.32272
0.313542
0.278279
0.296165
0.322614
0.315032
0.285039
0.274866
0.289501
0.325092
0.32839
0.283521
0.36049
0.281018
0.282365
0.251071
0.239175
0.307935
0.328514
0.257801
0.339121
0.304461
0.306297
0.280429
0.313354
0.32113
0.329173
0.245543
0.328125
0.310643
0.233928
0.276642
0.314486
0.326169
0.279643
0.278956
0.313706
0.281879
0.327347
0.29219
0.219393
0.303353
0.305716
0.32551
0.318157
0.33126
0.294118
0.302387
0.273125
0.313519
0.27263
0.337553
0.344119
0.339435
0.2804
0.281929
0.326414
0.28667
0.272098
0.225235
0.249073
0.315625
0.258539
0.285865
0.290919
0.309888
0.251071
0.288573
0.305716
0.300966
0.295224
0.302241
0.285248
0.258253
0.320083
0.295443
0.265633
0.278626
0.276573
0.290787
0.312873
0.301837
0.320439
0.288843
0.299948
0.298869
0.2983
0.267644
0.294118
0.311887
0.291494
0.30303
0.275703
0.278167
0.316213
0.246813
0.257271
0.269866
0.32706
0.271798
0.320125
0.312852
0.288923
0.311326
0.301139
0.334049
0.324496
0.315817
0.30633
0.290052
0.289885
0.294149
0.234607
0.279082
0.262963
0.328725
0.284744
0.288472
0.290792
0.329705
0.293895
0.320975
0.305497
0.294149
0.303759
0.337336
0.339919
0.340179
0.311834
0.269914
0.283486
0.303107
0.291444
0.329307
0.280475
0.299366
0.301384
0.312821
0.310454
0.342161
0.29015
0.305763
0.294509
0.313357
0.318405
0.327116
0.325938
0.320541
0.303824
0.25
0.325409
0.289059
0.270712
0.277437
0.331617
0.313578
0.307651
0.322396
0.335372
0.297014
0.31333
0.323794
0.329919
0.308995
0.305844
0.292398
0.319703
0.302099
0.279938
0.308086
0.335378
0.286757
0.233489
0.305978
0.290795
0.330579
0.301002
0.317035
0.223649
0.266074
0.306836
0.325116
0.311492
0.329848
0.308416
0.302651
0.270368
0.254603
0.32786
0.232038
0.305335
0.275017
0.282748
0.276058
0.295957
0.309033
0.274531
0.32234
0.271516
0.299221
0.3184
0.309942
0.33719
0.259989
0.330504
0.307327
0.246453
0.269663
0.344775
0.29594
0.28462
0.322165
0.271132
0.314374
0.309944
0.269876
0.329147
0.344357
0.244398
0.338519
0.270172
0.259868
0.315436
0.277442
0.317578
0.336335
0.297927
0.261126
0.317762
0.275681
0.287098
0.274801
0.322581
0.283881
0.328933
0.316596
0.312565
0.331939
0.283925
0.329826
0.34472
0.31333
0.315054
0.296259
0.285417
0.27918
0.316934
0.297214
0.304129
0.2962
0.181818
0.319627
0.255144
0.294297
0.299635
0.318416
0.301262
0.347112
0.280125
0.307818
0.299683
0.324069
0.288118
0.292323
0.318346
0.319459
0.271486
0.2824
0.275272
0.309882
0.318515
0.316596
0.321697
0.294699
0.310106
0.340168
0.318622
0.270042
0.335602
0.302266
0.243531
0.275355
0.32154
0.272919
0.289247
0.320255
0.295861
0.288784
0.337946
0.293058
0.314726
0.318058
0.286243
0.319539
0.263566
0.293532
0.303887
0.30538
0.30026
0.328252
0.284345
0.297167
0.282864
0.231496
0.292657
0.315647
0.317817
0.301236
0.263186
0.297311
0.289794
0.301587
0.30817
0.321115
0.325289
0.306452
0.28325
0.293059
0.301218
0.275355
0.262786
0.346196
0.331003
0.270908
0.223243
0.299479
0.3125
0.308739
0.28112
0.318043
0.341314
0.330705
0.267436
0.320459
0.30607
0.312205
0.307417
0.277868
0.2969
0.292936
0.308544
0.320213
0.310578
0.283892
0.305931
0.287284
0.30465
0.297883
0.329348
0.328824
0.348825
0.328887
0.305147
0.277059
0.30179
0.272918
0.291257
0.284079
0.313228
0.294365
0.250378
0.28359
0.334024
0.284274
0.300674
0.296374
0.283769
0.30363
0.305263
0.270645
0.252742
0.337824
0.312766
0.321429
0.306716
0.314689
0.309628
0.291215
0.259393
0.307815
0.30512
0.319566
0.311536
0.270613
0.294403
0.31787
0.290272
0.307969
0.313043
0.330092
0.317126
0.303127
0.305421
0.271383
0.300418
0.306166
0.211851
0.27027
0.304805
0.32977
0.287399
0.279279
0.315599
0.312064
0.323436
0.335584
0.285938
0.299517
0.276707
0.296217
0.330225
0.338126
0.287494
0.297996
0.290816
0.306417
0.258145
0.2983
0.328482
0.33667
0.283841
0.331551
0.308377
0.325321
0.282262
0.305556
0.299037
0.271247
0.320664
0.314637
0.307013
0.328343
0.328782
0.305742
0.321703
0.299217
0.298424
0.302983
0.305246
0.291644
0.272345
0.312599
0.305584
0.328947
0.33674
0.304772
0.318908
0.263992
0.330212
0.277083
0.317124
0.262658
0.259335
0.329086
0.307
0.284755
0.291556
0.258295
0.311415
0.320275
0.232777
0.324119
0.287256
0.26884
0.30289
0.318374
0.306263
0.298588
0.280323
0.322801
0.323102
0.309061
0.27451
0.262821
0.296417
0.305005
0.320022
0.310553
0.298821
0.312957
0.301413
0.311326
0.31544
0.257625
0.320368
0.290052
0.321467
0.243442
0.337028
0.260638
0.3093
0.301282
0.265435
0.296816
0.338389
0.296859
0.331622
0.286702
0.318229
0.242162
0.27337
0.32
0.31087
0.278215
0.2999
0.279348
0.307004
0.301988
0.319261
0.269751
0.332292
0.311602
0.309197
0.288993
0.327457
0.314776
0.336
0.308052
0.348938
0.335567
0.310618
0.222973
0.26313
0.283931
0.296455
0.260065
0.305974
0.315875
0.300105
0.321936
0.274667
0.266702
0.28579
0.319183
0.297441
0.290064
0.271436
0.316616
0.310695
0.306904
0.260438
0.299788
0.314155
0.327834
0.313409
0.325401
0.310995
0.322997
0.328753
0.297414
0.324451
0.324011
0.325668
0.257963
0.267713
0.336962
0.304325
0.303423
0.332626
0.300254
0.287762
0.315959
0.289273
0.293962
0.311688
0.249869
0.299895
0.347193
0.347586
0.324173
0.317829
0.296158
0.288889
0.30426
0.274341
0.304712
0.2983
0.298851
0.315817
0.302424
0.271277
0.272152
0.341889
0.289071
0.277052
0.30859
0.301926
0.271598
0.326625
0.310916
0.294905
0.28097
0.303859
0.285419
0.305781
0.284418
0.332438
0.325169
0.311889
0.294026
0.287887
0.285865
0.274127
0.319539
0.2734
0.281734
0.305688
0.282891
0.302674
0.297019
0.290728
0.307975
0.265763
0.285714
0.257914
0.336368
0.220464
0.291429
0.267279
0.266598
0.324641
0.270325
0.265941
0.326883
0.306854
0.288542
0.308244
0.318348
0.284553
0.312311
0.301638
0.291601
0.269574
0.325333
0.31857
0.341349
0.27927
0.265802
0.342304
0.318947
0.300366
0.279481
0.266429
0.328084
0.319149
0.327157
0.309647
0.264463
0.29257
0.322043
0.313163
0.322949
0.296809
0.25311
0.306039
0.301104
0.287895
0.308687
0.284553
0.349223
0.32597
0.285256
0.288866
0.313756
0.291599
0.320499
0.332986
0.301042
0.264645
0.341451
0.296008
0.296095
0.297607
0.31881
0.292683
0.336735
0.283854
0.318182
0.285569
0.339594
0.324254
0.342568
0.298391
0.338405
0.317318
0.288831
0.341818
0.261783
0.32265
0.308824
0.313215
0.330939
0.303922
0.256764
0.300161
0.336916
0.329902
0.299094
0.307272
0.303323
0.272004
0.292419
0.337589
0.295398
0.319184
0.230228
0.312227
0.33232
0.309155
0.293958
0.321277
0.309333
0.335766
0.316703
0.288531
0.30414
0.272921
0.33607
0.337576
0.333692
0.329705
0.330785
0.30444
0.299247
0.303846
0.320243
0.303046
0.287134
0.310818
0.3088
0.283505
0.25252
0.303665
0.254615
0.288654
0.270031
0.267255
0.319808
0.307859
0.283271
0.348667
0.311441
0.303617
0.323142
0.2276
0.29334
0.320424
0.25922
0.274251
0.317511
0.331519
0.304911
0.3342
0.318206
0.295594
0.247678
0.26556
0.261995
0.207497
0.270978
0.330803
0.329727
0.302181
0.320064
0.267429
0.337859
0.336951
0.316149
0.30563
0.324599
0.297394
0.294517
0.334397
0.316521
0.309032
0.303988
0.3
0.308411
0.33901
0.277634
0.275225
0.317207
0.298507
0.310026
0.336979
0.341151
0.272485
0.297576
0.299686
0.297828
0.329363
0.259514
0.30567
0.29354
0.307857
0.262277
0.333674
0.309
0.279018
0.339135
0.250919
0.297255
0.319549
0.275275
0.295345
0.335162
0.323126
0.285564
0.301837
0.310873
0.305212
0.280637
0.300847
0.302762
0.316203
0.303504
0.290728
0.29818
0.308792
0.333688
0.315511
0.282241
0.278044
0.278373
0.299739
0.31593
0.352665
0.293432
0.31623
0.338872
0.324777
0.269474
0.301604
0.282117
0.272585
0.318495
0.289221
0.288462
0.292815
0.257625
0.301587
0.206516
0.279809
0.293962
0.293416
0.265152
0.318864
0.320451
0.30176
0.304039
0.31981
0.32286
0.279845
0.32486
0.310911
0.314406
0.278135
0.227642
0.302266
0.316038
0.305541
0.318908
0.343307
0.314301
0.283529
0.275452
0.26973
0.276552
0.276654
0.232731
0.266183
0.299191
0.263967
0.284272
0.32141
0.319789
0.299735
0.293706
0.212766
0.297045
0.308259
0.283834
0.293642
0.321954
0.311265
0.325482
0.264918
0.276393
0.308333
0.216331
0.263323
0.304577
0.291732
0.298695
0.311007
0.31009
0.274235
0.301491
0.273695
0.209677
0.301529
0.257353
0.283733
0.312829
0.302024
0.352665
0.296973
0.276848
0.243172
0.324834
0.299798
0.284097
0.322527
0.259434
0.311158
0.342873
0.307248
0.315539
0.28201
0.301837
0.322464
0.265693
0.302499
0.299022
0.303229
0.330671
0.299788
0.298072
0.322651
0.284607
0.336152
0.300626
0.303112
0.286869
0.311458
0.327801
0.306693
0.296867
0.313163
0.28593
0.28564
0.260303
0.28639
0.303423
0.308386
0.256031
0.234305
0.286089
0.321524
0.310606
0.344898
0.326154
0.30534
0.318397
0.320061
0.302062
0.33842
0.278261
0.260104
0.352646
0.287903
0.291935
0.328668
0.304509
0.292382
0.316463
0.297638
0.274298
0.303462
0.328873
0.327963
0.278515
0.270889
0.293188
0.321429
0.298499
0.314255
0.290566
0.309511
0.305364
0.277268
0.261315
0.296107
0.297551
0.276139
0.349562
0.311647
0.318393
0.273006
0.312335
0.291257
0.282744
0.277504
0.294379
0.308489
0.28225
0.303983
0.307814
0.288482
0.290057
0.29618
0.218574
0.277442
0.326613
0.303437
0.305202
0.338093
0.302553
0.221354
0.302534
0.290765
0.295685
0.278119
0.297182
0.278046
0.283086
0.346576
0.289641
0.300054
0.277338
0.31809
0.301406
0.294149
0.301406
0.308577
0.2261
0.331291
0.335734
0.356364
0.270657
0.293319
0.260297
0.289885
0.316235
0.296715
0.231065
0.278945
0.288072
0.268916
0.262487
0.306732
0.270994
0.305312
0.315443
0.287404
0.324142
0.255864
0.303832
0.306925
0.226927
0.339295
0.300106
0.295406
0.279389
0.313362
0.252462
0.271429
0.299281
0.281893
0.30107
0.296983
0.328686
0.267932
0.257529
0.328995
0.323167
0.23807
0.297619
0.296653
0.268254
0.340659
0.32004
0.340729
0.335925
0.27374
0.311941
0.2724
0.303437
0.33562
0.298729
0.304004
0.327189
0.303665
0.299585
0.342445
0.285868
0.295527
0.299621
0.320911
0.251969
0.256819
0.291237
0.280374
0.291886
0.26197
0.322327
0.293284
0.306485
0.248168
0.331939
0.29418
0.274219
0.314168
0.309475
0.295775
0.317833
0.305541
0.241002
0.279359
0.325067
0.325808
0.278884
0.330338
0.276876
0.307278
0.28479
0.278961
0.326712
0.2608
0.318723
0.298361
0.297078
0.297802
0.330477
0.318818
0.320313
0.309398
0.245373
0.315789
0.279913
0.292341
0.314863
0.346824
0.332295
0.27242
0.314785
0.327605
0.245754
0.293122
0.274894
0.335106
0.29537
0.311668
0.2884
0.306745
0.25334
0.317328
0.323699
0.296117
0.245687
0.287751
0.267064
0.333852
0.347178
0.319582
0.294845
0.283059
0.310649
0.272821
0.280234
0.281412
0.252892
0.289901
0.305541
0.264033
0.303047
0.311064
0.299739
0.325118
0.341227
0.286016
0.287375
0.283316
0.329528
0.317292
0.278265
0.31295
0.272868
0.224458
0.326702
0.271465
0.321317
0.300613
0.331633
0.276205
0.329496
0.324908
0.339305
0.311262
0.316842
0.309911
0.313801
0.281283
0.288046
0.31741
0.31173
0.289432
0.296811
0.283298
0.316853
0.333848
0.312829
0.29543
0.297014
0.272819
0.332638
0.298868
0.305817
0.264957
0.324655
0.293782
0.33316
0.293277
0.286309
0.33437
0.326691
0.318326
0.282105
0.335417
0.203863
0.330174
0.302842
0.272193
0.29549
0.316684
0.323988
0.359494
0.298052
0.332283
0.324368
0.2949
0.332621
0.272432
0.296335
0.277923
0.276028
0.268239
0.302583
0.316832
0.326064
0.31074
0.319018
0.288782
0.239896
0.284793
0.300265
0.309634
0.343101
0.32967
0.281513
0.298476
0.299128
0.268571
0.300867
0.304987
0.302472
0.234992
0.271268
0.281314
0.30491
0.308792
0.336945
0.290452
0.317368
0.292074
0.283721
0.275
0.309671
0.301818
0.302674
0.26569
0.307935
0.309932
0.298184
0.226588
0.304325
0.330871
0.318062
0.310217
0.340749
0.309214
0.288502
0.319045
0.286018
0.327805
0.286601
0.32523
0.272774
0.33208
0.324949
0.229299
0.332466
0.251048
0.306601
0.295775
0.294024
0.260937
0.332421
0.28795
0.287996
0.294021
0.359979
0.315789
0.328701
0.324074
0.299262
0.275229
0.267857
0.311975
0.305882
0.282723
0.248144
0.288462
0.297861
0.299426
0.323529
0.260389
0.286355
0.347555
0.273766
0.257833
0.307692
0.2827
0.316588
0.278334
0.283039
0.320041
0.317781
0.309237
0.264944
0.309364
0.325245
0.313923
0.299686
0.327264
0.324742
0.274327
0.326733
0.300107
0.277576
0.314973
0.296559
0.298017
0.305865
0.283271
0.347274
0.343291
0.319183
0.301218
0.306426
0.294242
0.316887
0.303646
0.296748
0.317493
0.3
0.283885
0.291987
0.30456
0.306112
0.288729
0.298576
0.307566
0.299363
0.296842
0.287381
0.277426
0.301673
0.314648
0.343932
0.330773
0.326282
0.300572
0.287261
0.306736
0.265048
0.301751
0.297086
0.305614
0.282632
0.335291
0.304223
0.271975
0.328595
0.2678
0.264966
0.288866
0.330164
0.28855
0.297516
0.314359
0.250526
0.287144
0.318376
0.300955
0.219512
0.28169
0.178571
0.297639
0.32126
0.302508
0.320296
0.300261
0.332317
0.285488
0.306535
0.314226
0.331776
0.292339
0.252586
0.322819
0.329665
0.312826
0.326994
0.319006
0.297326
0.25303
0.289375
0.328549
0.322016
0.308568
0.292657
0.300462
0.266217
0.230224
0.266453
0.271618
0.312434
0.300149
0.318542
0.3472
0.296122
0.277748
0.291856
0.303253
0.28435
0.348315
0.316842
0.341942
0.326882
0.287435
0.325459
0.285059
0.302516
0.343962
0.292364
0.325103
0.294945
0.205845
0.295987
0.282038
0.331944
0.302723
0.239874
0.274743
0.326176
0.274479
0.331038
0.315451
0.32345
0.319625
0.316507
0.266919
0.26489
0.283077
0.307491
0.283889
0.333333
0.320146
0.28489
0.284893
0.285567
0.304233
0.284532
0.282183
0.312241
0.261339
0.265306
0.321668
0.310617
0.320404
0.264251
0.336483
0.336534
0.289299
0.323347
0.28579
0.289083
0.324881
0.309859
0.313747
0.340982
0.307895
0.6
0.291848
0.298219
0.292341
0.248975
0.278766
0.268595
0.310252
0.306112
0.315761
0.253132
0.287487
0.316327
0.282507
0.319836
0.287134
0.290494
0.329821
0.328601
0.290685
0.330823
0.264151
0.292077
0.303852
0.322934
0.285328
0.32224
0.273393
0.27452
0.337173
0.319936
0.323264
0.304164
0.322581
0.316624
0.302766
0.30332
0.297414
0.308732
0.344645
0.303401
0.310789
0.287047
0.350774
0.248657
0.319664
0.317227
0.308596
0.302791
0.274909
0.238813
0.312973
0.300817
0.289105
0.271486
0.277463
0.290835
0.317113
0.256934
0.325321
0.258774
0.227968
0.304236
0.300971
0.305139
0.296799
0.279536
0.337375
0.328767
0.281929
0.289351
0.260411
0.262994
0.266735
0.267544
0.27901
0.292476
0.340311
0.348291
0.284595
0.313916
0.311216
0.310443
0.285344
0.301505
0.338014
0.308186
0.201152
0.31509
0.306543
0.321279
0.315846
0.309204
0.311053
0.284465
0.273829
0.315109
0.242658
0.325144
0.316289
0.32509
0.335577
0.274098
0.2701
0.317267
0.293388
0.329203
0.326419
0.278029
0.28308
0.243411
0.283885
0.29433
0.342177
0.267591
0.329799
0.288298
0.311017
0.304371
0.233386
0.329957
0.238291
0.276978
0.330649
0.299948
0.336968
0.287871
0.282976
0.300108
0.277197
0.309926
0.316013
0.290339
0.320424
0.263946
0.295812
0.267539
0.30646
0.28438
0.295782
0.318515
0.290678
0.292956
0.267204
0.267488
0.277509
0.273067
0.35718
0.325013
0.320844
0.312326
0.297619
0.312403
0.235572
0.289404
0.287344
0.290005
0.328216
0.307139
0.280911
0.306081
0.307568
0.326005
0.257113
0.300262
0.271452
0.299383
0.302463
0.284858
0.329004
0.319369
0.273018
0.260339
0.318681
0.277228
0.229794
0.281218
0.277778
0.314985
0.290155
0.277955
0.276692
0.294118
0.284277
0.30349
0.31295
0.302932
0.344715
0.28754
0.283384
0.318326
0.267696
0.298484
0.298046
0.311932
0.249466
0.291221
0.264873
0.319689
0.29147
0.313486
0.32532
0.298546
0.295407
0.302738
0.305112
0.269623
0.240188
0.372263
0.286014
0.305286
0.296316
0.303236
0.268695
0.271368
0.288937
0.285943
0.258365
0.342857
0.283177
0.289377
0.282051
0.341615
0.31741
0.298794
0.238095
0.298596
0.301988
0.241306
0.338974
0.285122
0.273561
0.310731
0.256909
0.355987
0.261294
0.29716
0.298749
0.295564
0.332799
0.307692
0.285488
0.339426
0.258397
0.354232
0.304571
0.306101
0.317174
0.306562
0.282371
0.288681
0.299895
0.325782
0.337158
0.300613
0.28072
0.274714
0.293467
0.248074
0.291864
0.27014
0.335124
0.298832
0.280172
0.3125
0.295529
0.309462
0.267568
0.262637
0.306999
0.329886
0.312203
0.307091
0.320492
0.316284
0.313309
0.274322
0.307855
0.287118
0.31128
0.279809
0.285199
0.317962
0.293333
0.303437
0.306926
0.310992
0.294839
0.294885
0.295584
0.310273
0.32652
0.28883
0.325717
0.338358
0.302824
0.277522
0.317863
0.282405
0.320664
0.340447
0.301975
0.257732
0.30896
0.297988
0.343511
0.308583
0.290272
0.269807
0.260352
0.306765
0.268603
0.305614
0.245005
0.293001
0.293175
0.291688
0.309486
0.237705
0.292211
0.294721
0.313819
0.335736
0.313766
0.304233
0.347056
0.321796
0.216855
0.296916
0.313259
0.295419
0.297452
0.32516
0.303864
0.317333
0.285037
0.281548
0.293651
0.281428
0.298958
0.294852
0.289809
0.31499
0.307812
0.33752
0.260383
0.307965
0.313505
0.303711
0.288949
0.30071
0.296709
0.28174
0.386667
0.328745
0.30095
0.323749
0.293622
0.306502
0.309368
0.223416
0.302772
0.288136
0.297297
0.352172
0.333513
0.318598
0.281469
0.308808
0.340826
0.324777
0.265952
0.310769
0.25105
0.291932
0.281234
0.295156
0.284715
0.299414
0.323855
0.333508
0.265531
0.294178
0.258612
0.344961
0.291363
0.294681
0.273166
0.259073
0.315599
0.333857
0.332805
0.272871
0.291582
0.282597
0.311424
0.278841
0.322703
0.321814
0.283029
0.351408
0.287037
0.311839
0.302362
0.316456
0.300647
0.32951
0.31907
0.32335
0.273495
0.312702
0.294056
0.328482
0.329004
0.3
0.30347
0.249868
0.299075
0.30893
0.260274
0.33028
0.273657
0.311355
0.303365
0.326468
0.338259
0.333333
0.286885
0.317743
0.327678
0.259671
0.314271
0.264042
0.346971
0.29234
0.276995
0.285106
0.268101
0.297941
0.2672
0.2875
0.305005
0.298516
0.322007
0.316983
0.341939
0.298921
0.243711
0.315845
0.252165
0.332645
0.260799
0.335635
0.288817
0.270951
0.275955
0.306468
0.279582
0.288403
0.300378
0.27557
0.321153
0.282807
0.259318
0.313573
0.313777
0.3087
0.300796
0.291159
0.293404
0.326389
0.329606
0.258873
0.320041
0.288055
0.310469
0.272823
0.255601
0.315068
0.318416
0.316694
0.290305
0.334946
0.28984
0.34188
0.295818
0.291833
0.272035
0.316931
0.288403
0.316149
0.259202
0.28175
0.329902
0.337131
0.307375
0.330435
0.311255
0.311017
0.289137
0.305103
0.239781
0.311077
0.335025
0.303063
0.273155
0.263025
0.335104
0.313147
0.315464
0.259625
0.278184
0.28852
0.312038
0.264925
0.295652
0.229586
0.298708
0.326475
0.268649
0.300308
0.304253
0.28817
0.294699
0.268991
0.295023
0.289406
0.290045
0.252648
0.313173
0.247283
0.242179
0.303249
0.332649
0.306558
0.289239
0.339362
0.292198
0.291817
0.322092
0.273241
0.276186
0.2992
0.327457
0.290479
0.280021
0.301612
0.275989
0.328571
0.293897
0.319217
0.339108
0.29052
0.259397
0.287166
0.294648
0.331781
0.307977
0.30016
0.336463
0.296095
0.291621
0.31418
0.289274
0.283289
0.326371
0.316806
0.312245
0.231332
0.246277
0.302432
0.291601
0.326176
0.297046
0.320144
0.32345
0.306338
0.309586
0.290323
0.356484
0.329534
0.329876
0.313977
0.267296
0.325344
0.281705
0.319728
0.295752
0.293233
0.297851
0.284199
0.323363
0.27619
0.299896
0.287741
0.25334
0.294301
0.317777
0.295046
0.326355
0.273927
0.319363
0.285189
0.338869
0.297503
0.331754
0.319474
0.304859
0.276486
0.28579
0.324557
0.338013
0.317857
0.332653
0.331395
0.300643
0.259774
0.327869
0.279497
0.332985
0.283784
0.287879
0.283219
0.343816
0.321631
0.325949
0.34019
0.328995
0.338912
0.266129
0.269231
0.336544
0.305729
0.2944
0.34122
0.295187
0.314891
0.31641
0.331768
0.307018
0.284298
0.317653
0.301242
0.291247
0.316728
0.302806
0.300364
0.332501
0.330169
0.305882
0.241877
0.325173
0.315119
0.28746
0.3491
0.262146
0.317221
0.28909
0.332139
0.288969
0.296238
0.314224
0.309415
0.333863
0.289848
0.327378
0.248021
0.269889
0.211652
0.330247
0.276809
0.334328
0.285095
0.281267
0.331423
0.288081
0.293478
0.320084
0.332621
0.304734
0.326913
0.315148
0.260593
0.318565
0.25924
0.314739
0.242503
0.283123
0.291206
0.342009
0.334726
0.326132
0.26569
0.294521
0.303911
0.273624
0.341489
0.295302
0.273016
0.312564
0.286621
0.335913
0.274571
0.290408
0.340648
0.307774
0.307112
0.272326
0.261762
0.299892
0.306025
0.325027
0.319394
0.264691
0.270437
0.319545
0.330108
0.344573
0.270372
0.276349
0.255364
0.319237
0.323103
0.326832
0.286364
0.294238
0.267666
0.294472
0.290728
0.318085
0.317617
0.279564
0.29557
0.265782
0.290016
0.282078
0.330472
0.342708
0.312664
0.340688
0.348428
0.312932
0.324594
0.268199
0.309091
0.242759
0.277959
0.250792
0.324252
0.295974
0.304325
0.283107
0.296998
0.272678
0.300792
0.294532
0.287201
0.323406
0.266138
0.319937
0.271892
0.296858
0.270582
0.310106
0.302045
0.327014
0.315142
0.321735
0.288531
0.292187
0.331913
0.324597
0.314342
0.300787
0.336429
0.304348
0.298343
0.288993
0.32188
0.318397
0.29937
0.311227
0.250259
0.298343
0.291339
0.328447
0.344468
0.298905
0.270124
0.304865
0.297098
0.292276
0.296859
0.262648
0.283204
0.35
0.279154
0.307154
0.305931
0.290016
0.289362
0.371875
0.298768
0.299482
0.296797
0.321298
0.287032
0.288584
0.312693
0.311077
0.258891
0.322495
0.278015
0.289673
0.331609
0.307379
0.298137
0.299208
0.282929
0.246832
0.348659
0.327024
0.287762
0.311224
0.319048
0.280181
0.268112
0.335996
0.337442
0.312401
0.287942
0.277395
0.286996
0.323391
0.310308
0.303079
0.286311
0.292463
0.313799
0.324324
0.294022
0.280935
0.295099
0.263129
0.334572
0.298117
0.282741
0.351512
0.284103
0.343527
0.270411
0.307103
0.313746
0.311192
0.251603
0.240164
0.274268
0.29262
0.280258
0.304069
0.314096
0.33
0.269628
0.322647
0.278976
0.25968
0.343492
0.324962
0.330377
0.305938
0.296533
0.294213
0.3229
0.31881
0.282079
0.247806
0.295432
0.251669
0.286998
0.271259
0.329224
0.316761
0.308655
0.262178
0.315646
0.278856
0.313941
0.296646
0.287474
0.255097
0.302624
0.218061
0.292776
0.21436
0.280876
0.30861
0.300945
0.271375
0.276295
0.304692
0.33535
0.29156
0.292463
0.277077
0.26015
0.292053
0.315119
0.332804
0.29714
0.307613
0.321465
0.267793
0.329328
0.304325
0.235118
0.270397
0.290977
0.337838
0.313942
0.262967
0.345814
0.307899
0.288936
0.215065
0.317283
0.283448
0.264111
0.340118
0.26919
0.263242
0.245114
0.292774
0.260031
0.331269
0.321998
0.29074
0.266094
0.303885
0.3
0.294148
0.282427
0.227081
0.290206
0.331053
0.280208
0.314433
0.277662
0.309688
0.36
0.281926
0.302251
0.320424
0.280639
0.277285
0.268553
0.316701
0.261586
0.230975
0.314825
0.290986
0.275687
0.280749
0.278846
0.315148
0.289676
0.322778
0.32246
0.320248
0.307095
0.340271
0.253894
0.328826
0.291221
0.295348
0.266389
0.307858
0.309935
0.299637
0.320805
0.319786
0.294536
0.330329
0.306112
0.332103
0.311331
0.312565
0.288864
0.297906
0.340052
0.265327
0.313362
0.343992
0.307899
0.297782
0.259526
0.28716
0.306089
0.271835
0.31069
0.293994
0.292308
0.315876
0.29368
0.276574
0.303927
0.332982
0.266802
0.235106
0.290638
0.309735
0.28415
0.279835
0.311158
0.33119
0.329563
0.319229
0.280647
0.255091
0.343932
0.292542
0.305112
0.288945
0.291509
0.307975
0.260106
0.237224
0.295897
0.331763
0.269369
0.267829
0.321653
0.290919
0.324353
0.340481
0.323545
0.275703
0.2589
0.271733
0.281352
0.31164
0.207324
0.296407
0.304987
0.311518
0.297543
0.280507
0.314417
0.327132
0.29304
0.324987
0.28172
0.281579
0.340174
0.288127
0.305441
0.307251
0.347663
0.239775
0.313283
0.27044
0.30664
0.27798
0.315423
0.33502
0.242682
0.314923
0.287206
0.304859
0.286746
0.335635
0.326203
0.307335
0.342841
0.33316
0.279526
0.308714
0.299639
0.328548
0.29907
0.308017
0.28881
0.296737
0.331593
0.267526
0.337253
0.271277
0.297101
0.299627
0.305139
0.244822
0.327895
0.3111
0.323269
0.223433
0.305794
0.316981
0.294545
0.280541
0.33587
0.280295
0.313386
0.328017
0.33027
0.291889
0.317368
0.320219
0.265079
0.319372
0.279435
0.24375
0.292683
0.293131
0.33263
0.265816
0.302301
0.255838
0.295615
0.340104
0.289337
0.348789
0.275146
0.280935
0.2881
0.317928
0.3
0.285037
0.324552
0.318204
0.306503
0.330556
0.280911
0.281705
0.314815
0.273879
0.267658
0.30172
0.32865
0.320635
0.323794
0.312008
0.302857
0.268394
0.328031
0.326774
0.341908
0.299629
0.329039
0.323825
0.330317
0.26487
0.338919
0.292823
0.314433
0.293668
0.303824
0.260433
0.354992
0.26629
0.334898
0.261995
0.29519
0.280952
0.339478
0.345142
0.24061
0.294118
0.297904
0.328444
0.277481
0.311194
0.286691
0.348751
0.28594
0.340897
0.300834
0.318693
0.287887
0.274934
0.355592
0.328704
0.317375
0.325545
0.303553
0.333516
0.297134
0.315046
0.296883
0.317792
0.262303
0.300852
0.319283
0.3085
0.286738
0.319127
0.321653
0.294933
0.280833
0.327448
0.298764
0.329641
0.308909
0.264598
0.306443
0.300405
0.266528
0.299417
0.269392
0.243229
0.31875
0.324503
0.281067
0.292111
0.315457
0.28094
0.261769
0.318158
0.287228
0.298515
0.290851
0.303758
0.312831
0.329766
0.28671
0.329776
0.311295
0.29057
0.287278
0.320398
0.291945
0.296012
0.313152
0.317781
0.304207
0.274869
0.254763
0.255647
0.305556
0.227108
0.258342
0.287561
0.346674
0.310039
0.32218
0.324055
0.336968
0.251737
0.291068
0.344701
0.300871
0.268057
0.288344
0.322418
0.319293
0.302313
0.302824
0.293131
0.313808
0.318653
0.29734
0.304029
0.340292
0.29891
0.32495
0.276161
0.319735
0.299012
0.34305
0.311828
0.26893
0.34577
0.27624
0.289234
0.330871
0.342516
0.32154
0.326727
0.312049
0.26607
0.255658
0.333686
0.331377
0.328859
0.347368
0.287467
0.318448
0.293812
0.305167
0.290027
0.315818
0.33847
0.322928
0.318182
0.315408
0.332109
0.333509
0.305997
0.292054
0.313736
0.329338
0.320935
0.297311
0.320492
0.344809
0.321067
0.285789
0.300482
0.284862
0.271975
0.293905
0.287781
0.296941
0.281363
0.301463
0.285049
0.333502
0.287634
0.344609
0.309748
0.282299
0.317328
0.307652
0.298387
0.308824
0.357619
0.291952
0.257855
0.304258
0.288762
0.324294
0.297283
0.337762
0.289623
0.299683
0.279516
0.28234
0.309386
0.286236
0.337228
0.315223
0.290512
0.317333
0.332244
0.293299
0.352972
0.288697
0.305286
0.277806
0.348072
0.331414
0.299894
0.304371
0.310622
0.305924
0.313636
0.32428
0.319685
0.328
0.263269
0.297694
0.327533
0.320623
0.296703
0.292257
0.302776
0.341031
0.313516
0.268141
0.278604
0.219251
0.247952
0.308556
0.335933
0.322301
0.329229
0.281929
0.320975
0.31449
0.327151
0.307032
0.273778
0.304212
0.288947
0.295108
0.286569
0.296453
0.313757
0.275611
0.271773
0.270341
0.33119
0.321308
0.284091
0.294021
0.306478
0.325922
0.272481
0.271574
0.300885
0.332111
0.311805
0.288853
0.313923
0.345257
0.327282
0.305716
0.318551
0.305392
0.296692
0.314795
0.290881
0.292082
0.296731
0.332448
0.320627
0.28305
0.282839
0.290679
0.30211
0.273454
0.26931
0.279876
0.313639
0.301253
0.319752
0.349329
0.291777
0.291126
0.229963
0.276827
0.322667
0.325434
0.320492
0.334011
0.317647
0.349567
0.262526
0.305556
0.303681
0.31906
0.341016
0.308455
0.284823
0.308673
0.304138
0.289979
0.31532
0.260578
0.309245
0.315734
0.326702
0.307087
0.274327
0.311709
0.311111
0.280339
0.340968
0.282999
0.248904
0.254747
0.328093
0.317427
0.334192
0.311817
0.319006
0.342559
0.283654
0.280456
0.318367
0.275078
0.304238
0.284803
0.278075
0.270461
0.275826
0.230933
0.330174
0.286547
0.326873
0.293655
0.34655
0.238522
0.253875
0.284451
0.31499
0.28797
0.321649
0.300467
0.304921
0.292818
0.321882
0.318699
0.313788
0.281513
0.269942
0.310078
0.336207
0.301192
0.325225
0.320872
0.254912
0.330587
0.315844
0.281106
0.276804
0.330138
0.259747
0.275196
0.253132
0.306795
0.27732
0.287257
0.278663
0.239877
0.307203
0.296177
0.341089
0.322785
0.306427
0.310106
0.205263
0.27334
0.277551
0.311555
0.284329
0.268151
0.288969
0.319805
0.327273
0.327878
0.278749
0.280693
0.315789
0.314815
0.264324
0.274838
0.331741
0.291732
0.280127
0.306771
0.311424
0.292261
0.323432
0.300532
0.330097
0.242655
0.300368
0.286159
0.274973
0.33229
0.259318
0.310143
0.294643
0.267159
0.278583
0.321429
0.341387
0.333511
0.316332
0.296296
0.301391
0.30599
0.273009
0.308846
0.316475
0.293873
0.321353
0.319401
0.297019
0.308045
0.318157
0.293994
0.262355
0.292283
0.291755
0.302564
0.300787
0.3
0.278644
0.257592
0.325738
0.295478
0.298264
0.304325
0.276294
0.295442
0.302791
0.28953
0.300876
0.307377
0.237991
0.300538
0.309524
0.314815
0.308901
0.308042
0.297619
0.340957
0.28811
0.289343
0.260238
0.320082
0.289107
0.289419
0.288021
0.328671
0.317722
0.333687
0.311799
0.309748
0.308986
0.308482
0.3193
0.267987
0.289075
0.306785
0.3072
0.282316
0.309082
0.334542
0.337609
0.319502
0.281049
0.324633
0.266562
0.28368
0.277897
0.295983
0.31928
0.292784
0.330561
0.267974
0.296066
0.296216
0.319415
0.304
0.324479
0.306936
0.314884
0.28915
0.30914
0.243045
0.326944
0.32342
0.339869
0.302983
0.297964
0.303389
0.323004
0.286772
0.301916
0.316658
0.29704
0.285638
0.332976
0.27689
0.324282
0.323174
0.30605
0.33089
0.340791
0.302757
0.262225
0.287602
0.316043
0.299686
0.267748
0.333676
0.278453
0.306302
0.351053
0.340448
0.336603
0.315595
0.290373
0.326695
0.299843
0.307362
0.281135
0.31396
0.328912
0.293021
0.276818
0.326256
0.354855
0.295491
0.341831
0.334158
0.293122
0.32
0.326052
0.337719
0.277597
0.32253
0.275583
0.24643
0.271033
0.300265
0.291948
0.330055
0.288072
0.305234
0.262605
0.252742
0.3
0.277165
0.294549
0.279008
0.306777
0.279812
0.30387
0.270492
0.342919
0.296434
0.27895
0.333862
0.234667
0.304705
0.320248
0.339703
0.237013
0.297985
0.339532
0.272293
0.272119
0.278644
0.322078
0.310524
0.290798
0.291033
0.296217
0.306059
0.269515
0.280443
0.304538
0.323951
0.297326
0.26087
0.282403
0.296033
0.344086
0.278556
0.268432
0.312238
0.314054
0.242122
0.339266
0.295116
0.300104
0.282979
0.319728
0.279587
0.304145
0.28995
0.314344
0.256881
0.288949
0.273344
0.33315
0.322749
0.272823
0.25924
0.280945
0.320439
0.333683
0.279979
0.275844
0.267546
0.282373
0.304462
0.325413
0.306525
0.302508
0.296316
0.321372
0.265836
0.306762
0.304348
0.3024
0.312877
0.293962
0.281349
0.28856
0.316469
0.313488
0.335272
0.316272
0.272378
0.314164
0.33092
0.32113
0.332491
0.289377
0.300264
0.302548
0.273011
0.326933
0.314729
0.317901
0.273454
0.273355
0.291756
0.287086
0.273009
0.295918
0.34122
0.304976
0.316213
0.294488
0.341286
0.314696
0.320237
0.312398
0.339821
0.320704
0.333851
0.310255
0.340692
0.310995
0.321569
0.303876
0.2699
0.291384
0.323664
0.322477
0.274262
0.315385
0.327678
0.303543
0.260092
0.304872
0.303062
0.304039
0.288597
0.209578
0.348233
0.283646
0.324759
0.303996
0.284408
0.298947
0.296985
0.347826
0.278455
0.293175
0.323929
0.290456
0.24667
0.320234
0.305753
0.316562
0.295073
0.302603
0.259141
0.326663
0.308302
0.252066
0.328045
0.289755
0.29397
0.311892
0.321858
0.296506
0.270314
0.227433
0.245019
0.318856
0.301115
0.325653
0.338718
0.324919
0.283177
0.322949
0.307219
0.319577
0.338912
0.31943
0.299945
0.283542
0.302639
0.298396
0.342667
0.20326
0.282051
0.290373
0.353529
0.329167
0.250813
0.300976
0.282419
0.277426
0.296703
0.286164
0.310069
0.298925
0.342917
0.32406
0.295974
0.277689
0.30162
0.286165
0.289529
0.342009
0.255016
0.314618
0.291159
0.298694
0.342271
0.329705
0.263757
0.306723
0.324296
0.343528
0.24566
0.317435
0.297521
0.270241
0.30817
0.348788
0.340011
0.270701
0.264387
0.322113
0.331092
0.315068
0.306915
0.264493
0.300214
0.337514
0.284211
0.279154
0.291886
0.329957
0.299564
0.369191
0.309867
0.314961
0.289973
0.2923
0.29515
0.30317
0.297312
0.302772
0.273732
0.2912
0.28262
0.29573
0.341388
0.295394
0.332155
0.255034
0.322765
0.310578
0.311458
0.32846
0.336831
0.29771
0.334551
0.303325
0.284497
0.337802
0.314224
0.334906
0.259989
0.274731
0.315874
0.322288
0.301867
0.324254
0.298282
0.252006
0.286965
0.318086
0.296727
0.271875
0.288889
0.3024
0.320611
0.30266
0.298337
0.296651
0.319764
0.30536
0.2951
0.307937
0.234146
0.285642
0.274973
0.253883
0.340561
0.276712
0.305188
0.3111
0.281218
0.306781
0.274749
0.297425
0.284977
0.303996
0.289042
0.310825
0.282586
0.276607
0.284683
0.282656
0.297109
0.274617
0.311146
0.299534
0.301595
0.328487
0.294365
0.294118
0.307154
0.302225
0.276733
0.320861
0.287313
0.332078
0.298661
0.243636
0.26876
0.311955
0.317339
0.285863
0.302099
0.27619
0.314286
0.293305
0.255365
0.296356
0.318757
0.364706
0.291601
0.283756
0.330087
0.317368
0.351792
0.275826
0.308986
0.302276
0.278807
0.308707
0.31674
0.332806
0.257858
0.303704
0.26003
0.315422
0.283315
0.302869
0.307733
0.278887
0.308426
0.258338
0.310473
0.338028
0.279372
0.309284
0.350589
0.287854
0.29879
0.319437
0.310776
0.288889
0.322182
0.267294
0.255091
0.335774
0.268421
0.286092
0.320313
0.215909
0.293836
0.298667
0.303859
0.294147
0.292812
0.266385
0.305966
0.313636
0.272277
0.248753
0.256876
0.291288
0.272392
0.334578
0.328283
0.318376
0.300756
0.27047
0.32241
0.302513
0.32667
0.309794
0.293103
0.338761
0.315682
0.338174
0.285943
0.304162
0.302998
0.267016
0.300728
0.281133
0.307342
0.331633
0.340345
0.293347
0.292876
0.307935
0.264615
0.286188
0.326455
0.300613
0.306716
0.268331
0.297425
0.337043
0.327171
0.318704
0.219149
0.299842
0.313819
0.328211
0.280354
0.275628
0.297594
0.258013
0.277013
0.292428
0.293873
0.29785
0.344086
0.279486
0.323142
0.316033
0.255183
0.333517
0.333333
0.302639
0.271649
0.322061
0.29199
0.301319
0.258373
0.334571
0.269533
0.280847
0.296791
0.319685
0.34481
0.309082
0.31122
0.303784
0.2951
0.296633
0.293806
0.289017
0.287278
0.309487
0.330352
0.313241
0.290476
0.334033
0.335813
0.302575
0.29424
0.307091
0.25752
0.296771
0.267991
0.270921
0.325895
0.332625
0.301729
0.290625
0.274031
0.327727
0.300876
0.288795
0.278247
0.320192
0.274426
0.313789
0.300623
0.286314
0.296641
0.345853
0.247599
0.307377
0.284982
0.302666
0.30634
0.317009
0.280231
0.285328
0.283086
0.324534
0.332637
0.276135
0.284902
0.282237
0.310202
0.302198
0.307692
0.331012
0.342766
0.253049
0.295829
0.298374
0.309777
0.323344
0.321851
0.254211
0.261233
0.332618
0.292158
0.33589
0.288004
0.335046
0.329375
0.285483
0.298755
0.303916
0.322529
0.325545
0.295091
0.271305
0.305191
0.258014
0.327438
0.276288
0.304563
0.32839
0.280811
0.285789
0.3423
0.292608
0.299898
0.310094
0.241034
0.311406
0.301877
0.315464
0.334353
0.283709
0.267269
0.221378
0.284779
0.262781
0.231892
0.307735
0.332638
0.326276
0.291889
0.268773
0.339388
0.275735
0.325557
0.264326
0.304414
0.325886
0.267857
0.269767
0.334527
0.274678
0.345659
0.292987
0.24385
0.308024
0.261547
0.30836
0.305946
0.340659
0.292117
0.286846
0.319894
0.272821
0.303609
0.297569
0.331954
0.281712
0.265124
0.266839
0.299476
0.276707
0.321827
0.292658
0.316995
0.336746
0.341667
0.269867
0.337992
0.324865
0.326146
0.283317
0.278995
0.317501
0.279156
0.311111
0.264706
0.291092
0.323967
0.225806
0.331266
0.30915
0.319958
0.337084
0.296046
0.334831
0.323849
0.296908
0.334204
0.283136
0.301471
0.322193
0.324739
0.275844
0.317888
0.283133
0.299748
0.314455
0.259585
0.309753
0.32102
0.257233
0.324808
0.350136
0.326641
0.276006
0.277492
0.336418
0.28252
0.2875
0.316685
0.315789
0.27673
0.310032
0.320329
0.317124
0.332634
0.295184
0.285027
0.279765
0.316294
0.33245
0.264472
0.271474
0.298545
0.247925
0.321631
0.375635
0.3088
0.290654
0.305584
0.281084
0.280211
0.321338
0.314537
0.331175
0.307325
0.304579
0.310594
0.303323
0.326403
0.29703
0.329406
0.33119
0.311321
0.306511
0.281099
0.323498
0.328439
0.328668
0.323661
0.318602
0.278265
0.325644
0.283351
0.285638
0.285027
0.283058
0.25325
0.270552
0.307895
0.314718
0.252567
0.335044
0.319115
0.327558
0.32093
0.331383
0.33971
0.283443
0.322922
0.267436
0.301715
0.305828
0.332468
0.344193
0.327843
0.283039
0.295971
0.320693
0.313247
0.270313
0.335052
0.263903
0.289655
0.299683
0.3264
0.299793
0.293899
0.234358
0.25
0.29717
0.300474
0.319825
0.323045
0.318452
0.348509
0.246292
0.347611
0.294462
0.319577
0.276302
0.313736
0.275718
0.283456
0.303991
0.323785
0.218452
0.303797
0.324422
0.276696
0.302686
0.323733
0.330164
0.335173
0.309499
0.321281
0.284256
0.299323
0.262513
0.303743
0.324823
0.29927
0.324906
0.304087
0.305076
0.301249
0.342814
0.327749
0.330504
0.281813
0.309698
0.304772
0.336842
0.290255
0.279483
0.320333
0.340402
0.283651
0.334534
0.299542
0.30292
0.280778
0.341336
0.325186
0.316354
0.290512
0.257932
0.313746
0.347731
0.283428
0.322564
0.326194
0.305946
0.282158
0.295753
0.306273
0.273778
0.29334
0.328318
0.275737
0.331516
0.268548
0.268154
0.279519
0.276023
0.275393
0.294275
0.287582
0.280693
0.293455
0.272189
0.286809
0.329835
0.273865
0.341701
0.323452
0.31013
0.332119
0.337113
0.348469
0.26435
0.276112
0.300364
0.33613
0.318352
0.28735
0.334031
0.28319
0.290843
0.29958
0.284574
0.237972
0.331126
0.2566
0.30294
0.263476
0.293112
0.313034
0.300292
0.274754
0.247161
0.311987
0.303226
0.320333
0.283938
0.230729
0.288144
0.33039
0.320279
0.315927
0.325039
0.293067
0.333333
0.293168
0.302575
0.315625
0.301554
0.287406
0.344663
0.322682
0.307099
0.304574
0.277947
0.27728
0.323222
0.272254
0.334933
0.337143
0.276295
0.249363
0.294271
0.342285
0.328248
0.246325
0.313376
0.277604
0.299366
0.278634
0.293277
0.322949
0.323045
0.309511
0.243488
0.313241
0.242887
0.326733
0.248829
0.325118
0.296021
0.323372
0.345407
0.271003
0.310127
0.318557
0.337507
0.319271
0.326801
0.286486
0.298452
0.318206
0.229794
0.287585
0.288391
0.336639
0.260373
0.307692
0.274909
0.301967
0.321448
0.288092
0.305258
0.307652
0.318206
0.322289
0.279642
0.26872
0.206025
0.314653
0.254581
0.323849
0.28006
0.293094
0.308673
0.333333
0.335635
0.284188
0.311743
0.337984
0.245754
0.246926
0.342304
0.300267
0.25661
0.293158
0.278335
0.29554
0.313241
0.339826
0.315258
0.311365
0.327613
0.328982
0.302905
0.280921
0.274159
0.335491
0.338633
0.267903
0.297895
0.337905
0.309214
0.318182
0.322794
0.326457
0.312907
0.265698
0.289779
0.234177
0.270619
0.271967
0.341207
0.321775
0.31494
0.280788
0.268064
0.317922
0.28907
0.278135
0.260578
0.261332
0.289515
0.319876
0.291247
0.304394
0.281447
0.273879
0.310889
0.349223
0.323768
0.301494
0.272822
0.325949
0.290289
0.316764
0.261918
0.284744
0.316408
0.294792
0.323227
0.329483
0.288562
0.330645
0.316613
0.34946
0.240718
0.291426
0.337787
0.277923
0.321933
0.311484
0.306133
0.302235
0.27732
0.263607
0.273531
0.291094
0.289847
0.333333
0.312826
0.267424
0.294984
0.291559
0.294667
0.271421
0.299527
0.34026
0.266909
0.293205
0.288612
0.295833
0.300055
0.299896
0.28692
0.303191
0.286695
0.318856
0.271921
0.282898
0.289744
0.259462
0.300318
0.263186
0.265222
0.282077
0.298561
0.309674
0.286464
0.297398
0.263933
0.298742
0.324229
0.336681
0.29685
0.279774
0.366516
0.303657
0.261304
0.295116
0.294053
0.329489
0.323013
0.2892
0.29649
0.302061
0.286902
0.322006
0.240899
0.286885
0.299145
0.312369
0.326498
0.277254
0.318856
0.253436
0.288092
0.347564
0.337182
0.313788
0.312042
0.301818
0.329766
0.264121
0.311876
0.305048
0.278297
0.260274
0.291513
0.273458
0.287879
0.303401
0.304008
0.298476
0.234021
0.305149
0.285255
0.301173
0.301887
0.27954
0.291645
0.308173
0.308682
0.33853
0.318757
0.298573
0.309273
0.26489
0.296258
0.270011
0.30816
0.297382
0.331573
0.311822
0.320451
0.280711
0.336288
0.330917
0.308392
0.337609
0.326032
0.27445
0.329995
0.308909
0.327467
0.303523
0.266217
0.337634
0.276449
0.340535
0.303707
0.275254
0.286684
0.282078
0.271195
0.285106
0.289953
0.317874
0.318664
0.334184
0.312467
0.234075
0.269608
0.275648
0.289655
0.315508
0.332797
0.3069
0.302083
0.272446
0.255694
0.317518
0.284744
0.267105
0.301255
0.310452
0.329508
0.274227
0.292261
0.325545
0.259979
0.307971
0.305212
0.268036
0.283755
0.339286
0.287245
0.318348
0.250553
0.33228
0.260158
0.323253
0.294419
0.283436
0.286761
0.321503
0.270709
0.305031
0.331401
0.317925
0.29882
0.269392
0.271377
0.295466
0.310345
0.266802
0.31678
0.296084
0.287278
0.342813
0.321597
0.296892
0.275318
0.314855
0.267156
0.288877
0.278247
0.311276
0.320682
0.298274
0.310947
0.2654
0.296833
0.316173
0.295331
0.296733
0.252284
0.312332
0.315263
0.322407
0.316514
0.274801
0.313578
0.320969
0.301007
0.294239
0.302997
0.29775
0.327479
0.298991
0.295159
0.31333
0.305528
0.283129
0.288818
0.3149
0.285278
0.293839
0.275249
0.27641
0.327157
0.310566
0.333702
0.279532
0.301018
0.277538
0.342438
0.3087
0.295846
0.261658
0.300526
0.272443
0.327696
0.289446
0.28995
0.275986
0.321807
0.26947
0.301225
0.289169
0.341257
0.296238
0.291776
0.237705
0.29562
0.317009
0.261981
0.284553
0.232245
0.266809
0.280905
0.296296
0.296884
0.308869
0.25
0.282455
0.256915
0.315974
0.282483
0.276061
0.322713
0.26848
0.328624
0.31657
0.291529
0.293347
0.320313
0.328034
0.319829
0.321936
0.286467
0.328671
0.290052
0.327021
0.302375
0.29573
0.277693
0.279289
0.326749
0.335751
0.323951
0.304601
0.335251
0.31906
0.293933
0.340635
0.313653
0.336996
0.288241
0.302128
0.268977
0.326953
0.319341
0.245533
0.319937
0.289626
0.276103
0.337055
0.287425
0.299003
0.276371
0.280151
0.324208
0.270298
0.330149
0.299056
0.315648
0.303014
0.312666
0.31532
0.30061
0.286598
0.301053
0.312281
0.243444
0.31533
0.292696
0.300617
0.270557
0.284761
0.305102
0.277629
0.295057
0.256148
0.318207
0.294118
0.301312
0.322835
0.253826
0.292391
0.27133
0.28967
0.296317
0.29899
0.328296
0.321951
0.318418
0.28425
0.330684
0.299789
0.287629
0.276629
0.345232
0.278984
0.296623
0.259706
0.265957
0.386364
0.334544
0.289182
0.271302
0.317303
0.287339
0.309951
0.339369
0.304461
0.293462
0.299896
0.314113
0.303062
0.287412
0.261707
0.296883
0.32021
0.330237
0.308876
0.282839
0.2864
0.335413
0.292063
0.252654
0.292215
0.304555
0.302632
0.310362
0.249334
0.333499
0.30538
0.309415
0.311845
0.235884
0.257737
0.304143
0.321091
0.340812
0.299732
0.295947
0.298796
0.322665
0.323069
0.287721
0.285342
0.27452
0.288501
0.317994
0.283998
0.284324
0.291821
0.2448
0.298749
0.284365
0.286659
0.256186
0.324055
0.345347
0.321653
0.294118
0.318418
0.281133
0.337731
0.299799
0.290594
0.284648
0.299839
0.317343
0.310345
0.260799
0.284803
0.333862
0.297677
0.317783
0.320313
0.283473
0.259373
0.316641
0.336091
0.352665
0.279058
0.288145
0.269333
0.301349
0.30089
0.292252
0.298107
0.303079
0.289501
0.320251
0.307692
0.288697
0.321077
0.293225
0.280441
0.337852
0.326122
0.32246
0.339362
0.318403
0.301478
0.279412
0.319742
0.340506
0.290776
0.305612
0.33674
0.302922
0.311099
0.276077
0.340032
0.283574
0.327497
0.307611
0.268528
0.297993
0.328405
0.34
0.31234
0.321597
0.333506
0.301051
0.296818
0.326109
0.331598
0.32509
0.275791
0.279559
0.326425
0.324544
0.298764
0.273663
0.241379
0.331305
0.271733
0.300314
0.286621
0.286873
0.292276
0.262873
0.292348
0.292308
0.286787
0.274051
0.301328
0.330909
0.319082
0.251153
0.267215
0.279877
0.322479
0.305627
0.310941
0.311311
0.330362
0.337513
0.310768
0.339153
0.28163
0.301075
0.303738
0.267532
0.23921
0.287701
0.309948
0.297311
0.334748
0.304968
0.324019
0.322665
0.320255
0.33092
0.317105
0.265005
0.308483
0.284952
0.27296
0.289715
0.305776
0.265338
0.291802
0.321988
0.324773
0.338786
0.2736
0.322344
0.319829
0.329255
0.270633
0.318109
0.33023
0.27492
0.241607
0.275879
0.288422
0.308739
0.228088
0.325195
0.296277
0.284002
0.31333
0.287428
0.301486
0.275808
0.301527
0.268727
0.318664
0.29457
0.312369
0.320192
0.25508
0.292952
0.283847
0.305614
0.324844
0.252599
0.253312
0.290635
0.344254
0.323757
0.242678
0.260364
0.307692
0.288198
0.284227
0.267513
0.273929
0.290306
0.267008
0.314854
0.286084
0.316239
0.293903
0.286753
0.2919
0.256186
0.319172
0.248491
0.289543
0.288584
0.26931
0.317641
0.291277
0.308862
0.326271
0.29063
0.329275
0.273943
0.307112
0.280979
0.278119
0.287719
0.305291
0.315061
0.257914
0.326923
0.309586
0.298899
0.292284
0.28125
0.321862
0.31439
0.2986
0.299735
0.303279
0.328682
0.296277
0.290456
0.266667
0.294798
0.281661
0.327825
0.328718
0.284772
0.305112
0.316373
0.279008
0.297607
0.276607
0.292872
0.31087
0.313603
0.306884
0.23393
0.312004
0.269169
0.298322
0.286579
0.295892
0.321504
0.281624
0.324975
0.327869
0.321374
0.304192
0.283696
0.30855
0.321998
0.305426
0.318727
0.306186
0.34307
0.299683
0.284161
0.29898
0.28835
0.297503
0.323922
0.328549
0.318717
0.284506
0.314635
0.326355
0.284011
0.282687
0.297381
0.329424
0.297941
0.261376
0.287837
0.254912
0.30397
0.279829
0.305901
0.270637
0.297894
0.284672
0.274387
0.331078
0.301319
0.318439
0.291314
0.34502
0.282922
0.276529
0.299217
0.295029
0.296016
0.309634
0.270531
0.31011
0.347099
0.293361
0.297807
0.315177
0.337363
0.311005
0.255912
0.306631
0.33822
0.331922
0.223233
0.326299
0.307942
0.329519
0.335106
0.284008
0.315845
0.311907
0.318395
0.300154
0.318206
0.332982
0.321101
0.323002
0.265902
0.296042
0.253994
0.299603
0.336078
0.235648
0.294244
0.291539
0.263046
0.319556
0.285029
0.331234
0.219142
0.292129
0.334407
0.326488
0.296614
0.270027
0.27428
0.318979
0.285206
0.332824
0.304636
0.304348
0.306709
0.313978
0.26403
0.266142
0.339295
0.276309
0.280168
0.332989
0.298387
0.277689
0.278006
0.262061
0.306005
0.308768
0.224544
0.340083
0.32557
0.335874
0.321821
0.319105
0.249733
0.280693
0.242771
0.266735
0.320337
0.314883
0.323204
0.319714
0.323749
0.303506
0.255514
0.321359
0.254688
0.312663
0.324268
0.346339
0.319714
0.298357
0.315595
0.322949
0.303504
0.314607
0.312962
0.275644
0.298668
0.253083
0.317874
0.288229
0.305021
0.289588
0.319845
0.279404
0.277976
0.237134
0.33001
0.276288
0.308097
0.316057
0.346561
0.280431
0.26794
0.316995
0.285714
0.293864
0.292395
0.33778
0.300971
0.293048
0.322928
0.321748
0.337963
0.290323
0.277154
0.247783
0.326963
0.339946
0.297546
0.337715
0.23643
0.329094
0.317941
0.337965
0.246554
0.3125
0.291307
0.286544
0.325606
0.297861
0.280369
0.273312
0.26893
0.251613
0.296316
0.343005
0.310435
0.295861
0.309061
0.315625
0.326488
0.267127
0.267867
0.292123
0.295181
0.306517
0.303552
0.28329
0.281915
0.287066
0.307611
0.287325
0.326367
0.300945
0.27686
0.279443
0.331635
0.262766
0.33592
0.300165
0.300316
0.319205
0.271979
0.276562
0.305541
0.204082
0.349391
0.322665
0.297075
0.282575
0.336139
0.299948
0.293776
0.256867
0.299051
0.313636
0.297396
0.320981
0.293788
0.332618
0.344444
0.293939
0.266217
0.337119
0.284222
0.297929
0.248829
0.338641
0.321954
0.270601
0.288217
0.281984
0.3125
0.32457
0.314195
0.293846
0.293743
0.286234
0.260759
0.26556
0.320388
0.301205
0.316073
0.320671
0.305653
0.221394
0.299551
0.30846
0.302218
0.31623
0.237253
0.286947
0.25922
0.32398
0.282564
0.318902
0.306745
0.284156
0.323684
0.323118
0.284433
0.293326
0.303974
0.350392
0.327112
0.33972
0.315443
0.313048
0.319728
0.327112
0.34248
0.301109
0.287708
0.26606
0.327988
0.284711
0.340481
0.246753
0.302969
0.30732
0.286249
0.284375
0.350565
0.26268
0.288503
0.310209
0.24649
0.280665
0.271251
0.286657
0.244571
0.319341
0.345992
0.294992
0.303253
0.293395
0.320745
0.276562
0.260204
0.275299
0.307855
0.316832
0.316909
0.311146
0.309948
0.292695
0.316176
0.287762
0.319681
0.331016
0.30877
0.263077
0.287171
0.314855
0.276211
0.301282
0.28125
0.339937
0.247575
0.305324
0.317666
0.210635
0.326287
0.280987
0.285714
0.302289
0.343548
0.288633
0.278409
0.290357
0.297918
0.315618
0.279787
0.29675
0.317746
0.303172
0.297356
0.324182
0.273629
0.321501
0.329569
0.310634
0.31766
0.275064
0.300674
0.327302
0.30761
0.2919
0.263101
0.285183
0.299726
0.314332
0.280858
0.29879
0.28643
0.310753
0.32118
0.275225
0.245459
0.292261
0.292017
0.286385
0.342796
0.301384
0.342105
0.298366
0.302456
0.263636
0.342473
0.285037
0.246285
0.27296
0.299693
0.307971
0.30597
0.258355
0.339693
0.288984
0.316423
0.318301
0.304579
0.344474
0.261123
0.266973
0.275202
0.277662
0.328189
0.264423
0.309252
0.259671
0.28579
0.318276
0.323061
0.30235
0.318607
0.321187
0.268008
0.299735
0.274151
0.258013
0.287174
0.253391
0.282189
0.299897
0.339095
0.325949
0.349081
0.320125
0.276205
0.26911
0.329936
0.308577
0.310995
0.276883
0.293667
0.294149
0.284079
0.286544
0.364328
0.322631
0.241058
0.32545
0.27374
0.280469
0.30063
0.311111
0.34787
0.255929
0.304487
0.305793
0.31787
0.325546
0.329594
0.343127
0.327701
0.26589
0.295746
0.327935
0.310867
0.258592
0.323718
0.304527
0.315201
0.288334
0.321235
0.309372
0.282929
0.305155
0.296432
0.2896
0.294118
0.257981
0.269507
0.297574
0.290358
0.299796
0.283582
0.289715
0.258993
0.301455
0.299154
0.274307
0.314655
0.326691
0.326617
0.294643
0.301604
0.321538
0.194444
0.283881
0.299163
0.298052
0.334534
0.277837
0.296778
0.301766
0.310804
0.294118
0.271222
0.312534
0.315708
0.311695
0.322955
0.215843
0.291841
0.307809
0.337766
0.35596
0.303654
0.314255
0.277923
0.27938
0.30011
0.304143
0.307339
0.334997
0.30026
0.313084
0.327651
0.338928
0.317998
0.31195
0.353481
0.301587
0.309091
0.32093
0.329787
0.276243
0.326593
0.31071
0.254155
0.283784
0.248672
0.27297
0.257067
0.288136
0.231339
0.293895
0.339957
0.269394
0.330632
0.340694
0.317603
0.326531
0.336777
0.325509
0.263627
0.307074
0.296767
0.254467
0.307496
0.344569
0.328117
0.314554
0.326844
0.303516
0.280175
