926
786
0
0
1002
988
882
909
822
857
1033
1007
900
889
852
956
959
799
913
1001
942
1007
947
0
925
815
0
140
868
980
851
1003
0
0
0
885
948
0
931
871
799
922
993
0
934
0
1002
833
871
0
1037
1030
813
880
890
766
1008
1001
835
969
1030
856
916
945
970
0
878
1006
1016
836
995
978
860
0
1080
808
986
0
1086
198
780
0
809
0
877
919
960
910
959
811
930
0
796
1027
758
939
945
997
906
879
849
1023
0
869
815
739
0
875
998
1041
0
955
883
1002
777
942
950
954
819
1010
978
0
0
951
0
841
868
920
0
903
1012
952
877
1037
0
943
939
1009
0
954
0
0
836
1060
806
0
1006
784
0
161
992
0
0
944
1050
765
548
965
0
912
796
0
951
944
894
996
983
0
1019
998
850
1047
156
0
884
1017
925
0
851
928
873
1034
982
919
0
844
1045
900
0
943
893
951
0
901
967
967
0
0
805
953
973
0
1047
772
890
983
0
906
901
0
1013
935
813
873
1070
973
907
851
946
880
0
946
1012
1004
998
1105
963
873
0
106
948
1095
865
933
958
1002
930
0
1018
898
1036
906
987
865
0
1015
943
767
1072
1008
0
763
933
930
810
0
924
192
1103
332
983
867
846
974
871
0
929
842
1032
752
0
950
1035
935
940
925
865
940
0
926
905
830
799
0
883
0
1090
874
966
992
736
959
928
931
953
881
1008
0
985
937
1002
903
1067
826
916
960
977
875
0
947
875
972
0
869
922
1046
0
900
877
956
1022
841
0
945
864
919
898
1005
874
968
851
927
1085
0
0
914
0
715
975
951
0
818
0
0
989
817
712
1058
885
949
1018
925
0
988
927
880
1027
950
989
890
948
0
0
0
847
804
1073
997
915
780
1029
1015
1019
937
1014
1045
989
0
844
930
813
1048
899
857
1003
0
985
0
1033
946
801
1081
28
1012
958
951
897
892
986
990
964
859
865
984
1007
702
0
729
912
0
0
898
1014
906
943
786
0
0
976
736
946
1025
833
972
924
1000
885
951
961
0
968
880
0
1082
908
0
1120
0
987
922
0
1009
740
876
192
864
758
873
0
803
818
1044
963
0
912
889
1036
0
723
916
954
894
850
0
980
820
875
1005
1057
833
0
990
994
1008
953
992
1022
912
937
911
994
0
861
828
984
867
0
970
950
877
0
815
887
1060
727
994
745
847
914
1000
1096
799
0
1002
0
975
801
824
0
0
0
0
1010
84
565
907
712
894
967
0
0
983
995
0
1071
0
758
1019
845
1039
934
927
818
999
834
0
902
0
787
819
0
879
954
969
928
841
942
872
969
882
749
787
1054
925
0
859
841
0
0
0
145
0
994
802
1088
1026
998
1006
910
986
967
809
930
805
865
32
1042
789
1001
0
0
0
682
888
997
1027
1011
955
785
917
947
0
771
894
0
962
971
874
0
891
892
743
806
926
34
935
925
0
910
985
823
1062
720
888
0
923
946
991
916
863
970
959
880
979
0
1011
796
0
969
893
879
1010
730
831
0
0
963
849
841
154
659
895
787
148
0
13
925
865
1054
987
849
899
755
836
773
945
0
0
1028
0
958
949
0
990
1010
0
1027
999
994
916
867
912
908
970
878
991
1064
0
822
0
869
0
946
873
0
0
1027
932
904
0
949
1012
863
0
873
959
222
0
0
0
799
0
949
944
895
945
0
1085
0
1031
0
970
968
1019
896
827
840
929
996
1044
216
0
907
1032
0
766
0
1014
0
873
0
0
875
868
775
924
0
939
969
1012
593
0
866
1020
778
929
988
0
933
768
909
806
817
0
1033
932
835
891
991
906
856
903
834
923
973
954
1035
951
946
811
0
999
0
912
964
793
954
747
0
973
943
964
1078
599
939
1077
824
826
1041
994
1012
988
903
987
1044
0
995
839
0
1003
808
1049
874
967
947
961
0
0
0
939
0
794
911
751
894
0
838
0
901
921
771
834
697
852
558
1010
938
995
796
0
948
904
926
0
918
935
812
916
869
1061
889
846
903
1012
1045
954
779
0
845
0
0
858
781
879
844
951
855
949
1023
44
1005
0
28
0
983
976
904
0
1050
991
947
934
0
192
811
972
49
827
0
882
925
861
0
854
0
946
968
0
955
870
0
927
909
987
972
0
991
0
0
1044
902
854
937
978
939
963
0
994
843
957
864
1033
745
0
890
916
1037
891
909
1027
1049
920
874
944
861
920
1065
979
996
756
878
1074
0
0
946
991
0
1027
0
1037
0
0
1008
969
865
0
95
965
0
906
937
1022
965
1064
975
910
955
854
780
934
1027
845
824
922
925
992
0
1028
1114
936
944
1062
824
822
1008
915
42
0
874
881
0
887
853
859
1013
0
941
893
0
985
786
957
913
960
969
822
1038
0
1046
888
997
37
817
936
854
956
1015
854
887
0
983
845
968
981
823
854
934
818
828
1006
1054
841
912
823
810
1028
0
1030
977
0
995
846
0
881
768
951
0
788
790
778
0
800
778
761
1024
867
911
872
984
803
957
934
871
918
998
0
899
1056
809
908
863
975
996
881
960
930
1073
0
880
911
0
0
880
0
868
0
999
890
846
159
920
826
998
0
884
894
828
990
789
833
943
1025
0
821
984
868
935
0
957
1066
0
770
0
1015
891
0
929
892
835
863
0
0
0
864
834
979
963
0
969
1005
990
981
941
887
1029
1008
932
842
901
977
992
1001
867
0
1031
994
955
792
969
0
904
836
927
819
734
902
0
984
910
999
930
1075
944
893
1058
906
999
954
850
783
0
0
0
928
0
0
0
886
931
781
893
829
981
815
912
948
0
968
910
889
927
813
1019
0
873
894
0
1010
785
782
864
782
949
922
0
1015
1076
0
1035
992
962
822
0
960
949
0
1048
1002
0
1017
790
931
129
0
903
999
774
1002
887
0
0
752
843
792
893
1003
823
1030
912
870
877
0
1026
937
1056
862
0
790
979
805
822
808
974
926
0
0
963
0
879
806
932
0
0
923
0
918
998
0
806
915
960
1050
1002
950
898
0
0
868
0
1056
914
867
0
959
788
919
0
0
984
0
1022
0
1039
813
948
858
879
0
918
0
799
754
936
881
1006
871
1007
1040
0
1038
903
0
1012
1001
907
0
965
0
0
956
906
688
910
954
934
0
1045
955
821
775
821
984
619
950
115
845
835
0
928
920
775
975
989
936
0
802
988
0
0
975
0
786
920
0
895
0
868
796
809
934
810
1032
910
0
904
960
926
963
880
896
1004
974
1045
955
783
902
900
944
872
964
896
1022
1035
1016
950
918
0
797
992
0
0
935
1007
886
13
0
968
854
0
879
830
0
119
1059
996
0
950
1025
0
904
874
903
0
783
817
945
1022
1016
121
1045
797
994
0
1064
841
881
1054
835
929
850
796
1056
1011
843
931
941
771
907
966
778
776
1013
0
813
903
998
958
711
891
979
1011
1023
877
935
939
585
0
0
931
849
901
879
878
1039
815
1000
873
1059
0
878
997
0
852
827
970
1056
993
0
793
0
1007
1054
1032
894
896
988
0
856
848
885
0
0
0
736
766
876
95
880
14
829
832
933
988
1087
858
868
0
998
818
1000
993
945
0
981
768
786
752
1015
44
905
0
0
957
925
892
985
803
1010
1025
0
0
898
0
830
913
819
1022
936
869
776
0
1023
966
952
920
750
902
0
884
0
885
918
883
968
795
880
884
900
1095
1022
963
940
1033
918
882
879
956
994
978
0
910
865
0
0
892
892
233
975
0
18
991
1017
1010
0
865
906
733
874
839
1048
1032
951
1030
0
1034
0
0
822
0
0
955
899
763
901
959
961
951
1004
807
837
1039
0
1062
901
905
886
973
0
894
947
874
0
771
0
947
841
924
907
944
813
941
957
887
787
985
942
0
962
0
903
979
944
0
953
0
1055
919
922
826
1002
1002
0
0
879
997
948
862
0
991
959
0
0
172
0
777
853
820
907
1037
958
847
915
965
949
842
0
96
0
0
1028
952
1011
910
1042
900
1005
0
0
878
990
856
928
1058
922
920
0
0
1015
973
971
0
0
1068
884
844
839
975
984
972
1036
940
906
0
975
965
953
744
900
0
754
897
1033
0
955
0
958
0
910
857
0
653
1051
258
0
1057
986
911
760
1025
0
914
896
1042
996
981
933
1005
980
992
944
968
832
1016
905
990
0
999
950
761
919
832
947
850
910
794
976
734
953
1044
887
0
864
0
963
970
878
891
0
206
878
924
971
899
1095
644
800
965
884
1003
866
794
956
761
988
1076
1024
938
1099
808
0
991
982
0
757
991
774
932
1009
1058
914
923
973
730
0
899
909
0
0
924
1012
986
894
1005
851
867
1006
872
926
931
962
748
925
995
0
850
1011
1027
960
0
1008
889
1021
0
858
810
935
795
894
1031
882
0
1004
1008
0
792
970
0
902
944
845
20
806
0
892
993
799
792
1018
798
873
772
959
0
0
814
937
11
1069
998
1027
815
928
888
900
1021
942
884
0
1009
873
0
938
843
0
0
0
0
918
959
957
930
0
809
839
783
1006
919
0
913
800
971
876
900
0
0
992
862
855
825
719
0
0
816
890
911
1053
890
0
918
576
976
777
959
0
957
946
0
980
573
732
854
1018
796
939
0
939
1018
948
1022
967
953
964
981
701
0
913
899
1052
989
764
0
812
946
853
919
939
882
987
0
0
909
0
931
920
0
938
1002
846
964
999
1029
820
786
960
949
825
980
1006
922
782
924
1034
0
804
520
1041
0
0
865
915
1045
979
0
910
954
1014
873
866
962
959
1007
961
914
862
912
0
968
982
786
800
0
857
942
868
887
927
863
884
1014
788
868
732
994
1044
815
831
959
825
0
928
0
967
1015
1070
921
970
1018
0
0
0
875
961
1012
0
814
832
1017
0
1055
850
0
756
943
1045
937
927
1007
935
886
1053
765
973
954
834
986
920
947
817
975
804
933
0
0
962
0
972
921
871
0
959
974
873
934
906
964
1004
999
847
897
816
1030
987
0
0
870
816
922
939
931
923
874
864
1014
775
1041
816
1054
905
0
799
0
830
802
914
0
0
945
766
903
0
935
886
963
935
0
0
989
973
793
0
0
885
808
888
926
959
844
0
887
920
816
866
925
27
1024
852
872
871
0
828
0
921
999
932
997
937
863
996
968
0
873
809
1004
877
0
1038
971
0
990
0
885
912
995
330
958
807
897
1032
974
1007
944
951
840
863
896
1013
708
955
0
960
1048
955
876
928
0
964
843
870
873
1019
857
0
976
961
937
972
1012
0
117
969
878
1022
