0.45459
0.391434
0.471086
0.488867
0.424447
0.432034
0.401956
0.419892
0.475161
0.497776
0.427553
0.436855
0.417647
0.466114
0.458852
0.38506
0.439365
0.489726
0.458841
0.480898
0.457046
0.445354
0.505897
0.528302
0.411569
0.455179
0.421496
0.472445
0.433399
0.462665
0.44207
0.41221
0.378135
0.448444
0.458661
0.45012
0.45401
0.410547
0.421588
0.504869
0.484934
0.482206
0.428224
0.437561
0.366332
0.481836
0.484277
0.405537
0.467438
0.494242
0.411143
0.437649
0.47631
0.454545
0.422318
0.47723
0.483119
0.39715
0.482775
0.477772
0.424272
0.516006
0.390905
0.473811
0.502545
0.481752
0.369493
0.401888
0.423058
0.44655
0.445476
0.440039
0.447712
0.392166
0.438886
0.37406
0.505413
0.361987
0.451009
0.452803
0.457759
0.435368
0.416983
0.411138
0.499024
0.418997
0.387726
0.351905
0.428082
0.493083
0.478621
0.45563
0.444389
0.484995
0.363424
0.467494
0.446009
0.472511
0.501531
0.483716
0.456157
0.451139
0.421554
0.422179
0.444015
0.423546
0.487007
0.448633
0.430113
0.470936
0.461125
0.460972
0.489568
0.465593
0.40622
0.505725
0.390315
0.47723
0.373511
0.441096
0.468809
0.459367
0.497159
0.370281
0.354922
0.45778
0.445748
0.378687
0.460979
0.454283
0.42031
0.466948
0.48376
0.488964
0.467228
0.435897
0.506531
0.547368
0.416785
0.487302
0.439639
0.412906
0.443595
0.425439
0.497594
0.471435
0.446117
0.401905
0.493623
0.421546
0.460224
0.432446
0.476931
0.435687
0.466924
0.465575
0.492355
0.453594
0.471872
0.489939
0.378431
0.430576
0.480215
0.429791
0.43359
0.491509
0.462413
0.409366
0.40398
0.484382
0.450255
0.424427
0.418387
0.452632
0.418052
0.458556
0.477809
0.496538
0.483762
0.524691
0.450843
0.443598
0.414063
0.442164
0.526189
0.417673
0.44302
0.459914
0.486172
0.452996
0.494655
0.418648
0.490298
0.434741
0.462295
0.413876
0.483794
0.449905
0.367689
0.512673
0.490989
0.378848
0.452254
0.447546
0.402385
0.449854
0.449649
0.502506
0.529506
0.461069
0.42067
0.419851
0.473045
0.426125
0.449661
0.391082
0.484053
0.369715
0.451736
0.504632
0.442708
0.457644
0.458829
0.410342
0.458313
0.456607
0.435305
0.393925
0.372494
0.432208
0.507685
0.41619
0.479643
0.467263
0.50342
0.465986
0.435068
0.426087
0.465105
0.431863
0.499257
0.474928
0.44854
0.483824
0.436865
0.507853
0.380295
0.432892
0.45219
0.468136
0.421484
0.449028
0.410991
0.470247
0.421435
0.434496
0.50507
0.426136
0.434804
0.464754
0.498294
0.41737
0.468518
0.423529
0.440134
0.442147
0.499007
0.410714
0.470131
0.422962
0.442693
0.512034
0.424919
0.347425
0.475146
0.439058
0.390081
0.464756
0.39776
0.455826
0.488458
0.428157
0.468642
0.485455
0.43468
0.474316
0.433786
0.423688
0.48835
0.455854
0.472076
0.439289
0.452722
0.410169
0.387283
0.48552
0.486104
0.4314
0.378825
0.515015
0.489865
0.487327
0.450697
0.476728
0.502887
0.46607
0.401522
0.443491
0.394469
0.494806
0.423457
0.41421
0.471778
0.475386
0.483388
0.451121
0.38827
0.501624
0.388889
0.478713
0.475434
0.464129
0.434593
0.428229
0.473811
0.463918
0.484666
0.416182
0.426739
0.474217
0.485769
0.345472
0.366516
0.436364
0.423585
0.491756
0.422772
0.444392
0.379344
0.47633
0.361671
0.449834
0.483719
0.414016
0.458058
0.442529
0.462535
0.435317
0.456992
0.468552
0.47591
0.411792
0.507267
0.429518
0.511182
0.481229
0.442418
0.494123
0.360273
0.419942
0.417391
0.424153
0.361469
0.414333
0.391707
0.394788
0.509517
0.457917
0.43804
0.434932
0.487529
0.35063
0.443798
0.472511
0.440611
0.408065
0.478983
0.388441
0.432099
0.491443
0.495082
0.396667
0.483635
0.477655
0.483917
0.461278
0.464419
0.497808
0.458753
0.450264
0.422934
0.488933
0.402901
0.408284
0.482353
0.423754
0.470417
0.44896
0.423058
0.391263
0.416432
0.48758
0.366801
0.489414
0.356972
0.407603
0.451358
0.467946
0.5
0.391475
0.476462
0.460123
0.389024
0.404715
0.483485
0.435233
0.346839
0.457157
0.351258
0.424501
0.474951
0.473279
0.487506
0.508789
0.362333
0.497316
0.411192
0.477701
0.444762
0.434192
0.383677
0.467697
0.405642
0.441076
0.378184
0.391491
0.425048
0.464234
0.451117
0.439186
0.397448
0.451582
0.405016
0.48281
0.427948
0.369329
0.371051
0.501666
0.452323
0.420666
0.406477
0.421512
0.48417
0.393523
0.520076
0.494935
0.461183
0.484819
0.44586
0.470644
0.468508
0.383594
0.442857
0.383882
0.425689
0.533333
0.485102
0.378055
0.483341
0.419692
0.416706
0.470727
0.500731
0.498275
0.460907
0.375598
0.444068
0.460827
0.375
0.421698
0.462056
0.449954
0.419587
0.438484
0.42988
0.358937
0.483213
0.463928
0.404762
0.454545
0.439639
0.450495
0.491762
0.403234
0.494413
0.353635
0.43787
0.440153
0.453717
0.468336
0.433712
0.419951
0.477362
0.455582
0.424096
0.477096
0.49486
0.383245
0.468116
0.434127
0.409218
0.482561
0.35575
0.392537
0.484163
0.414956
0.410244
0.54417
0.367336
0.427208
0.390571
0.474359
0.40625
0.459057
0.42548
0.505031
0.478894
0.421131
0.433044
0.353134
0.394898
0.375061
0.437905
0.486512
0.465953
0.471436
0.484819
0.498028
0.487886
0.48827
0.474463
0.430451
0.40666
0.43804
0.438224
0.466346
0.440984
0.483887
0.486957
0.398836
0.41381
0.452415
0.408135
0.500487
0.447432
0.428233
0.453633
0.484907
0.393704
0.430473
0.46576
0.557789
0.396526
0.446798
0.472236
0.4268
0.441176
0.502082
0.479089
0.47996
0.460952
0.481797
0.43686
0.392874
0.399619
0.450752
0.475645
0.490832
0.503497
0.434595
0.500971
0.508295
0.490566
0.443598
0.40641
0.419729
0.359462
0.433193
0.451659
0.473145
0.484442
0.365373
0.408491
0.483183
0.386104
0.455839
0.488384
0.439472
0.37555
0.434512
0.392214
0.494852
0.492844
0.449807
0.40475
0.438484
0.474844
0.421004
0.407038
0.432264
0.402704
0.454904
0.472559
0.452347
0.500726
0.468704
0.460565
0.496936
0.477762
0.435115
0.459485
0.383462
0.458213
0.36087
0.489683
0.467526
0.470473
0.508491
0.384961
0.467629
0.50093
0.405312
0.405498
0.505831
0.481589
0.488653
0.481013
0.44703
0.473154
0.501682
0.470672
0.411073
0.475355
0.396857
0.507008
0.426758
0.461796
0.43701
0.464925
0.458272
0.481796
0.45848
0.369951
0.43377
0.410583
0.449153
0.43505
0.369076
0.412259
0.339834
0.397203
0.354286
0.482792
0.466203
0.477218
0.377251
0.448651
0.433989
0.445621
0.456036
0.443338
0.389448
0.442726
0.420213
0.49303
0.418944
0.412683
0.450599
0.478713
0.499522
0.439227
0.374519
0.408805
0.413494
0.374042
0.412482
0.412311
0.467552
0.412247
0.470268
0.493012
0.411215
0.479485
0.491228
0.471237
0.470815
0.424612
0.492495
0.473483
0.444184
0.465139
0.458234
0.386927
0.455483
0.418803
0.39381
0.418605
0.427054
0.423304
0.400375
0.444549
0.455101
0.439687
0.422741
0.441849
0.444064
0.472928
0.452725
0.466573
0.483781
0.41895
0.408612
0.457073
0.437388
0.459843
0.467022
0.494281
0.400665
0.471661
0.426877
0.498312
0.366454
0.449722
0.435775
0.503154
0.421675
0.442551
0.479682
0.491335
0.443373
0.415005
0.44931
0.425816
0.450759
0.486968
0.480845
0.495522
0.366634
0.413566
0.500699
0.470413
0.487937
0.489747
0.48892
0.485315
0.463415
0.424853
0.533708
0.464836
0.451195
0.434198
0.48505
0.470502
0.509579
0.481244
0.43666
0.457375
0.40628
0.385566
0.455832
0.489281
0.408015
0.410563
0.451961
0.417607
0.472156
0.483083
0.509141
0.463137
0.440299
0.495798
0.391449
0.402153
0.493634
0.44897
0.56
0.428641
0.419524
0.426442
0.423115
0.407109
0.474251
0.471443
0.406834
0.486901
0.379161
0.458773
0.451533
0.471281
0.453652
0.415361
0.500241
0.510244
0.433382
0.470061
0.5
0.385377
0.47561
0.4092
0.455672
0.483794
0.423821
0.421578
0.48045
0.407229
0.456388
0.454588
0.41336
0.41038
0.459872
0.395743
0.382448
0.457065
0.504548
0.408451
0.440793
0.383326
0.388117
0.500731
0.491178
0.45847
0.470894
0.395327
0.428502
0.378512
0.47337
0.374881
0.385366
0.479359
0.376117
0.48534
0.353296
0.496124
0.42836
0.43443
0.443766
0.474217
0.40291
0.463438
0.453178
0.426125
0.443907
0.477969
0.43388
0.505747
0.402287
0.435074
0.4285
0.477707
0.474964
0.420726
0.471281
0.437441
0.500934
0.453842
0.43756
0.41845
0.432056
0.464004
0.42809
0.408301
0.46087
0.427907
0.382054
0.4555
0.400725
0.426934
0.40489
0.475733
0.380975
0.416292
0.463618
0.473004
0.380621
0.480938
0.41432
0.451909
0.457676
0.507861
0.381566
0.485646
0.455056
0.432294
0.428023
0.397619
0.42914
0.413397
0.410433
0.452403
0.465442
0.471304
0.488576
0.460679
0.467143
0.450239
0.42747
0.472452
0.477273
0.447646
0.415802
0.445598
0.463253
0.483667
0.502258
0.439655
0.493301
0.475826
0.439485
0.367006
0.471074
0.440546
0.396396
0.455976
0.392617
0.366267
0.425071
0.469242
0.455912
0.48191
0.449275
0.494253
0.464567
0.426864
0.516602
0.433493
0.484012
0.44873
0.421836
0.3842
0.459406
0.42271
0.44207
0.378575
0.423022
0.407972
0.47714
0.403465
0.44684
0.455988
0.470817
0.430871
0.440099
0.445459
0.402475
0.488261
0.42317
0.438235
0.484645
0.494644
0.378143
0.414986
0.366792
0.448064
0.440516
0.488686
0.504454
0.487059
0.477842
0.449113
0.51375
0.461538
0.455156
0.505548
0.491417
0.49321
0.380539
0.449541
0.413462
0.436654
0.480288
0.361851
0.470643
0.423389
0.377321
0.404511
0.37218
0.430154
0.500249
0.394914
0.483795
0.45509
0.407876
0.441814
0.49422
0.450914
0.515122
0.416425
0.379079
0.466635
0.391156
0.387736
0.384396
0.465138
0.451487
0.473684
0.439061
0.388996
0.444021
0.460579
0.458084
0.479347
0.400199
0.438009
0.466472
0.504323
0.462604
0.454545
0.43677
0.410985
0.503097
0.443474
0.417429
0.463061
0.380309
0.440767
0.473988
0.483673
0.507077
0.405689
0.458192
0.413096
0.418571
0.434659
0.371283
0.485825
0.445714
0.43984
0.494106
0.428853
0.480668
0.509554
0.500724
0.443517
0.476684
0.481945
0.422057
0.482983
0.458953
0.44152
0.414708
0.441319
0.455587
0.450338
0.504831
0.47114
0.382394
0.373134
0.392447
0.475822
0.367577
0.452812
0.555556
0.398961
0.388553
0.436706
0.446385
0.49426
0.481006
0.489362
0.481977
0.392368
0.498235
0.47056
0.375538
0.456576
0.428845
0.41196
0.390579
0.376454
0.466767
0.386819
0.487943
0.440891
0.433158
0.45134
0.456158
0.469985
0.420851
0.43474
0.502503
0.456206
0.505808
0.453251
0.483333
0.451678
0.44096
0.483359
0.429134
0.461465
0.432641
0.497324
0.490289
0.479698
0.452381
0.46015
0.404363
0.483431
0.439793
0.483205
0.417334
0.382353
0.466956
0.408027
0.420775
0.408867
0.5
0.488469
0.472934
0.444133
0.489728
0.44532
0.415202
0.444609
0.379177
0.398537
0.460302
0.49372
0.499263
0.512712
0.502887
0.379163
0.478345
0.496269
0.401432
0.422745
0.49414
0.395922
0.443437
0.400566
0.372659
0.511628
0.488878
0.411822
0.449976
0.442199
0.362312
0.448123
0.464646
0.373321
0.386839
0.498278
0.387697
0.426547
0.488976
0.4521
0.344811
0.432945
0.472262
0.470014
0.489708
0.422447
0.452346
0.440019
0.355191
0.438944
0.412938
0.414443
0.429829
0.42477
0.491951
0.381733
0.477783
0.424198
0.49486
0.4207
0.466324
0.399625
0.404203
0.458412
0.51138
0.492315
0.389681
0.494597
0.510659
0.491195
0.441046
0.433059
0.48766
0.408592
0.40285
0.421429
0.356244
0.362004
0.42483
0.372549
0.419847
0.424242
0.410599
0.394126
0.454678
0.466919
0.51935
0.429429
0.419324
0.476372
0.3912
0.493583
0.462721
0.451937
0.479238
0.383616
0.39359
0.366293
0.472973
0.473118
0.449132
0.444496
0.447508
0.424358
0.454126
0.369026
0.487217
0.492788
0.445658
0.419828
0.451087
0.378641
0.490874
0.441926
0.404751
0.382078
0.4954
0.462644
0.460794
0.427311
0.37037
0.433029
0.435468
0.439642
0.445631
0.429684
0.466281
0.382948
0.42471
0.417375
0.429185
0.504608
0.481168
0.463649
0.432383
0.503411
0.454906
0.438588
0.410748
0.443003
0.465574
0.470418
0.436242
0.409758
0.450733
0.424358
0.512088
0.462743
0.428571
0.464386
0.475678
0.496071
0.423604
0.444335
0.35826
0.430966
0.401435
0.48972
0.497829
0.458534
0.484023
0.489815
0.393113
0.469518
0.43388
0.359397
0.44428
0.471717
0.444496
0.465037
0.480613
0.397537
0.397059
0.495943
0.509597
0.431927
0.442543
0.422106
0.458746
0.449246
0.468117
0.416389
0.469835
0.464671
0.411247
0.439163
0.435221
0.466403
0.384397
0.45437
0.463888
0.435444
0.381853
0.485461
0.440599
0.473425
0.422555
0.46887
0.44931
0.458173
0.50262
0.443747
0.456436
0.381701
0.487354
0.469761
0.432792
0.489926
0.458414
0.417838
0.467012
0.455366
0.435443
0.370883
0.418342
0.388258
0.440505
0.48777
0.455323
0.404103
0.4353
0.457129
0.459119
0.411334
0.385542
0.489524
0.458353
0.480513
0.445205
0.507303
0.439668
0.478116
0.399272
0.463266
0.403774
0.468214
0.489815
0.44888
0.446819
0.477647
0.476961
0.482604
0.485896
0.428918
0.414335
0.398196
0.480769
0.463713
0.483342
0.497838
0.425147
0.440447
0.461648
0.467312
0.454676
0.354455
0.433735
0.3625
0.433333
0.490736
0.442334
0.45619
0.460993
0.416829
0.37899
0.507239
0.49711
0.493695
0.480507
0.4259
0.366618
0.488794
0.444336
0.43474
0.492206
0.4842
0.465149
0.453353
0.479485
0.464235
0.472381
0.465025
0.441404
0.408043
0.485892
0.422305
0.475276
0.485187
0.449385
0.370858
0.443105
0.410054
0.451813
0.398126
0.439189
0.399196
0.466539
0.350525
0.462397
0.511263
0.435231
0.423322
0.474151
0.463228
0.428293
0.4455
0.5
0.431874
0.457199
0.457587
0.422462
0.518221
0.398022
0.5
0.459743
0.437624
0.496535
0.415747
0.486222
0.461167
0.372856
0.453627
0.503745
0.480526
0.467597
0.516447
0.40239
0.461574
0.487103
0.35095
0.478051
0.379971
0.43797
0.492916
0.496714
0.436485
0.454232
0.46555
0.360138
0.440039
0.456554
0.449854
0.486772
0.473356
0.438665
0.477889
0.41492
0.426673
0.482032
0.418225
0.442005
0.462954
0.478607
0.367026
0.45056
0.480676
0.403226
0.495588
0.484891
0.454545
0.48415
0.430508
0.475326
0.425173
0.383523
0.456098
0.491955
0.409716
0.504897
0.429825
0.476281
0.473684
0.481166
0.465005
0.432821
0.469652
0.407229
0.344828
0.383627
0.428229
0.487482
0.382297
0.391304
0.482008
0.393297
0.412181
0.364151
0.453
0.394762
0.452657
0.611111
0.516675
0.481893
0.48284
0.502466
0.445298
0.428778
0.436047
0.482286
0.442046
0.405319
0.481853
0.418906
0.449664
0.420869
0.447151
0.459511
0.464113
0.442646
0.390821
0.410872
0.37572
0.467689
0.4339
0.425047
0.385171
0.477384
0.433878
0.422734
0.473508
0.40718
0.400844
0.423511
0.35297
0.389313
0.427679
0.430326
0.496933
0.415306
0.441771
0.3858
0.451225
0.471195
0.458852
0.455714
0.442884
0.49949
0.349817
0.359
0.407248
0.490366
0.382325
0.466005
0.439401
0.477038
0.449929
0.479137
0.464234
0.447208
0.464131
0.462736
0.411868
0.45995
0.448379
0.486362
0.4945
0.482323
0.39284
0.446648
0.416707
0.446984
0.451877
0.420601
0.464034
0.446464
0.463876
0.455671
0.455119
0.491658
0.425553
0.471624
0.475941
0.494712
0.389364
0.397773
0.460211
0.446168
0.407407
0.473888
0.496545
0.429236
0.369915
0.450073
0.485902
0.482014
0.353501
0.497372
0.412494
0.461655
0.5
0.464862
0.4375
0.438017
0.479206
0.431111
0.417551
0.454417
0.473113
0.484834
0.4834
0.448479
0.410867
0.432638
0.45446
0.463426
0.518812
0.380409
0.41381
0.462218
0.413925
0.428917
0.447826
0.428713
0.407373
0.508016
0.385142
0.419121
0.353111
0.484405
0.492221
0.385161
0.395526
0.436902
0.396635
0.442748
0.448932
0.472753
0.49652
0.428571
0.477362
0.494895
0.406221
0.467185
0.483748
0.513565
0.409449
0.497554
0.506481
0.413827
0.357955
0.447981
0.472851
0.456628
0.451534
0.494354
0.434884
0.435167
0.50747
0.368497
0.484803
0.444755
0.414513
0.455848
0.438095
0.461276
0.408296
0.481244
0.388406
0.445134
0.482206
0.467532
0.440038
0.397354
0.463957
0.466475
0.421129
0.434015
0.436837
0.454717
0.478095
0.477533
0.392493
0.437348
0.404762
0.483795
0.482877
0.449845
0.382919
0.471129
0.443134
0.455479
0.446541
0.429273
0.415185
0.480569
0.475752
0.510294
0.389127
0.483486
0.428301
0.387676
0.39923
0.392176
0.445202
0.451505
0.374023
0.423944
0.460591
0.438397
0.452325
0.44545
0.472302
0.457667
0.390833
0.441837
0.385864
0.425491
0.458416
0.456015
0.417409
0.440199
0.440191
0.385998
0.404673
0.435089
0.421875
0.488084
0.416422
0.425158
0.419961
0.398652
0.431382
0.467041
0.44087
0.478637
0.442398
0.41154
0.473834
0.464938
0.410244
0.393866
0.458657
0.433944
0.500482
0.461941
0.466541
0.422838
0.440793
0.477676
0.344828
0.45554
0.367319
0.433962
0.509127
0.481701
0.470561
0.462745
0.458534
0.42
0.408811
0.419279
0.498769
0.456774
0.46998
0.455624
0.510472
0.455412
0.408392
0.438149
0.475111
0.405874
0.430054
0.430898
0.485238
0.415414
0.475865
0.468552
0.458864
0.470702
0.475117
0.428571
0.460114
0.412594
0.478689
