975
989
923
967
929
935
999
983
931
967
921
922
464
909
945
982
992
1006
514
983
965
955
943
978
955
491
982
403
979
915
997
998
990
991
980
923
1003
915
976
451
446
904
935
895
912
411
935
967
429
519
460
922
965
469
937
520
925
952
982
955
1001
917
893
972
941
962
475
978
430
908
971
962
964
961
917
883
1012
937
966
929
970
939
976
961
942
913
999
959
902
921
977
485
479
491
952
948
931
977
951
970
931
971
974
948
487
931
985
932
923
481
974
947
894
942
961
971
1002
986
945
950
990
960
978
903
919
983
960
956
968
905
953
987
1000
892
964
944
928
921
956
987
1016
946
983
954
930
934
937
871
977
960
926
974
984
901
967
974
932
964
969
896
929
922
979
923
961
924
948
966
962
963
519
985
428
971
960
475
996
990
962
1001
932
488
952
1019
966
1021
1006
901
478
995
911
945
956
987
1009
921
965
1000
919
937
505
965
958
972
980
461
955
980
973
955
479
945
457
1016
415
934
950
946
970
1008
937
936
902
1011
983
959
958
927
933
911
505
966
962
470
1026
976
964
950
963
940
955
901
986
974
959
961
974
993
965
925
945
988
1022
445
969
969
874
976
453
941
983
940
970
972
927
498
969
534
967
994
957
973
955
970
954
1028
444
934
973
475
964
960
996
1028
960
993
973
943
1000
911
994
902
996
992
978
962
961
974
927
965
974
952
1024
441
974
982
956
1023
931
972
489
911
919
990
1058
981
997
950
930
934
469
910
981
1010
982
416
957
982
939
954
972
991
948
493
957
941
1018
965
930
973
959
961
944
936
953
892
479
976
1000
982
968
941
504
984
932
944
916
1012
914
985
957
1006
957
921
918
924
988
990
927
1062
973
1028
971
912
962
966
940
957
415
445
979
989
1008
974
1008
918
998
992
959
898
967
960
897
991
928
968
948
923
973
998
952
956
962
1045
952
906
944
966
950
947
885
910
956
979
967
931
1048
948
995
935
927
929
927
918
943
929
1011
927
902
947
973
435
984
1031
490
915
939
936
969
945
974
944
998
931
1026
989
922
986
995
1028
944
499
946
938
441
979
937
909
946
1007
902
990
949
982
950
988
901
939
992
976
914
943
476
475
986
941
973
944
984
991
978
985
951
986
926
958
982
934
940
943
972
475
933
959
935
944
979
953
963
929
946
926
973
925
970
955
941
473
931
936
942
975
454
937
986
942
972
1025
985
933
915
877
998
1000
990
959
980
934
954
470
944
940
956
957
989
997
947
995
904
966
1023
1018
975
943
958
957
957
430
471
958
528
943
938
956
900
473
997
946
946
933
978
905
1011
954
934
960
974
960
481
965
933
911
1005
959
494
942
410
944
1013
477
971
994
965
1037
925
479
968
988
904
985
920
936
921
941
950
1028
949
928
951
998
464
997
960
963
1014
954
977
999
965
989
1015
987
960
951
997
888
980
1014
956
916
1001
984
965
952
988
950
952
937
1001
889
969
918
981
932
955
999
954
924
978
951
944
1009
929
911
977
923
972
951
975
998
950
963
474
998
971
961
938
500
1000
959
952
939
929
943
936
916
476
959
882
973
977
988
951
921
412
1015
980
986
966
958
963
480
908
1002
949
960
961
928
922
933
946
926
907
938
919
978
922
474
969
442
973
909
935
913
917
953
960
1009
979
974
976
973
988
936
897
915
938
933
440
988
969
929
948
983
456
917
972
936
964
913
949
975
972
982
962
972
968
919
1039
460
478
916
475
986
940
986
877
496
925
915
955
971
974
941
928
934
1011
941
921
968
952
958
944
965
979
941
972
961
965
996
933
924
967
966
986
951
984
976
957
970
929
1025
1031
979
962
986
924
973
994
934
990
966
1049
915
952
937
899
953
1003
915
986
464
937
920
954
944
946
478
979
942
985
947
978
991
993
968
957
921
966
903
971
938
964
995
494
986
1011
941
420
966
987
952
1003
979
416
967
958
939
949
978
989
973
1002
951
909
959
915
973
940
952
967
1025
954
979
949
945
995
933
957
1026
983
414
947
1002
932
958
986
959
1004
951
977
995
946
972
966
461
964
954
476
940
908
939
952
476
947
959
966
928
942
979
945
947
997
1019
965
964
966
942
958
960
498
464
912
977
963
928
507
484
974
914
992
936
953
937
934
934
942
960
981
987
946
963
975
968
927
975
952
1022
950
919
949
973
959
905
984
1007
916
480
952
990
972
926
959
980
936
501
985
1043
979
957
939
920
970
939
1004
942
952
944
975
958
947
506
960
495
404
973
1002
916
1003
472
998
946
968
969
939
962
904
949
453
981
943
467
886
942
897
938
965
980
958
958
967
964
964
1035
1009
990
973
984
372
912
971
959
953
944
962
995
1005
966
490
917
977
974
994
911
910
946
943
932
512
981
1023
970
956
953
515
962
956
960
966
948
944
992
958
963
525
944
952
955
947
965
943
494
982
959
945
991
1001
955
485
927
976
918
940
905
947
973
440
971
1008
958
970
920
1006
494
946
946
979
935
1034
993
1051
979
954
981
492
952
942
915
984
983
900
964
1023
949
946
946
1004
1006
951
981
974
960
967
966
1017
923
1002
979
918
1004
961
909
944
948
976
932
978
976
975
977
987
926
1042
923
958
472
960
978
957
960
883
992
979
962
962
997
986
957
442
1019
970
964
434
973
901
957
1031
952
950
969
959
944
984
952
469
992
953
988
87
981
960
976
950
949
979
956
941
936
987
954
489
933
946
1006
896
992
938
1011
908
905
959
978
950
936
420
996
937
945
967
934
949
951
965
907
978
979
946
930
959
969
993
954
970
953
934
937
998
922
933
514
955
963
932
923
925
977
1008
997
975
1002
516
461
495
994
992
418
968
938
983
955
975
964
966
1028
998
461
954
963
912
900
967
986
952
895
929
955
79
941
965
990
969
950
922
899
957
927
974
496
990
974
939
954
952
938
982
966
971
996
948
966
960
964
960
932
977
959
997
909
487
950
962
944
927
977
992
946
947
997
997
966
960
930
917
940
902
956
954
944
982
955
1017
1033
993
985
937
1007
954
971
907
953
948
989
917
888
933
1013
912
916
943
951
960
1008
974
884
1006
955
999
974
950
945
946
891
924
943
916
962
907
945
897
973
957
964
499
981
958
943
973
975
962
996
938
945
1052
940
974
973
490
905
956
898
964
964
973
998
1003
950
964
924
952
434
921
470
955
964
925
972
943
951
1008
979
968
950
984
984
939
920
467
963
971
918
970
967
964
983
936
967
942
937
947
943
993
964
982
983
972
927
965
993
937
980
993
922
490
969
932
923
982
933
949
991
979
923
903
961
967
928
900
986
1008
972
938
963
977
921
992
965
973
969
981
968
1026
921
919
971
953
942
987
948
966
933
978
938
960
1017
928
930
983
949
974
952
955
940
476
919
974
1010
977
929
960
939
1001
931
959
1008
985
978
973
484
956
955
1022
966
973
485
951
920
940
507
1005
972
947
963
965
937
962
915
945
968
990
928
919
950
978
487
945
1022
996
990
973
969
945
951
960
502
0
905
920
946
976
971
986
966
913
961
1000
935
987
938
945
936
927
992
993
961
979
1005
928
935
1038
967
1011
926
956
928
991
532
984
913
959
916
1013
907
957
960
923
986
933
972
951
507
976
904
990
921
955
984
468
1054
956
955
475
980
491
994
894
934
958
973
890
947
952
981
955
948
984
958
930
945
938
937
965
949
1000
971
918
999
980
1030
913
931
953
946
998
999
952
988
968
969
464
970
531
958
969
941
967
990
985
1032
972
985
951
944
1000
478
1015
552
892
978
953
948
966
917
1012
994
981
986
426
990
984
496
970
988
995
1022
977
900
950
923
415
977
974
953
960
935
955
1014
477
1001
975
914
927
1009
989
1021
966
475
954
979
928
992
940
947
932
463
887
982
939
466
1007
999
942
949
922
1051
962
995
991
1005
951
935
930
957
937
918
896
996
977
967
956
951
1014
919
962
992
938
449
469
462
949
937
921
985
946
957
947
897
933
989
926
936
968
953
984
973
988
958
991
969
984
944
945
900
950
933
986
957
927
998
961
1006
923
979
956
965
944
995
934
952
977
994
939
937
1008
490
1002
926
974
959
943
975
932
927
946
917
942
897
947
973
410
929
974
975
940
479
974
947
964
923
932
967
482
31
966
980
493
975
949
1006
929
1045
929
966
914
909
914
929
432
998
927
902
911
959
914
929
492
962
977
951
1006
952
971
1010
984
957
957
925
932
941
918
919
970
992
502
940
993
908
993
983
965
955
948
935
987
935
906
952
999
929
961
1019
979
957
989
490
980
960
981
895
943
461
951
949
933
939
1013
934
960
986
878
949
943
988
510
956
985
970
971
984
453
981
491
1036
936
914
1049
949
485
986
952
975
957
939
995
494
943
943
1000
981
498
906
477
936
1006
466
981
952
944
927
922
943
981
940
1008
965
932
890
964
894
982
925
471
948
985
956
961
968
972
930
1017
977
991
943
993
483
917
994
933
925
920
987
1000
976
501
938
964
991
937
973
965
979
937
927
978
953
995
1007
1015
552
439
964
1007
999
506
968
931
919
921
944
957
987
1012
893
990
937
950
969
1028
891
955
951
982
1018
1001
999
995
978
952
484
990
1004
937
957
992
905
977
985
1015
1005
954
947
944
1006
511
922
973
537
990
957
953
892
999
996
1008
993
951
996
938
960
962
956
929
957
907
970
891
912
953
943
967
999
965
970
983
989
982
451
976
979
937
931
960
1018
984
962
957
456
971
914
995
965
439
495
971
494
980
934
984
971
976
984
995
925
975
970
969
929
917
905
951
948
959
1004
951
505
943
968
959
936
436
968
501
969
982
971
970
920
961
516
966
954
983
980
991
967
938
935
938
992
926
978
988
940
933
992
979
946
988
961
941
929
920
924
977
926
501
977
983
954
0
964
988
953
921
872
979
986
948
969
962
987
937
989
980
504
977
937
971
1032
493
946
1016
1004
954
951
1018
976
485
931
960
957
1001
968
477
950
948
505
954
487
952
961
950
922
947
949
886
969
970
927
951
934
962
984
952
979
1001
995
969
950
968
473
906
930
926
941
978
945
945
508
956
961
493
933
989
41
960
972
973
959
501
1003
945
955
904
979
923
981
483
953
959
406
931
943
989
956
506
964
1000
990
928
935
977
958
976
902
952
941
1044
957
950
947
983
995
942
535
443
963
956
968
911
937
938
961
981
909
973
919
943
943
493
481
946
991
511
944
948
957
931
984
953
978
936
982
898
963
968
929
969
964
991
387
971
958
942
934
949
945
893
956
958
970
913
439
961
940
494
963
954
988
907
935
924
925
1005
490
920
969
1006
973
929
982
1004
940
1006
524
984
951
987
909
993
971
991
918
980
972
947
959
944
896
501
963
1029
965
942
963
972
978
956
919
982
910
981
976
934
949
1013
963
981
959
413
439
982
954
985
951
976
939
997
962
954
1001
892
937
967
920
994
987
518
955
1044
946
947
468
944
934
919
956
981
968
990
921
1018
987
974
958
479
909
950
944
983
951
991
989
947
925
954
945
1005
979
936
972
938
935
990
948
961
924
476
956
915
952
981
962
937
912
1002
947
925
892
988
532
959
970
972
950
966
952
964
989
1021
915
947
994
972
904
460
934
992
925
933
962
981
966
951
982
907
985
981
991
483
984
966
985
963
944
940
979
1019
988
939
892
976
966
960
951
947
912
936
1002
946
956
987
990
956
936
1026
903
985
929
947
977
989
949
482
976
927
941
941
953
988
924
936
971
941
905
939
962
955
464
1010
980
980
450
953
502
986
494
973
932
388
994
1008
968
947
993
935
908
1002
985
1003
494
916
494
982
1023
954
983
978
946
954
495
981
963
940
940
973
926
1022
903
966
964
1004
970
471
468
977
951
978
990
979
951
916
430
905
988
941
962
924
951
1005
932
943
507
989
910
965
922
939
471
953
959
954
958
965
979
953
985
1002
946
1011
905
955
454
944
926
937
932
930
954
979
1002
959
970
987
972
965
977
965
493
911
984
455
910
951
960
903
1034
969
938
989
983
935
948
1024
999
1000
954
1002
929
950
966
957
952
968
950
937
869
943
975
942
983
937
937
1012
964
1010
943
911
950
1003
966
973
933
1006
989
971
991
897
968
969
1016
972
935
959
939
985
1020
956
968
415
1016
470
992
956
955
489
973
929
931
925
903
971
929
924
934
938
931
977
985
902
999
968
968
967
911
949
936
990
999
950
942
951
938
941
962
932
946
951
939
1025
938
935
967
975
503
902
851
954
960
947
1006
973
421
912
975
983
913
979
956
948
925
1016
951
952
927
490
1042
968
970
962
970
953
989
1007
959
962
1015
985
891
937
911
931
910
956
934
1032
505
420
973
942
472
464
970
986
1006
917
959
980
508
985
1006
941
1068
941
956
942
961
998
1024
485
991
925
966
914
882
983
413
924
921
960
451
973
971
990
903
999
936
944
945
471
1002
944
992
970
990
446
904
949
962
979
893
925
997
493
1005
982
983
946
926
922
963
965
935
905
501
978
995
982
414
911
944
950
975
909
453
999
958
988
960
963
974
913
981
417
988
952
943
962
963
977
902
1037
949
960
977
505
966
1049
896
988
503
998
1037
956
993
0
949
968
915
938
498
994
918
988
950
952
450
931
500
954
939
945
971
972
985
937
992
977
991
976
921
986
1018
973
974
992
937
984
900
955
917
939
988
487
955
444
961
989
968
948
950
483
985
956
1044
446
976
941
925
1003
951
940
896
942
974
947
945
977
972
1020
981
971
425
1020
988
952
478
895
951
971
1012
949
963
930
943
966
968
992
921
957
977
939
485
971
480
943
940
432
926
994
942
961
967
957
920
948
924
960
962
473
967
964
1004
915
970
963
450
975
1028
882
1000
950
947
989
997
923
967
467
905
897
912
962
1001
923
1010
931
1006
1007
411
979
982
949
445
944
951
974
930
958
983
951
950
969
1006
470
939
913
992
477
477
992
904
1006
927
966
926
951
502
969
934
971
1006
903
482
968
1010
974
922
973
921
926
1000
993
990
968
893
919
923
429
461
1012
932
918
936
501
983
963
987
926
976
1002
991
939
994
952
955
1035
981
989
947
975
932
998
1006
934
937
426
981
917
919
981
1018
929
949
480
966
972
977
954
966
509
1002
930
927
1042
467
962
928
927
960
924
943
986
970
916
981
495
969
963
956
934
979
948
932
924
948
932
988
959
459
936
935
914
976
961
960
969
435
943
969
980
944
902
922
993
1009
974
946
999
933
996
995
929
971
949
914
396
961
981
927
896
949
988
942
973
988
987
951
974
909
988
1004
956
965
951
949
1021
956
527
967
1011
971
918
954
989
508
990
986
979
980
983
931
929
938
511
916
1005
954
957
947
993
943
935
962
931
971
988
913
937
984
0
970
928
972
1011
1014
978
899
963
485
884
959
962
968
465
922
982
962
951
955
461
971
946
962
959
978
981
1031
995
908
1049
962
975
955
989
927
940
491
409
989
955
921
449
984
926
1029
972
969
1019
909
892
976
984
522
981
922
945
965
954
957
502
988
1027
466
926
902
988
481
1010
442
944
990
992
532
942
923
955
943
1019
954
976
944
944
1004
936
943
968
956
976
991
973
956
996
935
971
921
967
959
978
519
944
1000
996
987
969
948
467
997
970
1004
936
999
966
942
487
902
1006
937
1052
963
529
923
981
992
496
1047
967
940
973
959
928
978
475
904
972
951
951
972
952
1041
903
469
955
957
1013
978
950
965
958
951
948
882
963
466
950
982
481
922
978
973
953
978
960
988
990
1029
978
899
390
1017
947
972
1002
967
1008
950
968
998
929
955
910
960
981
470
949
958
496
1012
922
952
929
993
996
937
903
996
987
992
954
0
944
908
955
1016
954
948
931
958
960
444
949
894
990
988
961
1037
979
866
916
944
930
924
978
1019
946
982
405
973
474
1016
954
988
979
934
475
972
948
912
951
455
939
1001
918
918
945
1017
937
984
982
995
1007
951
990
987
982
966
969
968
958
985
962
952
996
975
954
1000
982
442
938
896
1010
968
945
972
908
959
908
990
1000
965
974
967
905
981
990
903
964
955
521
470
998
916
963
932
969
997
948
973
968
941
952
964
998
956
936
952
961
470
949
938
928
1012
951
445
980
935
932
954
999
468
899
992
90
501
518
923
951
963
958
964
1033
976
937
984
934
887
958
956
913
1016
927
936
987
971
952
964
471
924
962
410
900
976
912
462
1010
919
942
937
956
946
911
969
487
1012
980
995
1032
1002
968
951
988
983
479
932
967
925
992
945
912
893
932
983
918
970
918
958
922
509
909
952
956
933
493
902
981
1007
914
951
927
926
968
969
934
964
987
1001
954
939
942
928
939
984
946
997
975
929
919
514
951
952
984
980
935
910
971
958
957
978
991
896
956
955
956
965
1002
965
958
951
1002
946
931
949
977
987
1010
977
986
1008
931
495
986
511
965
984
993
954
954
448
868
985
984
1000
940
973
933
946
460
1006
93
974
929
986
994
1010
960
982
999
970
988
416
936
1006
954
935
973
982
1027
972
1012
956
929
941
966
981
198
965
935
1000
963
962
995
992
923
987
954
966
1007
946
987
1034
956
923
922
897
968
952
928
968
980
1017
931
901
980
918
486
417
1004
436
985
481
975
962
943
934
956
913
984
1009
949
1008
1034
942
926
949
999
970
972
949
965
937
987
904
960
982
931
968
494
1027
965
944
1006
945
965
893
926
965
948
990
490
963
996
916
957
998
943
985
978
1029
918
942
873
898
972
965
981
920
902
935
991
953
943
1011
969
1004
957
977
980
954
964
1030
978
945
953
876
1012
948
957
928
987
938
980
958
888
918
920
955
1002
900
979
986
537
978
947
977
942
951
1020
953
905
1009
993
973
986
961
939
941
958
883
978
932
517
956
946
995
958
966
960
970
972
951
461
921
934
1003
918
977
945
923
995
988
896
977
946
940
964
463
932
963
981
469
953
981
992
484
1006
934
961
520
920
995
450
938
962
980
962
956
888
956
945
1019
935
957
867
936
981
926
956
61
1015
975
970
485
997
959
931
940
970
939
937
972
912
1002
984
960
926
961
1001
951
957
927
959
943
980
966
931
970
965
981
493
949
989
996
951
991
1007
917
960
989
974
418
527
1020
993
1021
926
957
945
935
993
915
986
938
945
923
510
967
964
971
969
990
986
921
967
872
910
978
977
507
531
933
938
985
960
468
964
1002
975
943
919
900
988
997
929
973
944
914
947
976
934
1031
978
985
946
946
933
966
1011
1023
985
950
996
526
992
951
967
943
1007
966
1001
997
487
998
1005
943
977
928
894
931
912
916
928
958
1005
987
940
990
991
953
469
942
976
910
904
986
461
940
440
967
962
482
925
1026
988
988
957
987
437
902
922
977
964
921
983
879
930
995
933
961
962
936
941
967
921
973
976
474
945
1044
895
971
484
977
381
497
979
948
954
989
969
904
984
991
968
465
868
964
931
1023
962
916
467
442
902
943
929
926
954
939
959
956
477
928
930
962
1001
929
962
927
972
947
914
1022
1000
963
938
920
966
944
936
952
923
952
948
929
928
970
977
929
981
945
935
984
916
960
972
981
943
926
965
922
939
1013
940
994
502
933
506
983
939
971
997
992
937
496
1002
929
999
938
952
952
984
946
941
961
392
455
895
925
997
979
938
914
975
974
1000
945
952
985
945
0
967
921
948
446
914
890
992
909
971
969
964
978
965
1015
927
948
408
464
930
959
958
953
1015
925
973
954
922
963
971
932
959
986
968
511
911
1006
956
926
992
1001
1009
962
985
999
993
915
936
973
949
957
980
449
496
966
970
94
954
945
901
1017
892
938
965
988
929
947
948
1011
1033
949
968
929
931
916
950
941
958
965
886
956
974
1050
1021
930
984
989
948
1012
507
1018
951
994
995
965
998
939
921
963
928
1038
998
484
988
946
467
493
472
959
1001
933
955
410
907
915
920
922
961
985
927
997
508
981
975
969
932
972
964
942
947
894
1003
940
942
909
979
933
987
981
951
949
982
954
975
978
948
977
975
935
981
927
918
973
942
1005
977
906
974
945
955
998
970
993
1005
994
492
952
947
950
987
934
969
977
988
961
977
976
934
1024
932
970
962
478
976
957
1014
995
1003
929
962
0
1027
971
455
962
979
988
976
973
925
941
918
939
968
991
917
938
956
930
515
963
488
944
943
994
947
995
968
962
946
436
973
912
401
992
935
948
995
943
993
892
972
918
895
940
909
973
1027
966
911
923
481
945
907
959
1001
956
900
981
958
1038
911
950
934
497
492
970
887
958
928
915
935
954
941
989
990
942
995
965
972
473
994
898
980
988
933
901
993
1019
957
993
482
936
935
956
104
972
916
984
1006
964
929
979
932
915
493
1001
963
410
940
968
469
978
985
935
949
927
989
988
955
998
898
942
1003
959
927
963
932
947
962
986
978
946
964
970
976
1024
982
950
903
491
933
972
963
889
972
943
975
980
0
972
969
976
987
932
950
971
934
958
973
974
477
925
981
944
1008
966
940
972
928
910
995
916
944
483
938
1003
964
995
1009
972
952
941
921
919
516
975
892
958
970
904
1026
987
902
933
983
946
960
974
988
1007
970
458
945
1019
957
991
1016
956
903
966
976
899
978
492
960
963
1003
969
917
954
988
962
928
996
972
944
906
975
925
931
948
911
976
953
1003
997
910
1002
473
917
980
983
917
918
987
1003
905
1006
973
966
942
966
934
1029
970
941
442
1007
967
964
998
910
972
518
447
965
972
965
960
958
947
951
981
955
948
500
970
965
1037
973
929
1006
951
486
921
945
480
950
969
944
941
962
981
1014
949
968
952
947
909
1004
943
977
950
926
976
946
1024
966
906
914
971
927
505
972
430
979
986
918
867
998
1012
918
1007
465
955
964
948
939
982
991
974
954
971
977
938
977
942
962
504
946
983
999
989
925
939
510
891
978
947
920
1007
973
966
1015
932
972
1006
985
944
934
962
477
481
455
948
950
955
974
1029
488
971
946
979
972
963
895
457
935
970
915
954
985
938
930
1004
117
955
489
963
905
490
990
917
896
941
921
935
951
908
916
952
995
1003
968
945
1021
984
929
498
1005
965
929
1039
961
1040
989
958
1017
1004
492
1000
927
911
956
931
944
946
977
986
944
976
950
981
945
968
105
963
919
503
947
981
971
955
428
506
955
978
927
983
955
966
928
963
517
927
499
965
931
972
972
960
959
966
909
941
933
946
974
956
938
928
972
967
932
490
953
1009
977
1001
943
951
1006
942
969
925
965
941
970
963
1009
916
987
958
978
944
987
938
924
1020
1027
1011
999
989
1004
963
995
996
923
942
912
1001
933
964
943
913
937
915
912
981
978
972
965
936
952
945
1001
952
992
944
979
936
974
997
947
978
974
396
958
977
968
462
938
959
1016
970
937
933
951
900
498
911
1001
951
987
483
963
958
915
931
980
978
917
530
917
933
956
991
1005
949
966
953
993
959
928
989
1039
975
927
983
985
506
1001
910
973
942
967
927
940
969
947
971
60
953
930
897
945
986
964
946
1003
941
1005
886
915
939
921
955
1015
894
925
985
977
980
977
924
1001
1010
898
999
956
1013
965
1025
927
934
971
931
1015
952
982
971
1013
478
923
948
957
472
1013
482
910
952
1009
932
906
988
986
959
1037
933
948
997
427
946
950
990
1009
946
899
993
1009
1021
964
468
484
0
944
994
981
920
920
967
955
967
936
989
992
918
985
945
996
951
968
908
964
446
950
919
999
939
930
945
477
897
1002
985
991
960
930
961
939
982
993
936
957
941
958
942
1012
937
505
897
920
988
460
970
981
959
964
995
989
971
1007
886
989
968
929
909
959
969
986
1027
1027
992
951
956
958
960
990
919
986
1006
973
960
951
971
1062
479
946
916
942
930
944
941
971
960
919
1020
945
920
956
982
454
918
972
921
493
925
940
939
979
983
1002
931
975
985
952
924
1033
991
928
415
929
1012
985
1001
970
488
958
988
933
977
973
1012
940
956
971
433
920
947
1003
906
941
944
389
1004
443
929
917
917
960
995
867
980
905
963
989
962
970
940
459
959
969
976
452
957
993
1006
911
919
477
961
971
917
932
999
936
949
915
900
507
957
448
953
924
979
945
936
988
930
899
1029
945
929
1012
919
998
401
945
920
521
896
950
509
479
1001
945
493
947
989
964
946
990
906
964
935
946
929
971
909
964
1006
864
958
942
955
936
953
969
930
918
446
474
470
950
912
425
515
981
993
931
890
1019
952
959
960
997
946
942
1000
906
953
957
971
1007
997
426
928
942
974
948
933
971
458
942
948
945
975
952
930
945
955
984
963
972
522
966
913
986
927
970
978
1018
931
965
972
956
952
960
968
966
922
962
994
935
993
942
953
981
964
975
953
1022
964
942
960
953
907
465
962
1024
926
524
935
1011
961
955
956
939
444
915
965
967
942
964
940
966
1022
964
949
958
938
944
928
977
976
924
983
979
1012
459
949
959
985
970
968
926
992
936
933
974
1002
996
939
990
897
949
921
930
939
939
936
987
944
927
969
946
956
1000
1029
989
481
953
925
649
915
973
971
897
993
974
961
1037
945
950
938
959
1005
986
909
977
988
932
1002
968
952
1010
931
977
1045
948
477
1021
962
979
947
972
930
928
930
954
984
964
476
929
954
983
1003
966
1038
984
954
936
414
961
1026
506
439
959
952
925
920
1000
906
964
960
993
472
400
962
499
967
474
980
927
939
992
1032
930
416
968
958
914
1020
978
960
954
992
1009
992
937
990
1001
943
949
973
952
1037
943
944
998
1021
916
977
943
948
1005
969
966
969
947
955
965
949
972
423
993
1003
938
981
472
945
933
975
918
956
940
928
1005
494
983
436
994
911
990
1023
905
479
947
974
950
906
961
947
970
961
945
942
890
961
957
953
923
517
1000
994
921
976
981
969
943
922
976
995
502
929
962
480
942
876
918
948
946
989
981
959
914
962
965
956
1015
910
1006
967
890
1013
932
955
953
492
918
953
959
972
987
977
973
981
979
999
958
964
1019
970
964
473
944
436
973
999
952
992
982
973
915
1033
1035
898
926
946
991
930
983
899
966
910
922
890
952
937
972
961
963
497
938
1003
483
947
964
908
939
471
1006
903
935
996
996
997
951
953
980
897
949
958
1015
937
1001
915
941
939
969
955
967
1030
970
1009
985
920
907
976
950
992
1006
509
957
924
971
1029
958
980
950
981
508
1006
957
901
948
959
973
993
966
1001
492
996
929
910
1000
1002
977
1007
978
958
949
913
934
935
480
1032
927
939
489
953
916
951
962
907
914
942
449
974
940
971
943
1031
977
938
913
517
878
955
982
993
891
1015
939
923
872
943
952
976
989
966
957
993
932
929
938
964
932
971
950
959
966
1006
1016
965
930
988
940
977
967
935
1023
979
971
939
972
395
909
977
952
935
952
955
984
985
909
965
456
905
965
953
923
901
1030
966
471
1000
1010
972
1002
1002
945
928
924
1003
952
1010
976
86
917
963
494
1016
1002
471
976
996
1003
996
978
941
977
903
961
909
993
939
942
904
955
938
488
942
957
999
968
947
936
940
944
904
899
934
979
909
945
989
918
907
939
959
957
967
481
925
997
949
967
1006
979
970
966
956
909
978
950
972
970
928
972
403
903
471
998
989
942
945
1007
961
974
918
911
966
963
985
912
924
984
919
959
974
994
954
963
946
941
981
944
906
931
1023
1033
977
1032
939
926
957
984
962
946
964
977
960
994
913
962
936
943
945
965
937
1003
922
992
495
968
915
946
959
970
937
918
963
922
932
901
972
969
952
954
982
518
1011
992
985
1009
957
501
972
932
942
492
961
966
1026
916
1047
936
944
958
1005
80
934
978
917
985
953
980
927
952
975
953
957
1005
972
972
1010
999
945
886
944
952
989
995
1062
989
958
516
946
932
959
1010
914
994
938
927
1007
952
468
997
953
949
943
990
920
504
468
946
920
986
473
938
988
1005
916
992
976
1012
952
485
934
951
990
927
928
1011
938
1022
948
478
881
976
944
494
983
963
972
995
910
911
955
992
932
950
1030
919
902
963
980
955
969
954
990
965
901
902
948
1007
993
963
926
975
968
972
980
920
938
917
972
946
966
925
505
1022
987
938
929
978
910
933
450
960
950
983
936
910
932
873
943
962
1051
970
959
994
938
912
989
949
969
1034
937
949
979
967
941
947
963
951
966
994
956
989
454
482
949
993
1028
967
488
972
947
988
963
956
945
934
927
515
948
982
980
968
917
1002
853
946
911
961
950
945
977
980
958
1021
908
963
997
892
987
969
960
902
955
910
954
986
1005
918
1011
996
504
945
961
969
939
960
962
495
937
967
963
972
951
1017
937
956
940
982
968
960
951
891
488
974
942
957
498
960
461
1020
933
945
1002
1001
998
981
976
1008
983
930
956
992
907
944
981
987
976
972
948
865
952
887
944
894
449
952
983
972
949
972
1002
942
907
485
1000
964
944
954
950
959
899
932
962
969
1011
940
967
969
930
471
940
487
520
460
993
425
939
952
983
1032
971
955
969
999
1004
976
982
920
441
1002
1030
987
927
943
973
961
935
961
963
951
923
1000
955
966
973
940
951
956
970
946
990
915
962
951
981
469
948
921
929
979
972
972
978
475
978
950
976
969
1004
1021
982
923
928
938
521
932
969
927
955
938
942
927
963
932
881
943
1031
912
935
968
957
943
980
913
966
938
964
955
944
510
984
959
994
931
909
894
482
1001
968
905
936
1018
1003
952
956
947
927
1005
487
983
507
1007
961
982
976
469
945
1004
974
948
964
942
953
913
461
915
948
945
1000
929
498
954
944
943
408
889
979
1007
986
943
908
941
938
975
973
469
988
932
933
1014
945
927
478
949
505
949
954
991
956
951
950
994
990
947
989
975
454
1013
944
906
940
940
911
948
926
1045
964
948
957
1001
997
480
933
979
955
895
974
996
201
519
947
1022
906
937
992
1030
939
976
946
1005
952
957
486
959
960
985
474
951
508
976
990
939
991
954
958
979
937
990
967
921
962
954
472
998
966
949
481
1030
955
1024
990
970
964
945
965
903
952
919
882
988
934
906
915
971
962
902
908
997
936
927
967
946
925
940
964
971
962
995
966
1036
987
955
954
918
1020
988
499
937
933
513
920
929
908
906
963
1029
994
1010
1011
474
914
999
985
940
964
488
968
502
991
467
934
958
952
481
1042
438
877
947
446
975
991
994
977
488
979
954
951
938
944
938
432
410
478
999
919
971
967
967
928
436
1028
960
1001
477
968
984
509
996
443
1012
955
917
956
964
974
958
1004
972
990
966
976
475
943
939
922
948
1015
476
952
485
946
483
974
949
867
1022
960
423
1017
946
961
913
955
966
905
956
964
975
975
956
975
971
974
981
980
971
972
883
922
977
902
937
964
946
484
968
989
968
910
990
507
948
953
946
909
983
931
934
1032
949
1007
964
942
993
983
919
977
962
976
0
974
920
964
479
958
1019
945
927
988
1025
1006
987
1009
961
992
985
948
970
993
928
915
938
971
979
940
957
963
928
969
974
1020
941
926
995
973
940
996
936
939
947
1011
911
397
964
987
954
465
957
936
961
931
983
980
912
826
986
494
944
949
975
1026
929
996
465
931
954
988
999
929
993
916
1007
1032
962
961
988
923
953
395
939
956
1021
939
451
965
935
935
1013
900
978
1032
937
886
927
961
984
985
403
968
938
943
934
988
987
970
916
1021
982
1028
983
976
911
957
961
957
961
969
990
957
407
910
967
952
955
941
959
962
478
967
962
981
994
977
968
986
945
481
969
934
956
934
960
941
926
940
937
982
990
986
955
493
901
985
941
882
976
964
968
957
903
939
970
938
962
921
968
959
494
967
919
944
960
974
984
951
1016
905
944
912
930
962
952
929
982
960
982
951
957
958
1009
968
987
890
1001
945
930
984
919
966
966
1004
943
1010
983
930
988
961
967
972
942
968
1002
484
964
975
908
930
953
894
956
941
957
909
925
953
928
478
961
936
959
993
978
979
965
494
949
494
929
939
1020
965
942
979
972
1064
946
939
1000
981
957
1022
960
953
980
961
987
919
932
962
957
970
888
525
1002
983
1009
479
926
924
948
931
984
947
965
939
925
990
933
943
464
940
1031
995
998
982
979
515
448
968
938
987
975
953
917
977
939
960
935
926
499
927
957
976
954
986
985
905
488
997
975
912
943
935
964
959
478
963
987
904
926
936
947
915
954
1027
933
950
925
917
876
932
960
472
914
920
927
960
999
970
1002
918
977
965
976
970
983
951
949
945
995
981
950
950
998
953
989
492
948
936
904
973
960
931
965
983
973
969
504
1002
930
968
973
981
892
487
969
952
950
987
976
980
489
939
971
1007
976
963
1036
969
1009
952
975
982
483
929
439
949
522
938
1003
936
974
947
1017
893
469
987
946
917
987
959
937
930
993
961
938
958
936
945
1003
954
416
962
1059
954
934
498
82
963
495
941
921
985
933
958
957
989
998
1018
997
1015
987
948
485
942
970
979
955
947
982
924
909
1015
929
939
899
984
1025
982
1006
977
436
954
858
977
990
947
968
932
499
945
962
1017
950
995
973
950
949
987
996
1026
989
968
989
938
965
978
938
896
995
969
451
951
938
922
934
962
952
953
988
892
968
987
966
888
924
960
981
943
950
996
936
982
946
968
940
965
932
953
995
936
1002
952
906
1002
942
1008
1003
967
956
986
943
490
976
987
945
977
513
942
924
932
945
936
974
972
479
932
466
968
965
982
993
969
990
1007
940
953
900
961
943
1004
927
964
988
994
911
1002
1004
954
925
963
988
967
967
953
917
475
999
990
927
933
995
973
1005
949
917
1058
906
931
964
978
958
1001
964
1000
964
938
958
995
1005
904
976
1013
982
938
1018
921
968
920
1008
964
506
971
1012
404
979
942
991
951
470
928
947
973
917
961
968
967
961
480
936
1024
1025
955
979
929
912
986
967
956
904
924
1001
980
1010
1003
890
949
939
943
998
973
967
910
944
1032
924
451
901
947
1044
934
926
953
934
944
928
982
969
954
929
960
948
936
464
977
962
1009
976
955
969
939
932
931
1002
1025
907
972
1004
937
966
987
922
1013
937
947
1025
506
988
895
478
999
928
970
466
993
1017
929
979
985
932
938
934
985
974
996
419
933
947
981
973
998
952
484
984
966
1006
952
951
994
1005
946
1002
977
1037
989
955
942
1007
1005
925
968
896
948
932
981
936
1002
966
986
991
943
1004
1018
937
958
979
966
1000
958
966
958
971
410
373
965
927
502
954
964
961
971
979
959
917
951
911
939
952
970
895
918
945
964
936
960
958
943
971
1050
964
945
456
994
965
954
1002
1028
959
943
1040
494
988
961
970
975
908
939
474
960
980
970
975
966
918
988
942
975
991
918
906
966
947
949
986
986
941
998
958
974
491
992
952
946
939
970
958
947
980
949
415
953
984
909
958
973
996
977
989
958
928
936
964
975
995
986
985
982
483
942
973
933
969
973
969
1031
997
909
980
976
1001
943
931
928
949
946
480
995
943
907
431
980
954
466
1009
466
981
955
928
918
971
992
908
929
975
968
958
954
450
968
970
963
956
999
471
437
984
937
926
955
945
989
996
951
976
953
1032
980
938
929
923
977
507
964
961
949
1003
935
965
948
933
983
905
967
439
934
972
445
971
938
459
911
980
948
911
953
966
490
993
464
996
923
941
949
911
953
984
940
967
867
921
954
1044
937
1024
916
926
1006
482
953
498
965
957
948
983
916
998
956
921
923
960
921
1018
960
958
915
976
932
927
999
928
499
922
991
914
412
946
946
483
886
486
958
992
962
1022
936
961
444
967
919
983
950
949
952
951
955
990
935
906
968
992
943
454
981
985
965
940
950
926
1008
964
926
964
920
978
952
992
987
972
930
941
993
932
935
943
950
507
920
496
966
926
1002
986
499
942
937
919
958
952
978
989
921
950
974
989
925
964
966
932
1004
911
941
986
922
996
951
940
905
931
977
970
984
964
950
959
1001
988
980
963
963
971
973
955
1001
948
899
471
905
1006
920
973
914
997
942
946
983
916
988
461
933
939
990
937
897
1002
978
916
983
954
897
943
924
942
963
956
943
954
970
968
938
982
965
982
985
1024
916
983
943
963
913
994
942
997
979
980
966
1004
523
964
971
454
988
940
941
892
983
954
928
974
938
487
273
980
948
969
936
986
984
959
955
917
413
899
420
951
891
948
992
952
957
488
928
893
945
955
886
947
956
943
976
970
955
961
956
968
917
487
968
960
995
947
953
936
477
947
941
922
986
927
979
983
949
986
922
991
956
952
993
975
975
975
488
912
1000
1012
974
908
973
960
1004
933
962
948
924
970
933
995
994
984
976
936
963
951
500
993
964
947
1015
937
927
482
966
972
918
991
987
468
929
934
937
902
960
400
976
961
925
978
906
963
914
915
488
914
970
932
946
996
995
944
911
904
944
988
450
870
978
996
927
964
981
936
971
956
988
982
1006
956
968
974
984
955
963
985
861
0
960
1000
929
947
964
1001
992
941
1014
919
957
889
976
477
384
950
996
947
964
970
964
974
917
909
935
896
950
969
975
479
990
933
984
913
943
981
948
517
946
929
994
954
948
941
1022
977
950
938
926
919
995
935
985
991
986
949
1018
977
986
1003
990
890
959
906
927
952
999
907
918
944
979
934
462
1019
981
969
494
961
987
964
894
1000
992
893
980
970
946
1003
964
964
949
487
941
937
973
968
977
968
971
971
977
1030
1022
1025
949
927
933
469
982
943
919
944
981
908
927
920
934
922
999
902
960
938
919
950
946
945
500
966
637
92
940
1040
923
974
918
937
956
1008
947
989
971
988
967
986
949
921
478
978
976
999
937
892
983
944
996
451
936
987
924
965
937
994
976
964
936
951
952
956
898
958
943
941
1005
455
938
862
450
955
431
484
939
465
1001
994
498
934
1007
992
961
980
992
991
997
521
924
926
976
1014
963
984
971
943
985
943
980
948
1030
962
966
915
942
940
1011
962
1012
961
929
489
960
1017
983
943
990
948
995
976
917
963
963
933
954
997
877
955
954
955
952
961
966
859
949
971
981
979
952
949
949
942
979
961
446
1008
920
950
911
1003
944
491
950
458
919
979
981
474
910
522
974
956
450
990
906
481
905
919
937
973
980
929
930
970
972
918
962
956
985
941
978
988
513
937
465
978
971
1014
903
457
958
957
944
1005
934
893
929
967
1020
962
941
934
960
966
994
974
901
1049
484
1015
903
965
1029
464
455
989
965
504
980
988
1008
967
963
915
974
972
952
960
882
922
968
929
506
941
1001
941
1010
982
960
936
883
537
955
980
978
1001
940
1023
947
945
921
939
877
988
946
950
955
933
950
491
941
886
515
943
959
965
936
916
970
967
989
927
958
954
971
956
1012
934
966
940
965
947
986
975
915
984
1003
971
928
963
954
436
938
991
947
995
922
972
455
1012
962
967
952
477
994
991
955
922
889
967
960
903
969
991
467
962
913
990
945
941
481
960
958
444
1031
943
985
914
972
924
941
944
959
979
987
1012
1023
1010
953
966
957
905
971
949
947
986
1045
947
987
992
1021
961
1019
954
1000
977
1013
456
475
1014
979
1026
947
940
956
949
993
926
922
944
948
974
977
940
982
986
992
1030
988
981
937
963
944
956
480
942
964
927
978
955
974
912
966
977
457
972
981
967
1007
464
996
951
979
932
984
986
1002
1003
446
480
919
939
956
952
954
983
1001
900
938
921
960
951
958
982
975
1021
987
945
993
966
915
1007
985
958
967
