485
493
486
494
430
449
489
492
443
490
442
444
242
417
446
459
492
481
238
452
480
488
433
482
456
243
484
198
511
439
482
453
439
497
479
451
519
447
495
224
228
454
461
470
465
232
473
483
226
262
229
457
465
212
441
252
427
451
479
473
483
444
432
480
460
458
232
444
221
419
454
503
437
512
434
441
516
472
460
431
485
480
504
460
477
465
452
457
411
445
481
253
231
252
463
501
438
465
424
457
435
503
490
465
254
468
457
449
428
236
497
470
448
470
435
484
460
503
446
421
485
445
461
417
443
477
490
477
472
455
485
434
507
429
452
442
441
480
433
500
510
439
490
441
465
448
424
458
470
475
449
456
442
444
462
502
458
475
465
436
422
474
457
425
468
436
448
454
462
456
260
479
214
464
467
247
465
446
446
478
473
225
443
501
450
516
516
428
243
483
472
465
462
489
478
421
435
495
431
460
268
459
479
493
475
252
409
499
512
473
226
453
227
458
192
485
434
430
492
499
464
431
442
503
447
483
463
486
476
413
239
493
473
238
521
449
455
457
437
433
460
433
458
459
424
473
488
487
477
450
445
476
498
228
461
486
422
473
242
444
435
478
460
445
469
238
460
254
461
476
453
448
449
464
482
501
222
467
473
263
454
495
489
492
494
471
500
487
488
447
472
442
527
457
483
454
462
441
456
490
476
444
508
208
505
479
443
502
440
425
240
445
446
484
477
468
483
483
430
473
235
454
453
475
459
202
466
468
482
472
488
472
471
225
446
475
482
476
433
451
466
455
451
421
470
413
227
481
448
477
462
431
242
493
478
515
450
508
443
494
489
475
462
437
450
400
468
482
465
524
482
491
456
434
451
466
478
449
203
206
486
474
481
466
492
455
507
482
489
431
470
466
436
481
403
471
466
470
475
491
474
466
488
500
473
405
486
454
475
452
411
459
467
497
486
455
540
465
491
449
459
431
417
470
434
450
490
440
415
471
485
204
481
506
227
439
478
449
464
458
478
448
477
466
506
491
423
499
503
518
472
241
427
435
231
481
440
473
465
485
412
481
438
462
425
503
425
441
478
469
444
481
227
217
496
469
480
501
498
500
471
475
435
469
454
479
497
465
445
450
472
243
427
445
459
464
466
490
490
471
487
436
472
484
465
446
473
224
441
474
433
477
209
463
489
451
469
514
494
477
442
415
485
530
507
478
477
467
489
237
476
456
461
454
479
471
484
486
434
461
486
482
453
450
490
473
460
203
241
446
285
461
461
477
438
230
483
461
484
473
472
423
477
462
486
492
432
461
217
476
461
441
490
466
251
461
199
437
493
237
477
479
443
489
450
252
451
515
440
475
433
439
453
475
451
510
430
439
452
478
229
500
481
442
492
465
476
499
493
508
504
456
399
486
500
406
471
532
482
461
489
509
480
460
489
475
460
452
504
439
456
443
481
457
488
495
489
464
454
437
449
515
445
438
452
442
470
476
456
499
452
464
231
471
502
458
432
233
488
460
497
414
458
474
450
461
214
454
426
483
439
486
484
452
197
485
475
481
461
462
436
223
410
478
460
450
470
485
427
428
454
428
428
458
473
483
442
250
453
224
460
446
442
448
425
419
490
493
503
499
478
480
486
448
441
445
470
464
203
517
456
439
477
452
233
443
485
443
486
408
469
484
467
531
483
453
440
461
515
208
223
448
233
489
428
470
438
282
428
451
477
472
476
495
427
433
513
480
439
444
460
463
459
472
474
458
478
490
439
483
431
459
450
461
477
456
504
477
474
450
432
505
508
460
471
489
462
403
442
453
465
445
477
453
446
485
411
493
481
474
449
214
442
472
465
467
454
244
454
482
449
453
484
458
520
471
485
454
478
454
471
465
476
446
248
498
465
453
201
497
453
464
515
505
209
480
495
455
454
477
490
505
479
453
409
502
436
470
456
466
480
499
496
459
465
483
462
452
481
509
464
198
475
510
448
464
475
487
478
461
487
454
461
492
437
237
473
456
233
474
450
459
495
218
494
435
494
434
429
485
445
423
491
493
461
419
463
447
469
449
238
221
473
482
441
404
253
240
492
422
490
443
486
440
442
461
457
485
472
506
412
490
501
489
439
471
480
519
485
460
475
474
438
464
491
479
450
229
430
458
499
452
466
478
465
256
470
531
487
464
451
493
501
469
519
467
466
471
496
420
445
228
441
258
203
437
488
475
493
236
514
491
451
503
443
443
424
446
238
426
461
237
408
487
461
447
465
461
487
493
461
463
473
495
478
502
466
462
173
424
471
465
474
460
476
489
520
441
260
429
453
499
471
430
421
505
433
444
237
500
491
476
450
449
246
447
482
456
473
446
457
464
463
462
285
438
486
484
409
482
452
242
481
468
469
500
440
458
221
482
482
453
442
406
438
488
196
491
488
447
490
435
476
247
479
469
481
446
494
491
541
513
460
468
202
456
485
433
521
468
436
452
500
442
462
436
499
447
455
469
483
479
484
471
504
456
499
489
451
482
443
427
445
498
464
446
499
462
473
495
494
434
451
392
473
216
468
439
472
488
430
497
460
476
467
468
503
481
230
478
421
468
197
499
464
465
506
458
471
481
479
448
480
458
239
490
469
480
52
478
460
460
438
437
495
478
423
450
480
443
269
462
478
511
437
490
444
479
454
428
470
513
455
454
212
489
415
458
466
444
445
489
472
432
487
522
446
455
476
483
483
476
487
458
435
442
477
432
448
255
486
464
463
452
465
466
484
455
458
467
255
216
244
462
480
206
480
444
510
476
486
462
405
510
473
225
488
459
438
438
463
454
456
412
421
447
36
479
432
449
443
460
411
432
486
441
492
264
503
454
427
429
445
436
487
473
440
476
446
458
476
478
417
406
455
459
488
439
236
460
450
455
468
498
497
459
453
483
487
473
499
472
413
452
404
450
477
429
478
460
477
503
498
453
458
505
450
493
426
467
453
504
461
410
441
507
448
462
443
467
441
461
444
421
490
460
514
506
484
438
468
450
429
477
436
477
429
477
430
467
428
472
225
499
440
453
471
487
472
471
460
468
511
442
485
491
245
446
488
409
490
442
491
478
499
458
474
442
483
201
447
219
463
437
425
475
446
444
492
462
472
421
489
462
466
439
218
484
458
456
453
471
466
462
482
463
471
442
449
436
508
457
500
435
460
476
469
481
453
482
453
467
226
478
378
435
479
434
480
495
513
430
409
466
475
445
427
453
474
477
447
458
434
449
432
467
476
455
493
452
505
441
436
436
491
444
497
467
448
434
487
475
450
509
441
430
479
451
481
467
463
469
221
461
456
486
476
459
463
477
507
453
494
490
436
482
476
234
458
432
531
447
495
234
451
463
477
247
485
511
443
477
438
416
436
409
483
466
498
440
453
441
453
255
464
469
482
462
497
464
441
467
452
279
0
440
446
462
462
448
459
475
459
456
473
436
481
434
445
452
478
467
480
417
501
503
417
430
514
481
526
479
445
436
490
264
499
425
479
460
476
434
465
432
400
465
486
495
473
252
483
459
458
456
411
508
245
512
474
397
232
473
238
467
440
467
462
462
439
463
463
486
448
450
501
481
457
457
457
449
478
467
489
438
436
515
484
502
472
443
480
456
512
485
452
450
451
468
225
472
264
476
461
466
497
458
461
514
466
488
439
436
463
215
482
286
443
476
468
494
468
468
506
487
502
480
200
483
505
265
471
471
428
472
471
415
444
446
215
494
485
460
458
477
487
517
245
438
454
451
421
499
494
528
459
233
452
461
438
489
414
450
456
225
427
435
469
215
504
488
461
489
432
533
503
488
467
457
449
479
423
462
476
447
402
483
481
435
462
437
497
470
475
471
452
221
226
232
453
460
459
481
445
441
456
453
447
514
461
465
467
474
497
486
478
466
494
470
448
454
467
438
457
469
462
445
440
490
493
520
451
478
475
440
437
502
482
467
464
435
468
466
454
264
491
453
463
461
463
506
473
459
476
471
471
435
486
502
192
479
452
454
487
240
478
483
460
463
461
471
221
15
436
500
247
493
457
500
460
511
474
446
458
439
458
431
228
472
413
443
412
440
476
430
249
473
483
444
472
462
485
487
463
413
455
458
456
455
461
477
444
484
244
474
495
446
475
476
471
465
452
448
469
446
455
465
499
480
463
484
493
479
508
248
458
446
494
448
475
229
455
431
456
457
508
424
465
488
444
480
455
462
260
473
458
475
439
502
229
498
236
491
456
442
488
442
230
486
449
440
474
476
512
227
453
445
485
442
253
464
219
422
488
210
466
486
471
454
456
477
505
427
503
462
417
414
457
462
480
458
232
409
497
467
459
474
496
460
497
462
478
472
479
227
448
483
446
468
451
487
513
478
255
469
468
500
468
448
499
482
462
449
397
473
514
518
504
264
227
481
468
519
247
467
461
420
447
440
473
492
494
433
512
483
462
496
501
430
463
456
444
455
509
506
467
489
446
246
459
485
445
456
482
415
502
473
506
481
439
474
436
463
268
471
471
273
474
437
484
452
485
506
485
486
462
481
458
467
447
480
464
470
442
455
482
419
464
476
475
507
450
485
478
504
455
229
488
488
458
399
462
476
459
488
458
215
449
461
508
508
228
232
482
236
498
455
490
488
496
491
506
487
478
474
482
453
485
423
460
431
465
496
491
259
486
472
455
461
188
464
252
488
477
454
439
475
479
260
486
513
458
470
493
467
450
431
428
464
396
490
461
460
495
480
467
423
478
457
499
445
429
481
477
449
249
453
465
396
0
508
435
452
428
398
494
497
403
455
459
480
417
485
474
242
471
463
497
484
239
469
490
463
496
428
468
479
253
487
483
487
479
437
259
440
438
278
456
241
462
472
458
401
421
479
421
467
471
436
494
464
468
457
500
482
506
496
477
466
480
237
430
459
467
451
441
441
454
258
501
473
249
447
468
16
419
483
495
434
253
464
466
449
422
468
453
476
243
504
468
208
467
468
509
482
260
418
487
448
426
454
478
480
485
427
466
431
493
453
463
468
455
478
473
298
223
477
461
478
463
422
406
464
464
441
463
417
465
430
209
252
429
474
256
471
470
435
454
486
441
495
417
520
413
451
499
451
474
484
494
187
479
460
416
457
433
481
444
466
438
460
469
211
498
453
242
444
470
491
473
461
402
466
492
234
422
428
469
491
450
471
497
463
501
254
454
455
467
453
495
454
471
440
486
488
479
443
465
449
243
484
498
447
470
479
472
485
475
445
514
439
464
503
467
497
508
473
483
499
207
197
515
469
486
477
461
478
413
478
446
488
410
425
477
437
511
443
256
480
515
455
459
217
477
435
434
509
495
466
483
420
507
514
461
446
223
476
409
460
484
460
429
489
455
452
459
440
475
484
460
439
468
480
461
492
479
453
229
459
438
447
461
446
456
476
477
465
449
424
473
256
493
440
474
459
473
461
424
416
514
439
440
478
492
466
225
462
462
464
439
460
515
472
504
507
446
483
499
447
230
491
450
491
472
489
454
471
489
504
462
439
493
470
448
457
481
436
495
496
459
464
480
473
465
450
476
427
510
471
478
483
482
472
245
498
461
441
371
429
498
441
453
473
442
441
472
499
454
236
478
494
481
239
465
249
479
226
480
463
190
482
524
494
423
445
477
473
505
489
476
259
423
252
487
489
466
503
486
442
476
233
507
483
431
476
412
439
513
461
499
454
502
502
250
212
481
447
479
463
443
448
443
201
453
476
468
456
446
474
464
456
469
258
479
463
471
477
494
235
474
441
471
463
456
474
466
520
491
450
490
417
448
213
493
423
456
449
446
445
486
491
443
486
465
463
478
474
508
234
415
504
221
431
445
450
465
505
501
452
472
463
450
434
464
497
463
453
478
439
464
479
492
472
460
472
443
426
468
463
471
486
438
450
501
485
510
465
407
475
484
480
474
451
505
470
459
508
436
455
484
496
447
449
474
456
477
531
482
474
205
485
244
473
480
476
238
475
448
456
466
450
459
444
465
429
420
455
465
475
438
455
494
481
467
418
445
459
511
513
472
438
478
466
458
464
457
474
470
518
469
478
435
468
423
233
455
444
421
467
487
506
478
198
461
512
464
469
473
468
447
453
463
487
471
474
237
495
488
491
460
477
435
506
490
486
472
465
442
458
455
442
461
439
460
468
511
249
224
505
453
222
213
454
451
472
443
445
445
244
474
516
467
504
456
447
463
471
455
465
215
480
455
491
446
438
462
214
445
441
461
226
518
461
454
429
496
471
450
443
224
503
473
491
484
495
199
473
493
463
475
431
443
455
251
482
426
475
448
443
435
459
451
442
441
263
461
518
475
198
459
454
453
474
459
230
475
444
479
461
462
476
444
498
197
489
476
461
479
450
478
440
513
455
475
494
249
511
532
442
485
260
483
524
488
459
0
438
449
443
452
226
481
435
472
456
457
218
448
237
464
444
476
491
511
497
483
486
436
494
489
438
490
535
488
493
486
430
450
423
458
425
483
420
239
468
224
448
481
453
482
418
230
456
469
509
221
488
454
465
481
455
477
426
466
474
431
452
466
481
483
467
510
208
508
489
481
213
445
493
470
511
453
468
427
461
484
495
473
467
434
484
412
237
452
243
457
480
229
439
506
474
478
487
473
431
465
451
458
474
226
468
463
449
440
469
467
218
479
480
428
497
468
476
476
461
456
485
236
436
462
478
470
460
455
472
465
480
435
194
468
498
451
223
458
492
470
429
470
498
431
468
486
484
253
471
467
503
246
210
442
393
497
419
471
458
479
256
468
454
484
430
387
249
457
505
482
443
445
460
432
511
473
485
435
415
449
431
223
212
450
451
452
448
223
479
468
490
455
520
446
475
463
487
476
467
483
450
468
444
483
433
480
510
453
467
216
464
456
459
452
486
432
434
214
490
481
491
452
501
249
452
439
439
515
248
460
438
490
440
425
424
508
459
471
386
250
435
481
481
500
470
463
466
427
445
448
476
477
240
440
460
467
463
453
477
499
188
443
469
499
458
467
478
457
476
468
446
491
438
461
481
409
494
454
470
190
500
449
466
440
423
474
466
473
450
488
469
474
435
506
465
419
459
452
502
502
461
267
461
510
467
460
447
459
268
481
501
491
494
492
436
467
491
246
468
499
490
480
483
479
427
448
495
458
483
466
435
419
436
0
490
462
485
497
485
481
458
449
246
439
451
421
447
232
468
477
476
476
471
221
454
452
452
456
475
472
507
485
405
519
474
470
484
484
473
436
237
200
515
458
456
223
481
413
517
476
465
540
459
410
477
485
272
485
432
467
453
469
446
249
464
505
197
486
459
493
233
486
213
470
514
492
249
476
445
506
477
493
423
455
466
439
493
482
479
452
426
475
505
485
456
466
471
496
452
479
432
475
278
438
443
454
472
477
438
239
489
473
514
435
488
478
492
229
474
466
493
530
486
254
395
463
489
253
529
488
449
500
455
437
469
236
424
482
480
467
463
440
500
441
215
405
459
504
489
473
492
447
462
455
417
467
245
487
489
246
431
468
478
462
477
462
514
447
513
526
462
211
498
455
459
492
486
488
449
490
495
468
488
442
460
487
217
467
491
243
488
489
464
453
477
481
456
427
485
496
470
503
0
475
429
461
523
443
479
450
480
445
225
432
424
455
487
486
497
499
428
432
446
462
454
482
473
459
470
190
470
239
488
483
502
502
469
244
499
439
450
440
215
481
481
458
406
464
533
467
458
512
503
459
448
482
479
494
476
475
468
499
441
459
443
463
491
474
495
443
228
449
439
502
458
482
474
459
446
442
518
500
481
487
489
434
490
503
429
446
482
256
230
517
452
447
474
449
491
453
444
455
445
458
487
479
494
454
489
429
235
472
466
459
498
444
210
480
420
464
449
480
238
429
494
38
262
248
440
475
458
473
472
489
448
471
497
482
447
479
472
437
511
421
427
493
498
465
470
240
433
488
206
422
499
450
222
474
463
457
434
475
398
428
467
223
479
502
482
426
465
482
454
508
522
221
486
478
454
410
458
457
441
440
482
444
476
433
453
467
247
417
480
463
481
217
444
470
498
459
481
447
465
462
482
446
463
460
494
462
459
455
445
491
493
466
490
476
430
470
256
467
455
454
465
437
486
444
482
485
442
446
451
457
463
489
455
504
481
470
457
468
483
413
426
478
505
522
490
452
500
419
229
467
235
457
504
492
484
449
219
438
474
489
475
456
481
397
452
232
497
49
457
460
476
506
463
469
449
456
446
459
195
460
498
518
484
465
496
476
488
489
486
457
430
477
491
100
475
469
472
480
464
510
483
436
475
413
479
467
477
438
475
461
452
462
449
470
474
446
468
471
490
419
461
470
479
251
196
491
216
478
229
469
458
454
480
484
419
504
525
477
474
542
446
421
506
479
480
457
452
431
479
470
443
477
469
462
428
241
504
467
449
512
431
480
438
442
450
492
495
227
468
507
458
485
530
452
495
482
494
450
462
414
437
466
503
471
458
426
460
448
452
492
504
456
500
450
489
423
463
484
488
463
421
429
417
441
464
423
459
484
472
470
452
444
439
431
428
447
432
467
472
262
510
445
466
463
472
505
428
394
459
496
467
472
463
479
475
435
432
493
447
265
476
457
499
505
493
505
473
475
450
225
437
412
510
456
471
470
425
464
459
425
484
437
461
479
237
470
483
432
222
473
473
476
254
479
442
465
241
445
490
225
464
498
502
485
445
435
481
489
513
467
461
435
456
488
421
473
32
535
453
484
234
557
474
422
459
417
444
470
437
455
485
490
476
444
423
495
443
470
431
465
442
471
480
429
486
494
470
242
466
444
502
483
445
513
425
458
477
483
215
274
456
469
492
448
469
456
489
499
446
477
463
410
425
260
483
469
481
471
511
497
469
473
420
470
488
493
233
262
442
439
453
445
246
479
488
468
437
436
448
490
471
470
524
450
421
481
492
473
505
463
472
470
448
468
483
478
493
496
463
460
254
482
494
482
466
525
480
468
502
233
477
463
421
466
451
459
453
467
453
422
456
496
474
445
484
492
456
221
455
472
456
417
458
251
446
230
493
462
236
473
517
542
452
457
473
187
405
449
475
490
474
487
423
430
504
451
475
469
489
459
507
462
472
449
221
474
509
446
447
236
472
186
244
477
454
457
498
462
453
499
494
475
238
425
464
463
449
468
480
240
204
464
459
478
460
450
408
474
463
231
447
442
463
470
450
462
448
463
443
452
511
484
483
416
450
457
470
470
481
439
502
457
448
471
470
483
443
455
469
448
486
462
445
473
490
465
428
446
436
468
488
462
495
253
478
253
498
456
470
530
483
431
235
492
472
469
459
447
464
490
430
485
437
200
230
431
463
434
450
451
422
463
483
482
466
473
476
420
0
470
458
431
221
420
444
500
471
492
505
469
481
473
459
441
444
189
210
442
500
479
489
470
393
436
457
428
473
459
444
432
489
480
245
423
501
438
447
453
494
525
479
462
487
492
458
467
472
459
401
462
235
259
465
453
35
452
464
457
515
418
456
456
495
438
494
473
512
490
476
454
449
438
432
477
438
460
469
429
472
437
518
516
472
466
475
453
490
245
518
498
502
472
484
522
474
400
466
464
517
509
222
468
458
211
247
241
455
504
472
459
189
457
453
409
446
450
477
470
491
271
474
454
478
412
473
483
460
468
394
480
478
492
432
455
487
470
469
484
461
487
462
488
500
446
440
442
459
470
419
476
456
456
485
475
438
488
458
459
433
466
491
494
517
244
446
446
464
533
429
447
478
477
474
468
472
440
519
466
480
473
241
478
482
507
472
483
455
482
0
470
469
217
472
457
477
488
488
464
453
496
453
485
455
449
466
481
471
253
496
235
469
475
492
460
484
483
469
470
188
467
451
182
501
470
470
470
491
449
376
478
419
420
475
415
453
523
481
463
456
220
453
418
471
464
474
419
446
474
509
468
482
453
237
246
472
437
474
446
434
445
481
452
511
458
442
479
454
513
241
488
418
490
474
420
440
487
456
477
483
239
435
478
478
60
496
455
490
505
454
466
463
440
460
256
423
432
208
465
465
217
483
461
449
473
460
468
463
468
478
462
478
458
460
473
468
482
456
492
481
487
453
485
461
479
490
495
492
463
250
469
501
452
431
492
474
469
479
0
436
481
475
489
450
482
486
433
477
483
498
239
447
475
437
516
482
437
447
468
415
492
472
463
226
488
487
467
491
495
481
458
420
447
436
243
471
427
464
468
453
474
507
459
480
493
444
487
452
492
501
468
232
479
475
486
451
471
461
456
452
470
385
467
279
484
466
528
492
459
428
482
446
485
505
457
464
453
471
412
412
448
437
490
465
485
491
423
478
229
462
493
509
431
443
476
489
438
481
493
445
464
460
472
490
454
472
217
497
459
448
472
458
475
266
212
478
481
472
450
509
424
451
494
458
498
244
404
429
492
477
425
514
431
238
449
456
247
437
482
451
440
498
497
511
453
466
472
447
430
441
492
467
487
496
441
434
482
492
414
422
478
429
222
471
223
493
464
446
435
498
459
459
460
222
467
478
506
474
479
475
452
484
410
485
482
483
483
465
238
473
487
471
466
472
463
247
425
480
459
415
467
470
463
477
435
495
483
511
457
440
469
243
235
236
478
452
478
439
493
253
499
464
447
481
481
427
225
433
484
447
448
469
447
456
508
60
490
256
501
412
228
473
434
433
480
415
432
486
410
449
479
478
487
472
473
500
488
411
238
483
433
426
512
470
472
422
449
483
495
255
481
444
406
464
485
464
486
428
488
472
471
451
497
489
457
53
492
479
244
474
488
430
473
213
274
461
507
437
493
462
474
464
481
253
453
238
503
442
445
494
411
515
454
443
454
460
446
511
456
443
475
491
475
421
220
459
508
476
472
463
462
478
444
468
460
484
444
470
479
495
446
482
458
483
442
507
493
450
479
467
491
491
451
457
468
432
487
441
477
456
494
477
412
441
438
481
429
452
480
473
467
457
488
464
452
491
477
524
467
505
482
468
496
469
501
448
195
475
428
449
238
455
481
502
478
438
446
451
426
251
452
497
431
477
247
486
484
491
447
485
464
419
276
469
491
507
480
455
456
419
463
493
448
433
478
499
476
432
490
474
247
480
453
465
461
454
481
422
484
444
491
24
508
459
428
467
500
453
469
481
425
476
406
404
448
446
443
508
451
440
454
471
472
471
464
493
514
464
487
463
483
464
502
451
459
459
476
491
474
446
493
473
247
435
449
474
242
493
239
447
455
487
418
422
485
487
466
480
474
463
491
198
450
445
503
467
448
415
493
508
497
473
218
239
0
439
486
469
448
462
462
475
471
452
492
487
462
475
451
513
439
437
449
499
215
449
474
509
442
454
465
213
459
448
478
507
472
428
448
468
492
440
457
480
466
465
476
511
463
263
442
403
502
226
465
459
461
455
468
490
465
494
413
491
414
420
446
472
500
477
503
520
472
465
441
477
497
455
475
456
518
458
442
458
480
520
231
418
463
457
435
436
461
487
441
423
515
464
440
457
469
231
451
499
461
247
452
466
477
510
491
508
483
512
502
420
446
516
486
417
215
465
494
490
485
492
260
447
453
459
454
444
478
435
477
460
209
456
461
516
442
462
408
207
475
239
427
458
460
457
450
426
494
440
446
510
463
441
442
220
478
464
486
228
462
491
493
465
459
218
440
470
442
454
492
454
467
419
460
248
481
202
481
422
451
483
482
484
456
442
508
490
466
519
441
464
213
467
464
247
428
450
257
239
472
461
235
468
476
473
437
500
463
451
446
478
441
460
438
465
474
412
470
451
440
445
470
473
434
420
216
220
237
451
429
207
263
467
470
452
431
492
480
477
493
481
435
474
494
411
447
491
456
512
481
211
421
457
453
460
437
487
204
462
445
457
469
423
473
477
468
490
461
461
255
462
439
431
446
469
498
501
449
475
389
473
440
452
455
504
468
498
465
427
439
470
459
473
497
472
471
496
500
441
471
464
449
222
497
496
417
250
442
502
453
456
474
478
236
448
480
499
447
485
481
463
515
468
507
451
444
438
457
451
450
458
486
465
494
223
475
468
471
479
450
457
504
399
468
476
483
476
453
474
422
449
476
421
464
439
427
449
496
442
458
468
476
440
528
475
222
450
476
315
431
437
484
458
527
468
453
523
450
493
464
462
478
488
458
487
460
464
482
463
457
501
468
459
520
458
241
518
492
516
467
469
447
480
475
460
502
461
253
452
462
428
501
479
515
484
476
445
209
462
469
243
213
440
460
463
478
514
476
475
470
506
248
220
475
264
455
245
490
441
441
494
491
449
203
478
460
447
528
459
479
434
473
497
493
463
486
522
475
480
450
476
500
465
444
492
474
414
508
455
461
498
477
439
479
446
418
436
464
460
195
472
499
458
474
224
445
429
476
439
461
422
441
498
250
505
216
442
465
455
489
429
228
491
466
451
449
453
420
507
498
449
477
426
470
445
458
470
257
491
473
457
431
490
458
442
449
470
488
238
456
496
238
454
432
441
435
485
483
486
460
441
449
451
463
544
477
480
450
371
503
451
454
466
248
450
467
477
471
453
473
476
459
455
499
489
474
510
505
479
223
463
197
459
509
474
457
482
435
432
512
502
478
414
470
470
471
481
442
488
450
441
420
449
444
492
449
476
229
473
456
241
485
471
436
457
231
495
454
470
494
485
518
397
467
497
430
482
486
502
447
464
422
449
484
528
508
481
499
462
529
470
461
455
491
453
472
466
271
440
469
490
500
409
491
490
489
256
494
456
461
456
469
484
492
462
494
239
433
461
453
478
504
474
527
454
468
460
422
441
481
226
502
401
475
240
493
461
461
471
456
443
429
232
471
469
498
447
517
433
457
484
262
450
452
460
502
466
477
432
435
408
455
456
475
470
468
448
496
461
437
470
450
470
489
466
461
478
513
500
490
437
470
442
452
469
468
478
496
485
476
460
203
434
468
493
462
480
442
506
500
448
471
220
448
467
450
461
415
537
451
230
504
503
480
455
508
471
449
453
503
461
520
474
43
428
469
251
511
520
213
488
471
493
493
462
443
472
473
478
448
480
468
508
417
467
449
244
465
458
481
398
459
474
447
455
432
470
459
461
464
438
434
439
468
459
479
481
441
239
466
495
453
469
466
480
462
509
456
453
491
449
465
511
435
470
193
408
237
482
482
458
456
501
443
472
441
469
453
479
486
393
446
491
475
468
482
483
483
474
455
457
489
452
437
415
499
505
508
538
463
438
481
477
482
442
499
475
469
488
437
489
440
472
508
445
455
501
435
455
242
470
432
459
473
451
469
443
466
465
432
437
470
470
483
447
506
253
495
472
475
482
481
250
460
464
460
232
473
449
480
459
500
453
480
479
450
45
479
463
432
490
495
509
438
485
463
472
456
499
480
471
493
494
443
423
432
456
461
452
516
515
477
259
451
465
467
454
464
468
424
433
468
478
240
503
472
431
473
507
448
250
217
475
424
493
230
409
488
502
407
504
487
513
438
245
426
460
489
463
411
492
466
523
471
254
419
459
496
237
493
448
433
463
463
442
515
493
441
453
491
431
441
471
477
474
469
443
486
423
434
462
498
483
406
459
466
435
495
469
469
425
448
437
492
456
457
443
231
504
440
424
448
477
448
439
218
489
485
446
446
440
462
431
430
434
503
485
452
495
456
449
487
466
462
518
444
451
520
492
485
459
472
476
481
455
495
486
244
230
441
458
490
510
268
467
462
469
486
465
447
438
472
251
467
477
479
477
449
503
443
486
446
460
477
447
498
474
475
483
450
487
435
402
499
488
455
423
471
450
437
457
477
394
462
474
236
477
466
486
472
477
450
238
464
491
490
505
455
503
437
460
464
452
473
496
463
460
232
476
468
452
250
444
216
502
422
457
482
491
500
482
486
488
469
480
465
484
449
464
462
469
503
495
477
377
472
462
458
427
228
470
503
505
467
470
489
473
428
242
475
459
451
436
452
481
431
473
490
465
472
440
481
451
454
234
478
244
260
238
482
204
434
442
481
527
468
434
459
466
490
487
461
450
201
480
504
491
446
459
515
459
450
441
489
455
443
520
485
490
472
455
450
458
451
463
493
445
480
461
497
241
438
444
449
486
467
463
489
237
457
444
500
454
471
469
480
451
471
470
247
468
489
463
472
408
459
437
473
429
390
481
479
450
461
470
459
444
479
416
469
469
469
474
446
260
480
464
505
443
428
373
237
456
445
460
459
480
511
449
476
444
454
459
251
471
239
462
472
448
463
235
478
513
464
460
476
448
478
457
230
450
488
456
530
458
230
463
463
467
220
406
463
480
454
458
458
456
442
456
446
243
501
478
468
484
467
453
231
479
253
474
482
495
449
488
445
482
531
436
504
495
223
515
471
447
481
436
443
468
441
503
465
491
477
485
484
237
483
480
494
441
485
494
95
259
459
520
427
457
444
510
464
475
450
522
432
444
246
454
451
461
232
449
252
500
497
439
498
483
479
465
440
496
437
429
456
466
231
525
444
460
244
479
470
494
494
489
473
487
454
392
463
436
426
480
466
456
428
461
503
446
425
469
468
430
494
481
450
464
443
442
494
465
484
479
422
459
452
436
516
493
244
419
441
259
444
465
456
462
492
461
503
471
501
230
472
476
459
470
478
242
471
251
475
244
456
472
463
236
508
228
424
466
233
468
484
501
487
218
494
435
474
436
436
465
222
216
265
480
451
457
427
480
472
214
481
476
509
219
476
497
258
491
221
488
476
456
449
453
463
466
475
491
506
481
470
249
463
456
414
475
496
240
450
210
429
230
462
453
455
501
461
213
537
448
490
442
463
440
430
492
478
472
477
460
461
495
469
454
476
491
454
424
433
463
416
413
495
463
238
452
494
476
461
479
248
449
478
472
436
477
441
455
504
452
471
459
484
475
471
417
476
450
489
0
436
455
451
227
459
502
465
435
492
493
502
506
477
448
498
479
474
472
475
440
471
467
517
450
463
447
438
457
444
475
511
461
460
494
482
470
472
461
449
479
491
462
216
450
479
478
227
474
413
473
466
451
485
427
425
490
227
477
456
495
465
434
490
234
464
494
514
484
453
471
467
493
506
482
473
479
452
485
204
439
485
478
483
228
471
425
462
488
437
469
515
424
431
432
471
457
450
197
460
447
436
439
490
466
439
470
492
487
502
450
454
431
495
433
449
470
495
465
482
203
452
485
478
475
439
457
497
242
427
518
452
464
437
482
475
459
223
469
453
457
468
459
458
452
476
458
469
511
471
478
239
423
470
466
421
507
480
462
472
477
468
496
443
457
461
471
472
245
462
449
467
478
469
468
479
453
440
401
445
419
501
439
405
468
442
443
443
453
462
490
447
491
430
479
470
436
464
442
451
490
511
441
511
499
477
497
488
470
487
469
482
498
244
470
448
446
438
436
434
466
461
463
456
421
462
421
236
457
442
453
495
460
467
450
246
482
246
454
481
491
469
471
453
478
516
455
463
522
487
456
506
469
458
442
441
464
445
439
439
435
492
449
270
491
452
452
226
449
438
479
454
479
496
447
475
407
490
445
472
260
446
488
490
475
458
464
256
214
456
455
465
468
508
455
482
440
419
460
433
254
476
412
458
476
456
436
443
251
524
466
447
460
463
460
493
238
475
470
416
463
463
472
399
464
480
492
415
460
450
414
459
479
237
454
483
443
502
467
458
500
456
496
471
504
480
497
467
470
479
482
466
487
445
446
467
488
255
451
464
477
474
456
391
449
478
474
460
265
468
458
491
475
470
438
243
467
484
444
480
462
488
240
419
486
474
495
464
496
481
496
444
486
485
235
455
217
485
255
498
492
453
515
449
520
448
212
477
451
421
495
460
455
419
498
464
471
461
469
467
531
481
193
445
505
466
442
237
42
441
239
479
444
478
467
475
388
484
500
472
466
482
475
472
245
450
499
496
470
472
474
446
438
492
465
445
452
479
499
499
492
497
209
453
410
474
493
477
476
433
231
455
464
516
448
463
485
448
450
478
491
515
470
461
456
493
501
495
490
453
464
487
217
465
488
436
480
493
461
479
486
434
489
476
482
424
427
472
479
451
459
494
463
482
456
400
444
478
451
480
465
471
482
427
449
486
439
519
478
481
460
499
443
244
454
478
466
496
260
412
448
452
485
457
502
481
212
443
216
493
448
488
508
485
474
478
456
476
438
483
436
447
478
468
468
479
423
480
511
449
461
484
474
444
478
488
446
234
506
502
465
412
485
480
483
434
453
475
441
448
440
465
474
481
446
492
450
487
458
471
459
412
477
475
464
473
463
450
469
465
517
464
252
475
513
197
470
463
512
498
248
452
468
468
422
501
462
440
462
244
485
497
530
483
474
481
440
461
459
496
447
476
514
479
497
469
464
466
433
461
471
462
480
452
471
517
418
230
435
482
488
502
478
457
470
441
465
452
498
488
461
505
474
452
219
480
415
510
475
453
469
463
450
464
482
481
441
447
496
465
455
503
456
458
463
450
514
226
510
429
228
513
462
508
226
461
488
454
504
457
448
476
458
477
496
479
194
462
451
462
479
417
460
247
493
461
478
442
436
473
503
464
506
470
499
455
493
450
486
482
414
456
440
475
447
465
452
494
466
493
487
460
489
508
445
439
469
472
478
458
464
479
464
202
182
469
456
246
481
505
479
458
467
468
416
461
445
452
483
458
460
428
444
447
471
451
466
455
442
475
481
450
224
464
490
465
522
505
453
490
497
252
501
466
480
457
467
453
234
443
453
446
493
470
412
459
465
450
477
444
475
465
487
479
468
491
459
482
481
470
243
466
469
425
457
468
493
443
459
470
218
469
460
425
445
492
453
469
494
482
451
479
481
505
496
466
505
471
245
442
493
450
472
466
457
499
485
486
448
490
486
460
473
442
451
447
235
504
473
419
211
449
476
241
487
208
488
471
424
468
444
474
455
465
496
446
444
428
218
462
492
460
478
468
229
199
478
479
444
427
474
480
439
466
452
428
503
445
447
430
433
483
240
459
474
473
493
489
485
457
452
501
453
460
206
461
439
221
520
494
229
450
474
462
436
457
473
249
462
221
467
489
448
441
464
466
444
472
469
440
465
481
521
448
494
394
466
501
228
503
236
469
474
463
505
452
456
468
480
425
472
422
480
469
463
465
472
471
463
496
442
243
448
464
468
208
475
472
245
462
248
470
498
453
507
430
469
198
478
441
488
476
476
462
468
480
510
442
445
521
500
433
242
462
463
458
458
480
440
492
487
483
465
429
488
469
482
464
501
461
403
504
458
469
450
497
261
482
261
466
432
471
490
249
454
485
446
410
482
488
486
457
459
478
460
444
483
503
441
477
456
456
487
448
431
419
437
433
424
475
471
451
504
453
497
507
479
481
451
455
466
477
439
486
431
475
242
425
513
450
471
446
482
473
461
512
409
505
234
480
441
494
470
449
506
494
460
458
468
451
460
450
459
454
453
460
466
481
486
488
444
475
490
492
538
472
480
460
486
444
473
471
468
476
469
447
476
255
452
463
226
503
467
465
441
497
478
421
452
435
241
137
461
411
482
449
490
477
476
490
476
206
434
200
455
444
512
490
466
439
250
478
434
488
454
425
459
472
475
463
468
453
488
472
461
457
229
443
465
459
452
437
455
236
481
409
454
464
462
467
507
460
506
446
518
456
450
488
511
503
481
247
449
496
481
456
458
469
457
485
439
484
495
455
467
451
461
453
513
464
420
452
433
253
500
444
483
485
454
450
233
461
456
371
492
478
218
436
435
400
412
470
215
468
497
464
470
430
490
452
426
253
454
466
449
485
479
462
459
445
463
459
458
225
422
487
495
480
470
460
464
438
452
471
458
465
431
471
500
475
456
479
510
413
0
476
483
453
463
485
477
504
424
489
456
496
413
509
238
201
457
427
479
448
457
475
459
456
459
460
394
457
472
476
237
488
483
492
472
456
458
447
259
451
458
482
476
451
455
490
486
479
452
439
481
469
477
511
486
473
457
520
460
488
505
509
447
443
454
467
487
493
442
398
464
418
463
229
504
472
446
242
457
488
490
457
500
486
458
482
464
497
488
478
509
443
240
491
427
473
449
485
424
441
451
455
504
463
514
459
455
430
227
484
442
422
438
492
444
432
421
481
459
478
460
443
443
477
450
430
435
236
454
295
42
425
542
466
489
413
443
466
509
471
490
468
502
492
472
455
455
242
470
477
518
426
424
455
474
460
239
438
462
419
436
467
452
472
475
424
456
455
464
460
476
477
427
481
223
470
396
206
492
201
238
463
220
434
452
235
418
474
506
477
435
489
482
471
250
478
490
479
498
460
485
480
474
470
459
495
471
499
471
436
474
457
452
505
476
491
470
418
250
454
508
442
470
473
492
439
488
488
457
439
465
460
491
416
472
461
446
455
460
496
429
454
460
480
474
456
461
473
468
461
437
228
444
454
447
442
419
456
253
498
218
436
486
505
241
464
236
471
476
223
464
450
235
429
429
452
470
459
480
421
466
475
455
453
453
506
471
512
508
276
472
242
488
472
502
460
221
495
471
460
481
459
399
444
491
407
455
477
448
474
494
469
477
406
473
251
511
439
468
501
235
219
474
476
247
493
495
481
477
429
434
497
494
467
460
413
426
449
476
241
446
481
447
453
468
509
470
410
267
465
443
457
500
470
517
468
445
425
470
421
479
505
472
466
454
472
202
475
433
257
490
461
478
471
433
467
476
500
429
460
476
458
468
492
470
484
481
456
480
462
441
440
463
483
487
459
455
449
221
478
500
472
478
453
470
232
481
422
454
479
247
498
487
480
443
454
478
413
444
472
478
216
494
417
488
440
445
228
458
447
190
527
470
461
426
458
430
477
454
443
473
468
474
522
483
455
494
463
434
484
462
446
475
507
506
481
480
523
501
508
456
468
479
496
231
257
505
482
503
456
448
507
475
467
486
438
428
471
440
467
405
464
480
486
528
497
462
453
491
447
495
242
468
444
430
475
464
436
432
474
478
201
471
466
505
435
215
501
479
481
459
436
491
475
449
234
238
464
450
441
471
452
455
493
445
470
414
450
460
429
507
480
508
484
487
475
462
461
499
476
484
451
