861
814
338
799
810
760
789
792
794
784
769
795
845
794
863
748
830
768
333
802
787
803
834
327
765
845
793
783
807
321
777
830
805
766
797
297
826
753
774
830
791
794
808
778
808
317
819
771
777
819
252
782
820
827
820
767
798
794
812
815
809
778
763
819
302
325
776
789
812
781
780
800
787
801
776
819
840
834
777
860
793
841
765
808
817
771
812
260
835
315
802
789
772
783
817
804
775
828
845
787
812
777
782
837
262
830
742
838
777
798
716
792
802
786
310
803
814
769
824
816
795
820
824
789
735
816
853
820
785
817
770
815
791
774
766
819
815
805
782
798
774
781
776
830
779
786
810
339
831
790
347
839
782
846
302
805
333
780
768
799
323
808
775
763
795
774
813
326
822
791
785
775
799
804
769
787
756
787
794
279
788
772
829
819
848
771
830
826
356
768
755
803
812
784
799
816
788
315
821
801
776
794
820
817
823
817
777
790
781
820
795
804
323
772
805
794
800
774
817
751
330
804
788
848
785
787
809
763
825
762
817
807
812
802
797
789
828
832
814
806
771
843
799
809
841
269
785
837
264
783
771
798
757
782
767
744
793
767
856
818
784
812
846
769
805
813
265
259
809
827
828
771
825
359
783
298
760
737
861
772
784
853
771
818
820
816
771
816
821
810
825
857
334
797
738
807
825
845
828
771
820
817
818
787
808
806
809
818
830
774
805
793
852
741
803
295
834
831
771
802
761
820
781
798
837
778
762
794
281
837
819
845
787
838
790
789
780
790
859
838
768
774
792
800
814
826
850
797
805
764
300
812
834
762
806
815
783
774
807
845
807
336
334
765
250
827
814
785
776
792
332
729
328
790
822
305
810
807
283
815
829
757
786
799
758
785
758
763
807
759
820
767
821
801
829
779
776
801
791
796
327
772
755
350
792
806
744
806
788
799
765
810
809
791
796
836
771
801
823
817
812
766
794
782
875
838
872
814
835
765
811
257
847
797
836
332
773
780
821
745
332
785
788
841
790
324
310
838
808
810
807
851
812
807
832
785
794
325
303
804
789
776
790
791
834
820
785
762
833
800
828
780
314
757
805
790
817
786
856
344
808
769
817
802
823
815
769
809
806
807
860
837
797
818
328
791
768
839
289
810
820
829
779
769
314
824
769
850
766
801
797
774
733
790
777
268
792
825
755
754
823
803
321
788
799
290
825
821
339
807
800
807
334
785
787
322
805
788
746
769
777
847
801
820
836
770
799
806
843
829
338
775
327
807
840
772
819
809
806
800
308
857
777
777
818
339
349
818
771
816
326
777
800
836
839
813
771
795
808
319
865
821
347
725
830
833
843
842
816
780
789
802
748
836
834
814
794
817
820
768
801
821
818
806
827
798
347
355
795
816
768
801
798
824
794
824
749
811
787
818
834
331
300
722
343
805
793
793
821
821
786
829
799
753
745
779
785
804
821
804
793
312
758
815
792
810
309
798
808
337
785
305
783
768
794
779
796
797
793
812
336
329
841
826
838
331
819
828
697
338
786
779
847
791
835
833
847
732
760
809
816
813
809
847
222
758
847
856
797
348
802
795
808
755
814
292
760
769
808
732
751
854
814
768
755
820
824
309
768
757
840
752
772
762
806
841
792
780
758
806
340
315
816
791
840
794
863
825
842
782
774
772
834
762
779
780
847
827
787
825
786
817
805
765
297
764
813
776
807
803
771
854
821
314
840
223
766
805
793
313
773
806
802
794
752
831
772
285
815
806
342
763
805
802
294
779
759
254
809
736
326
818
756
788
825
820
777
754
325
793
765
841
783
847
779
828
789
796
816
286
793
320
305
777
807
855
802
854
810
783
794
779
795
857
790
789
322
851
808
322
829
863
815
786
798
800
795
344
308
315
820
791
753
802
839
808
829
812
829
737
867
862
800
790
815
326
833
824
563
782
342
801
779
762
772
790
796
847
819
842
775
772
768
766
791
317
815
861
794
831
826
818
796
298
790
810
798
305
784
799
801
812
794
809
337
836
776
867
821
317
766
778
323
760
812
794
828
832
263
757
798
807
783
804
267
300
836
776
322
789
814
321
783
786
851
845
846
808
244
297
338
765
775
861
835
774
760
806
786
818
323
801
831
772
791
865
780
822
254
799
833
758
797
780
757
329
802
815
322
811
857
872
796
827
761
824
334
749
766
804
850
840
793
783
796
796
844
800
818
737
838
888
836
771
810
759
786
810
812
718
815
776
857
782
804
828
800
293
821
763
812
801
260
770
753
754
792
866
745
761
773
755
607
820
776
800
359
814
252
795
813
808
773
844
773
852
841
784
783
760
804
779
844
794
806
839
782
709
805
791
797
850
798
335
819
808
822
788
773
825
832
835
775
345
825
841
804
832
801
834
277
818
835
798
820
766
741
796
806
803
811
821
836
342
789
824
338
773
805
739
813
738
844
781
787
756
757
813
773
793
811
793
785
847
808
741
771
813
328
830
771
772
810
781
791
813
814
811
800
800
806
833
788
321
782
282
789
821
789
252
803
788
845
825
853
810
792
780
323
326
785
819
833
761
802
776
790
798
320
792
808
806
786
767
295
770
302
768
793
327
811
855
819
812
800
788
768
790
800
776
773
791
788
823
787
788
785
862
801
874
794
796
781
843
830
781
322
324
779
781
813
832
859
326
752
791
870
768
801
764
812
344
435
723
821
810
806
783
360
790
344
371
823
896
777
852
255
836
763
781
757
184
839
846
825
816
817
336
841
806
775
805
761
779
786
775
854
781
777
749
795
814
797
819
812
329
784
800
795
825
797
825
798
803
779
333
777
875
789
810
782
725
804
804
787
802
817
794
790
814
820
837
763
764
797
806
814
797
740
336
824
825
796
774
770
850
826
814
296
790
303
797
804
860
798
792
796
806
790
795
824
796
790
774
816
781
790
789
786
820
774
311
773
799
746
813
838
312
333
339
789
836
797
333
854
779
758
799
787
827
746
811
826
811
816
859
793
789
805
777
792
844
837
820
785
790
796
842
807
821
770
789
806
768
811
332
769
813
212
271
772
335
812
833
791
315
783
826
771
825
312
734
805
808
342
822
802
302
792
808
806
779
797
867
297
776
789
812
803
815
859
824
777
288
787
316
808
819
783
305
819
748
797
794
336
814
758
848
834
805
811
826
817
795
804
791
843
827
794
802
811
824
778
773
772
773
690
798
837
811
781
758
726
796
792
788
811
864
799
814
814
851
825
828
815
819
805
863
785
338
787
759
791
815
844
830
776
768
797
815
814
349
779
801
757
761
783
808
799
814
831
803
787
765
831
782
784
753
800
814
771
793
786
820
323
798
723
805
809
787
807
360
756
781
799
753
776
733
801
751
810
819
798
830
765
822
767
791
835
814
798
812
823
325
785
783
266
811
813
320
797
782
814
787
828
326
779
808
770
759
786
327
317
342
825
751
326
784
786
818
809
785
301
817
760
817
765
779
764
771
784
770
316
768
747
839
766
833
857
806
845
833
805
764
825
840
296
794
781
770
822
816
795
340
844
822
779
791
771
766
823
333
836
878
792
784
326
840
280
812
792
324
750
315
782
856
783
786
810
790
798
789
336
825
792
323
789
314
805
813
790
823
810
781
826
280
773
816
805
764
805
817
825
831
816
821
803
798
767
847
801
866
324
779
333
761
804
758
791
799
779
812
791
775
826
821
834
787
791
756
716
764
749
820
797
796
786
346
767
812
828
790
813
799
793
836
334
780
829
750
859
831
798
313
347
301
758
334
322
784
826
819
798
811
772
810
793
712
757
274
788
795
776
782
776
820
792
781
772
324
760
275
801
781
873
798
791
802
759
815
810
810
842
783
807
792
343
290
805
785
772
790
820
851
813
815
807
770
796
814
796
790
847
340
816
828
815
785
800
812
774
782
839
752
784
811
318
810
843
761
291
803
783
805
789
752
824
787
756
786
826
858
734
799
822
820
834
774
806
805
810
782
821
857
835
865
819
837
797
853
860
829
797
748
799
822
801
852
818
798
765
806
341
806
809
806
781
793
796
340
782
835
781
795
814
343
846
831
806
766
321
779
795
310
744
757
778
787
751
870
766
338
830
859
833
811
813
811
809
760
785
779
316
291
790
804
847
792
812
799
783
787
819
797
786
859
759
348
354
290
808
835
817
839
821
805
779
812
792
840
790
796
777
831
791
781
333
838
789
848
783
790
795
795
341
828
807
772
792
772
814
828
809
736
865
301
843
815
770
740
325
791
815
800
334
831
806
778
856
803
807
745
326
766
791
807
798
803
787
754
807
325
793
779
797
323
756
807
813
792
865
799
828
263
812
809
760
784
0
341
785
811
782
795
833
754
772
823
800
760
825
821
844
803
859
748
830
783
753
792
813
811
828
797
788
761
748
770
789
821
813
797
804
767
789
818
671
814
791
806
798
806
766
832
825
304
786
781
810
814
349
238
780
822
769
818
745
845
794
809
778
250
751
829
830
798
801
771
823
796
755
304
837
809
839
819
795
331
785
797
764
782
335
822
794
772
292
796
841
829
783
265
793
833
824
759
333
311
800
808
776
751
276
310
800
865
791
830
808
782
841
789
816
786
820
770
787
848
806
813
252
323
791
826
813
784
790
320
845
352
315
333
777
838
827
787
809
811
791
820
836
820
834
309
778
819
855
775
813
770
810
766
817
810
797
801
869
806
803
343
773
804
813
839
829
779
794
800
762
754
314
789
797
824
815
816
794
814
314
890
784
342
317
801
851
787
771
813
838
795
768
796
818
333
308
767
793
765
828
775
820
842
773
766
789
813
734
737
764
829
806
788
850
829
761
729
760
796
825
862
803
788
805
814
352
790
838
826
794
817
790
825
770
844
849
827
752
790
821
814
758
798
335
801
808
823
832
816
840
826
762
842
761
791
846
824
796
803
764
812
284
798
838
811
816
784
826
766
819
761
812
742
766
773
843
813
766
798
782
794
768
784
804
357
310
818
832
801
834
323
788
795
778
820
810
839
823
794
715
784
785
808
821
798
313
798
804
861
790
786
751
813
330
776
344
809
795
801
802
849
830
838
805
808
353
781
812
805
758
329
834
820
773
768
803
801
776
844
841
808
789
805
759
823
794
811
295
795
865
839
795
795
751
814
824
813
824
809
795
796
818
773
319
809
797
827
829
853
842
810
349
796
788
778
780
813
759
808
789
799
803
790
768
813
782
770
743
804
788
325
783
351
837
800
812
817
835
334
801
806
315
837
812
812
780
813
788
307
316
781
784
835
860
800
807
840
798
789
814
814
804
798
323
805
743
782
811
253
773
730
800
765
827
825
809
768
821
796
784
826
811
764
774
788
351
316
748
804
339
813
732
814
817
782
801
762
774
772
810
310
783
821
817
261
804
792
813
833
813
803
814
820
270
316
304
799
813
782
795
754
786
784
852
785
325
813
740
787
799
775
773
755
795
808
842
805
780
796
786
788
810
752
324
818
792
805
813
831
782
748
779
780
791
354
780
798
770
342
817
830
822
817
758
800
813
781
833
775
850
775
798
797
771
809
814
816
792
805
806
823
808
802
324
803
318
795
825
820
787
771
779
871
806
806
872
763
782
793
750
315
843
795
281
316
331
799
316
813
801
804
844
845
828
800
757
315
792
817
834
791
359
822
786
808
771
829
840
825
826
810
781
812
757
811
298
825
792
796
826
817
322
795
771
803
783
859
804
300
747
773
833
815
782
776
817
807
821
800
754
727
820
817
837
751
779
781
804
808
790
860
785
289
791
844
803
798
824
794
811
796
773
790
302
841
836
802
768
802
773
792
794
814
822
817
778
809
812
823
787
819
806
783
811
314
798
823
777
764
793
817
752
849
289
822
803
795
833
770
814
791
791
786
794
831
803
761
799
811
331
800
792
775
807
312
802
781
362
769
786
774
814
786
302
326
830
829
806
775
775
821
779
355
308
854
772
806
857
811
754
253
777
799
812
789
768
824
814
808
848
790
801
800
777
834
790
768
761
778
790
307
320
774
758
305
799
770
776
766
833
307
755
789
776
321
790
782
789
351
813
770
812
785
298
866
813
835
721
780
787
774
780
91
793
763
793
787
758
805
802
307
811
772
819
332
813
772
824
810
793
844
244
777
800
784
794
851
797
325
798
835
824
876
308
760
782
770
336
279
799
854
821
78
771
798
736
794
786
764
795
784
819
786
827
800
784
312
807
746
793
785
800
821
361
824
820
779
785
784
327
780
852
744
776
771
757
822
810
832
324
793
819
780
764
786
807
816
859
797
802
795
771
829
754
817
796
820
843
799
809
807
797
782
822
831
771
784
801
802
846
794
831
773
817
329
330
771
789
830
821
820
749
779
799
798
805
350
305
785
341
852
785
792
807
790
778
804
826
283
319
818
253
840
806
809
840
777
309
770
767
784
823
741
769
785
841
809
754
839
815
311
263
804
811
793
791
333
783
816
789
328
803
844
802
814
807
786
803
772
762
309
752
832
798
817
784
803
801
797
787
803
807
772
779
801
798
336
832
824
783
279
781
770
817
782
819
307
766
829
771
844
326
837
779
741
741
801
759
844
309
845
742
832
809
327
789
816
778
837
855
769
778
803
828
776
834
757
821
817
793
783
836
835
779
778
752
819
824
817
804
805
260
822
812
321
808
802
808
769
821
789
817
806
812
733
826
806
851
807
773
776
771
827
800
804
799
828
828
785
829
284
850
782
810
861
799
265
790
840
770
761
783
804
810
341
282
779
316
809
831
315
803
781
747
315
803
761
838
767
808
800
788
798
846
822
817
756
820
810
773
844
344
831
807
332
785
778
820
834
738
876
764
796
793
778
826
735
781
780
793
312
835
828
261
793
810
826
786
354
799
799
865
759
789
769
764
837
755
302
759
836
863
814
324
792
770
745
780
788
766
740
843
794
774
837
783
789
829
844
776
774
789
849
802
797
756
257
842
802
806
798
817
819
322
740
780
778
813
827
848
808
794
340
810
780
797
780
775
287
812
282
803
781
841
258
773
792
806
771
776
797
874
800
760
787
807
322
771
309
822
791
833
831
760
808
795
739
834
757
320
822
801
771
773
812
837
261
816
811
827
824
776
868
804
801
823
330
830
763
319
800
844
309
824
788
794
822
350
820
831
735
754
334
785
331
797
794
828
330
328
836
813
856
819
776
776
848
837
790
830
821
766
764
817
793
770
835
806
783
741
822
833
830
799
755
324
829
810
784
847
839
828
784
749
768
834
360
764
789
792
724
826
816
795
780
778
777
778
839
768
768
789
804
842
793
786
322
818
781
820
800
829
825
326
805
774
802
854
344
754
793
835
810
776
793
721
759
807
772
804
360
801
805
785
782
847
780
767
783
786
784
780
780
815
827
327
766
744
760
329
777
811
769
351
789
306
346
879
795
789
786
320
815
854
828
789
813
842
255
784
810
799
781
804
766
768
781
809
759
755
801
776
790
800
777
808
801
797
824
791
805
318
775
784
821
794
792
320
804
747
826
763
344
859
855
342
769
818
328
797
793
822
784
851
868
808
779
785
790
759
340
318
786
770
823
787
794
817
815
793
795
776
803
790
804
768
774
774
796
785
803
0
826
847
836
808
770
828
793
811
799
307
821
737
831
821
768
854
790
323
806
817
760
315
752
801
327
817
836
803
829
323
308
778
767
807
801
845
784
797
783
260
818
811
802
789
706
308
864
854
837
786
763
768
819
822
795
815
813
831
823
785
771
353
806
827
315
793
799
815
813
795
809
807
751
817
803
767
830
804
745
838
802
742
822
831
782
764
814
804
798
813
814
803
751
804
752
829
817
763
848
313
804
773
775
791
788
813
796
808
827
321
734
789
786
790
811
751
737
801
803
305
808
769
753
830
784
825
871
777
786
745
771
778
769
792
781
816
773
797
312
794
790
764
818
828
803
293
807
845
747
787
748
830
858
828
843
778
799
823
801
832
780
816
335
835
795
828
785
790
773
801
779
778
775
765
800
874
754
821
783
814
319
799
790
767
778
301
780
826
811
816
809
805
796
799
798
854
820
786
851
795
305
326
812
818
811
848
782
802
782
812
765
782
822
855
794
772
841
807
802
792
825
262
780
820
735
787
791
758
784
814
784
816
803
824
824
803
286
772
789
747
800
833
368
793
830
346
802
762
809
832
824
834
815
799
795
739
779
754
808
814
336
812
785
842
804
813
801
785
780
744
268
795
821
842
797
796
790
809
828
839
792
809
813
850
790
812
821
794
757
804
812
781
787
804
764
757
822
773
831
849
802
828
368
780
782
783
340
808
789
805
782
267
839
754
738
810
773
319
328
312
800
812
781
802
763
765
325
807
765
831
815
764
844
301
779
819
779
784
786
742
783
792
796
817
300
811
817
805
837
784
806
846
800
815
808
772
832
840
811
799
814
824
824
787
794
773
812
807
791
813
838
341
788
835
351
829
854
825
794
795
301
801
780
829
780
308
814
305
732
765
796
797
808
324
823
772
818
752
788
316
856
821
846
771
805
819
779
832
880
784
774
818
754
811
811
792
337
343
833
800
848
318
829
787
780
792
816
779
795
817
355
791
828
874
862
362
851
794
867
316
314
845
825
778
800
771
837
793
267
784
805
877
712
822
795
789
760
782
821
792
735
814
820
786
799
812
806
363
719
798
824
809
868
871
788
818
763
820
795
336
782
828
841
807
288
781
826
806
866
805
751
821
764
305
804
337
796
782
811
782
823
774
713
775
778
805
786
796
824
844
839
298
799
760
758
833
800
824
828
804
777
801
809
842
791
808
694
805
823
858
770
782
791
749
775
822
809
332
244
834
819
794
760
783
780
841
807
801
785
809
783
801
810
836
806
808
854
823
856
807
831
823
770
764
809
822
814
305
302
803
243
789
244
809
788
793
866
780
802
280
763
814
840
770
769
821
828
810
796
797
786
803
792
782
340
807
800
769
835
797
741
792
811
859
779
829
763
323
836
795
269
342
789
319
869
805
778
811
322
805
834
787
248
810
836
257
734
783
802
796
777
797
835
304
796
794
774
824
810
783
763
815
765
812
741
762
858
827
810
795
792
795
768
790
822
820
797
791
868
763
751
315
259
762
759
243
849
791
736
761
785
768
801
816
808
762
845
344
854
769
783
789
803
780
818
779
322
781
351
781
773
782
814
797
849
853
239
783
829
763
259
798
297
747
826
815
807
805
847
828
787
799
811
782
802
823
762
808
808
753
835
809
795
277
823
737
784
788
774
756
343
327
790
784
815
753
788
817
827
874
339
796
792
851
802
855
339
820
820
847
836
797
787
792
821
816
800
823
837
806
298
742
755
762
823
837
820
807
797
321
819
807
844
789
830
781
783
773
816
311
845
816
804
822
818
827
794
829
807
797
772
833
783
756
812
805
760
797
799
836
773
814
769
820
784
846
790
778
783
829
803
838
853
868
802
826
769
840
784
805
787
755
845
830
810
778
766
770
804
815
804
787
298
814
793
818
293
806
828
796
799
805
832
797
825
757
821
303
776
847
798
785
771
778
814
827
816
805
782
775
779
812
743
780
821
841
832
791
822
317
770
810
812
831
801
812
295
792
788
300
791
767
784
795
771
788
349
846
805
348
767
794
327
805
765
825
779
793
322
794
822
792
859
828
804
815
305
810
832
803
801
818
760
782
823
820
818
863
768
834
343
800
779
770
291
811
851
806
796
769
839
763
760
819
835
781
820
812
263
831
759
324
837
827
784
810
823
822
761
325
794
288
840
759
798
788
832
757
783
301
788
805
268
805
265
801
812
827
807
843
782
751
801
733
787
308
294
843
823
778
793
821
793
819
796
771
821
810
834
783
826
779
802
773
811
787
741
304
335
334
787
733
833
827
843
777
746
779
773
777
242
300
769
782
803
798
318
769
797
788
791
780
755
745
813
831
820
793
788
811
854
790
848
764
831
818
347
806
838
778
777
808
753
840
352
783
859
759
811
782
801
827
803
705
820
813
792
769
799
805
829
795
306
823
850
354
299
776
822
808
814
841
797
812
787
804
808
841
847
804
852
767
805
825
838
794
798
320
793
849
313
730
780
795
758
771
777
765
767
824
812
836
830
823
823
819
819
817
345
354
814
819
776
851
837
230
774
801
338
775
783
806
849
819
280
711
800
801
774
798
329
299
871
875
756
333
793
782
840
846
808
864
333
236
812
829
810
790
838
724
843
870
765
803
813
783
850
759
802
800
783
821
802
818
799
823
804
825
793
772
796
721
767
755
324
837
806
792
288
769
800
796
819
797
729
825
804
810
338
822
292
809
774
786
821
332
798
263
332
821
352
741
823
820
840
762
265
773
323
341
769
818
812
827
851
811
791
774
798
818
866
784
790
827
756
790
816
778
792
859
822
326
832
816
809
828
318
803
757
787
776
774
323
826
778
786
805
789
786
739
793
829
803
809
827
767
788
851
766
817
794
772
806
288
778
804
789
841
775
862
822
768
758
829
750
791
829
796
762
802
760
796
785
801
794
823
316
349
806
815
786
799
319
813
782
819
759
756
805
793
767
805
785
323
808
786
762
842
820
764
813
827
822
789
751
815
776
790
868
789
826
764
839
839
305
746
822
812
815
761
758
779
821
804
850
784
866
802
786
755
833
778
801
765
777
790
766
357
815
827
826
744
823
275
776
768
812
326
787
334
309
828
804
836
223
746
776
813
771
798
807
801
309
821
785
780
813
766
822
832
838
329
268
797
785
818
806
791
780
353
823
299
790
795
319
334
791
821
794
861
821
796
304
879
809
315
792
779
760
828
768
803
735
807
806
837
801
810
820
840
793
811
764
798
829
323
783
793
773
783
305
860
749
793
819
850
811
840
775
829
811
824
770
333
836
842
799
328
820
734
778
766
782
794
832
811
788
816
820
812
842
786
782
312
821
803
789
719
325
800
767
783
775
810
303
796
829
784
793
748
826
808
831
762
784
790
753
831
812
766
812
799
839
782
804
0
831
798
813
777
326
828
785
818
303
832
358
854
798
807
798
807
843
765
832
801
815
831
785
791
813
816
788
747
266
761
825
785
829
826
799
811
793
816
270
810
814
787
788
775
767
815
793
790
789
760
780
808
819
792
828
821
806
866
750
783
812
783
827
777
323
828
767
794
819
808
802
802
759
823
768
331
779
835
823
818
306
767
750
799
827
788
800
751
797
354
232
805
805
790
786
363
778
832
249
771
806
750
785
829
339
782
784
795
781
817
757
335
787
796
812
845
885
838
815
754
797
306
800
773
829
776
870
831
805
811
793
797
322
751
806
775
791
813
779
810
810
788
802
325
807
283
817
803
778
788
843
805
334
748
769
315
792
286
851
792
757
332
809
778
309
814
812
262
325
808
820
770
828
796
328
836
830
318
802
861
801
814
804
360
813
795
331
816
336
841
820
808
820
329
797
818
812
816
836
809
753
790
778
767
835
777
808
764
811
831
780
832
780
825
826
823
820
855
729
842
799
781
829
837
804
796
804
776
293
779
818
777
809
807
333
741
819
324
761
821
798
752
249
748
770
797
751
830
722
346
860
813
787
782
808
773
831
790
803
798
797
781
806
236
807
833
767
792
771
785
786
786
828
323
817
791
305
734
751
804
832
795
808
844
770
303
769
799
818
816
807
800
332
827
780
816
863
825
803
772
808
821
769
774
776
770
806
724
822
847
858
788
833
773
834
262
800
779
813
816
826
778
739
817
789
783
822
771
803
804
799
774
778
795
794
817
777
827
826
806
800
836
761
322
801
772
364
784
319
800
792
810
777
776
796
794
820
763
776
329
816
806
334
806
828
737
821
804
779
779
838
801
747
813
751
808
776
797
789
312
787
834
756
781
758
781
336
766
780
839
814
748
792
781
797
798
345
793
833
790
797
820
767
303
807
803
330
749
765
780
799
356
255
758
790
833
820
805
839
313
313
311
836
305
794
724
812
793
803
767
305
786
320
790
816
814
818
299
794
827
855
791
274
764
832
773
780
815
814
802
819
789
787
790
786
815
780
817
767
786
768
769
826
740
780
858
790
332
782
327
783
863
282
799
353
786
827
809
818
828
794
763
816
778
778
761
784
810
805
763
836
814
825
317
781
784
800
771
748
766
844
815
341
805
806
305
798
809
760
788
801
840
801
822
850
798
787
822
771
819
816
799
840
791
809
275
738
326
798
845
786
791
319
764
769
777
833
773
792
335
826
858
784
781
794
798
800
844
821
801
854
820
799
847
787
830
778
799
806
774
817
744
809
787
725
847
827
789
838
822
839
787
808
823
807
795
798
779
780
837
817
755
307
764
786
742
791
798
825
802
737
775
766
807
815
804
771
354
779
789
821
754
777
776
818
757
792
0
789
816
822
780
777
767
750
772
795
765
803
812
806
769
779
847
778
846
789
829
730
315
829
797
791
783
818
802
793
773
825
298
799
799
808
776
785
781
794
787
790
773
767
831
804
808
780
819
804
295
316
839
849
861
830
825
807
239
746
307
814
304
861
837
808
335
824
817
787
799
347
849
789
793
845
793
820
782
791
745
803
812
332
838
817
784
754
787
846
783
287
767
792
788
826
803
774
813
802
797
323
796
783
819
821
824
822
817
733
792
761
766
816
794
801
820
356
772
785
771
807
815
809
759
792
758
843
721
791
788
789
802
786
822
822
829
337
819
756
740
819
854
818
820
766
858
809
817
747
321
805
807
330
831
779
791
836
798
298
812
778
807
250
795
332
806
814
293
805
786
801
789
784
824
810
825
822
818
763
816
729
774
806
835
781
761
818
831
330
794
335
813
808
840
345
320
771
777
736
772
342
816
753
787
768
811
822
832
315
795
778
806
819
759
752
349
855
331
763
739
765
797
730
759
831
859
286
746
766
781
781
817
826
762
774
824
304
759
811
726
779
825
641
800
775
313
787
822
733
853
811
758
807
322
251
773
851
334
828
817
740
820
777
794
851
281
767
802
825
761
701
780
797
791
792
338
835
790
290
837
787
853
784
779
807
781
788
828
844
779
742
824
778
774
790
283
781
835
798
830
783
799
848
860
793
344
810
764
821
802
788
807
265
761
778
824
759
785
795
802
285
752
830
813
318
824
829
812
791
778
807
837
792
726
844
824
823
783
829
768
750
745
769
800
791
799
866
809
802
833
797
757
755
827
817
834
808
809
249
780
780
767
812
810
751
841
327
255
744
272
768
791
782
827
798
829
802
783
323
814
824
808
781
840
775
794
779
808
335
800
809
306
782
347
320
781
335
796
870
270
796
778
757
775
755
795
807
749
793
802
787
790
802
826
820
791
821
835
817
332
815
854
356
806
800
816
349
761
800
820
780
822
773
769
312
865
778
286
242
786
810
768
816
323
826
821
790
797
796
799
764
811
807
784
765
767
786
854
830
791
328
819
820
781
750
852
829
763
822
352
829
776
782
779
803
804
820
785
795
775
793
791
808
798
808
853
309
817
310
754
326
804
801
807
352
814
816
819
825
824
828
822
770
793
832
749
790
746
792
265
796
325
823
815
785
305
772
775
363
819
792
843
779
800
296
838
780
804
820
811
834
813
781
805
762
823
327
745
783
804
856
799
828
808
783
749
306
745
834
819
810
819
778
843
824
793
797
778
250
255
766
810
852
794
336
848
807
832
279
838
825
748
741
838
812
804
776
825
846
837
764
260
791
805
818
826
809
845
740
799
788
778
251
823
784
748
844
815
799
808
755
846
828
830
801
804
774
793
779
819
805
754
847
267
795
813
311
810
334
769
320
758
294
824
807
773
738
821
832
789
829
766
771
783
720
816
826
773
808
818
871
779
795
860
790
764
783
786
339
323
756
761
802
799
831
821
831
837
827
267
803
750
879
801
812
325
301
767
797
788
825
820
788
828
808
747
784
792
341
820
812
348
270
333
327
765
804
760
804
826
813
812
326
768
309
819
793
795
762
785
803
750
790
813
801
804
756
824
816
735
809
764
788
793
815
795
832
790
784
760
802
797
838
323
812
755
779
814
813
780
820
252
805
811
821
780
573
765
778
763
859
807
764
759
857
821
776
844
771
827
820
766
780
252
833
808
823
803
368
769
803
732
798
810
826
816
764
303
792
334
765
819
301
753
341
828
819
838
802
808
794
806
837
826
779
313
809
759
826
272
775
838
823
321
833
855
824
758
332
756
772
823
787
795
824
802
834
779
781
785
780
814
328
776
828
842
812
791
848
815
819
793
798
772
808
793
814
261
795
783
817
823
785
791
786
767
808
807
787
819
789
811
808
842
827
799
751
758
798
768
813
826
328
831
791
792
247
847
305
780
819
853
792
831
759
797
808
751
804
314
781
825
801
769
853
762
809
810
799
845
799
792
810
779
802
774
803
825
273
820
834
764
820
750
791
795
275
830
809
326
857
754
809
334
769
835
811
342
776
318
778
807
788
837
841
883
765
827
352
796
828
817
807
780
789
744
828
713
762
824
827
813
845
748
319
788
823
796
795
841
811
786
768
824
783
786
807
820
797
823
273
846
787
822
346
858
831
822
825
787
331
790
830
763
765
807
753
749
806
857
761
781
776
773
748
764
786
782
820
771
817
802
811
817
818
791
758
728
832
308
332
791
774
313
784
833
781
812
831
774
292
776
780
763
768
804
779
780
777
787
824
791
797
823
828
317
790
788
300
334
846
794
843
778
818
813
741
768
791
772
819
849
793
314
808
757
796
831
790
857
739
817
842
826
807
834
341
800
823
762
