0
0
0
237
1871
0
0
0
0
0
0
0
446
524
0
2259
0
0
0
0
0
0
0
1907
0
0
0
0
0
63
314
1910
0
0
0
0
0
0
0
0
2191
0
0
0
2118
835
1865
523
0
1416
0
2108
0
0
1728
0
0
0
0
0
0
97
0
0
0
0
513
2059
0
825
2159
2057
0
0
0
0
0
620
0
0
0
0
2010
0
0
0
0
355
0
0
612
0
0
575
0
338
0
0
0
257
0
0
0
180
61
0
1978
0
840
0
0
0
0
0
0
0
0
0
0
1954
0
0
147
2182
0
0
0
0
2285
1862
0
0
0
0
0
0
0
0
115
0
0
0
0
2257
0
0
0
0
0
0
0
0
2024
0
0
0
0
0
2085
1678
0
0
0
0
0
0
1930
0
0
753
0
0
0
0
0
0
0
0
471
0
0
0
0
1674
0
0
0
0
1770
0
0
0
0
0
0
2145
0
0
0
0
670
0
0
1978
0
479
393
0
0
0
0
1908
1941
0
0
0
0
0
2128
1820
0
0
38
0
0
0
0
2310
0
0
2270
0
354
2213
0
0
0
0
0
0
0
0
0
0
0
0
0
2155
0
0
0
0
0
0
0
1692
0
0
1948
0
1836
599
0
0
2325
0
0
0
0
554
0
181
457
1942
540
0
337
0
0
0
0
0
2146
0
0
0
0
0
0
45
0
135
0
0
0
0
22
0
0
0
0
0
0
0
2028
0
0
594
0
0
0
0
0
0
2194
0
0
0
0
0
0
2141
0
0
1957
0
242
198
0
0
0
0
0
2068
0
622
0
510
0
0
0
0
1818
0
1930
0
0
1998
0
0
0
0
1767
0
0
0
0
0
0
0
0
0
0
1755
0
0
0
0
1757
0
237
0
0
495
0
0
532
0
0
0
0
0
0
0
0
0
0
772
0
0
0
0
0
0
0
2055
0
0
0
0
268
2069
312
357
0
0
2085
0
0
0
0
0
0
0
0
0
0
0
457
0
1761
0
0
0
730
0
0
0
2393
40
0
0
0
0
0
0
0
0
0
0
641
0
586
422
0
0
0
0
0
0
0
0
0
0
469
0
1980
0
0
0
0
2168
0
435
0
0
0
0
0
0
0
0
0
0
0
0
2324
0
0
0
0
0
0
0
0
101
0
0
0
0
0
0
0
0
632
0
0
502
116
0
0
1649
1883
0
2102
0
780
0
0
2365
0
0
0
1865
0
1924
1951
0
0
0
0
0
0
0
0
0
482
305
0
0
316
0
0
2129
0
0
0
0
0
0
604
0
0
2061
0
0
0
0
677
0
0
0
0
0
1776
2139
1659
0
1725
0
0
152
0
0
0
1659
0
0
0
0
299
0
0
0
0
0
436
2293
0
0
0
0
0
0
390
0
0
0
0
438
0
671
0
1677
654
0
0
0
0
0
0
0
0
0
0
0
0
0
0
0
0
2109
0
0
0
0
1848
812
2009
1902
0
0
0
0
0
0
0
250
0
0
0
0
0
0
0
2166
0
0
2094
2259
0
0
0
0
2227
1939
0
0
0
0
0
0
0
0
0
0
2061
0
0
2045
0
0
0
0
0
0
0
2082
621
2179
73
0
0
0
0
0
0
115
0
0
2099
562
2002
0
0
0
0
73
0
0
0
0
0
0
0
2168
2008
0
0
0
1810
0
0
0
0
0
320
0
0
0
811
664
0
0
0
0
1975
0
653
0
0
0
0
0
1830
0
0
0
1731
0
280
0
1987
0
102
0
0
0
2287
0
31
2142
0
611
0
0
0
2123
0
0
1792
2250
0
0
1942
0
123
0
0
0
0
0
0
66
901
626
0
0
0
0
0
0
2298
0
0
0
1843
0
0
0
50
0
0
0
186
0
0
0
0
0
0
0
0
294
0
133
0
0
0
0
0
0
0
0
0
1900
0
0
1989
0
0
0
0
0
0
0
0
0
2026
0
0
300
0
0
0
1751
0
0
0
1965
1888
1987
2216
0
0
0
0
0
0
0
101
0
0
0
127
202
0
95
0
0
689
0
0
0
0
0
0
2075
744
1852
84
147
0
0
0
0
0
0
2029
0
0
0
495
0
0
0
0
0
2111
0
0
2039
0
0
2158
0
0
0
0
0
0
0
0
0
94
0
593
1944
0
0
0
0
0
0
14
2197
1948
0
0
0
0
0
0
0
0
1940
0
0
1971
1980
490
0
0
585
0
0
0
822
0
1857
0
0
0
0
5
1663
0
2144
0
0
0
0
0
333
2036
0
18
0
0
493
0
0
0
0
0
0
0
0
0
0
0
0
0
0
0
0
0
0
6
2188
0
736
0
0
0
0
1906
0
0
0
0
0
0
0
0
0
0
1735
0
0
0
848
2046
0
2021
0
2034
0
131
0
0
0
0
0
23
0
0
0
2185
346
0
0
28
0
0
118
0
1899
0
1555
0
0
0
0
0
0
0
0
0
0
1942
388
0
0
0
0
641
0
0
0
0
0
0
0
2092
0
0
1720
0
0
0
0
0
0
0
0
0
1850
0
135
0
454
0
0
0
0
0
2065
0
0
0
0
0
0
0
0
0
256
0
0
0
0
0
1251
0
769
0
0
0
2118
0
0
0
387
0
0
2046
0
0
2006
0
0
0
0
0
26
0
2281
0
0
0
0
1781
2241
0
0
0
0
0
0
2038
0
1888
0
0
0
0
0
0
0
0
0
0
0
0
2144
0
0
0
0
0
0
0
1712
0
0
0
0
0
0
52
0
1995
0
0
0
0
0
0
0
0
0
1082
0
0
0
0
0
0
0
0
747
0
2035
2142
1984
0
0
0
0
0
0
0
36
0
2024
2006
467
0
0
0
0
754
0
0
0
1738
0
2038
0
0
0
0
0
0
0
0
1838
0
0
6
0
0
0
0
0
0
1988
631
2068
2191
652
1837
0
600
0
0
0
1944
0
0
420
0
0
2083
0
0
0
0
0
0
0
0
0
0
0
549
0
0
0
0
0
2316
0
0
1925
0
0
0
0
0
0
0
1932
0
1943
0
199
0
0
0
0
0
0
0
0
0
1973
0
0
0
0
0
0
0
0
0
0
0
0
0
0
0
0
0
0
1806
0
0
1808
0
0
0
0
2243
0
0
0
160
0
0
0
1717
0
0
0
0
0
0
0
1853
1926
0
0
0
325
0
0
287
0
0
1878
0
0
0
0
0
0
711
0
0
0
598
1970
2095
0
0
0
1984
659
0
0
1639
0
0
0
0
0
1678
0
0
2194
667
0
0
2015
0
0
1953
0
0
0
0
0
0
0
0
0
2285
0
0
0
0
0
2221
362
0
0
2103
0
0
2041
0
1690
0
0
0
0
0
752
0
0
0
0
0
0
0
0
181
0
0
223
0
2034
305
658
0
0
0
2067
0
0
0
0
0
2138
0
0
0
0
0
0
0
0
0
115
1856
0
0
0
0
0
0
0
0
0
0
1597
2025
0
0
584
0
0
0
0
0
0
0
0
510
0
0
705
0
0
0
0
0
0
0
0
0
0
0
0
0
0
0
0
2258
2096
0
0
0
18
2056
0
0
0
0
0
0
0
0
0
1815
0
0
0
0
0
3
0
1921
0
0
0
1682
0
2134
0
0
0
0
0
0
0
0
0
0
0
0
0
0
0
0
0
0
0
0
0
0
0
0
0
0
0
0
441
0
0
0
2103
0
0
2050
0
0
0
0
0
0
0
0
327
0
0
0
0
0
0
0
0
0
0
0
1774
1979
0
798
0
0
0
0
0
0
0
924
0
0
0
0
0
102
0
1684
0
0
2324
0
2112
54
0
644
2100
0
0
2044
0
0
0
0
0
1768
0
0
0
0
659
0
0
2161
2362
0
0
0
0
0
1957
125
0
493
2276
0
1641
0
1708
0
0
0
0
0
0
1939
1923
0
0
0
2140
0
0
0
2203
1959
0
0
0
0
0
1866
2202
0
2090
0
307
0
0
0
0
0
2343
2119
0
456
1982
0
431
1989
0
0
0
0
0
138
1985
0
263
0
0
0
0
2065
0
0
0
2209
0
0
1643
0
2136
0
0
0
0
0
0
0
0
0
1609
0
0
0
1228
0
2063
0
1704
0
0
0
0
0
0
0
0
0
0
0
0
0
0
0
0
0
0
0
0
0
0
1964
0
0
2213
0
0
0
0
0
2051
0
0
1651
0
0
0
71
0
1870
0
0
0
0
0
0
0
0
0
0
0
1678
0
2292
0
0
2037
1824
0
0
1668
0
0
0
0
0
2281
0
0
0
0
0
0
0
0
0
0
0
0
0
0
0
65
0
0
0
0
74
719
0
0
1745
0
107
0
10
1981
1840
2007
2102
0
0
0
920
0
0
0
54
0
186
605
0
0
0
0
0
332
0
0
0
608
0
0
0
0
0
0
2123
0
0
2298
0
273
1271
0
0
2115
0
0
0
0
2066
0
0
0
0
423
0
0
0
0
0
0
2280
722
0
0
0
0
1978
1689
1970
2145
0
116
1873
0
0
1848
0
0
0
0
2079
0
0
0
0
0
2013
0
0
0
0
0
0
0
0
0
0
211
0
0
2107
0
2113
0
0
0
0
0
0
0
1907
2050
0
0
0
695
0
380
0
0
1987
0
0
0
0
0
0
380
0
0
0
0
0
0
0
0
0
0
0
831
0
0
0
733
0
0
2004
200
0
0
0
0
673
267
0
0
1949
0
0
0
0
0
0
0
2163
0
0
163
0
0
297
0
0
0
0
0
0
1804
0
0
0
0
0
0
1865
0
0
0
0
0
0
0
0
0
0
0
0
0
0
0
0
0
0
0
0
0
0
0
0
2139
2058
0
1729
277
0
1880
0
0
0
0
0
0
0
515
0
0
0
0
2109
0
0
0
0
2014
0
13
0
1764
1941
0
0
0
0
0
1928
0
244
0
2178
2183
0
0
0
0
0
0
0
0
0
245
0
0
148
0
116
0
0
0
0
0
0
0
0
0
4
0
0
0
0
1850
0
2056
609
0
0
0
0
0
0
0
754
2156
0
0
1702
483
0
1973
0
0
0
0
0
0
0
0
2097
53
0
0
0
0
299
0
0
0
1936
38
1969
0
0
0
0
0
0
0
0
0
0
0
0
0
0
0
0
1933
0
2279
0
0
0
0
0
0
0
0
0
0
0
0
0
0
0
0
0
0
0
0
0
0
0
0
0
0
0
0
0
0
0
0
0
1898
0
0
0
0
0
1928
230
0
0
0
0
0
220
0
0
0
0
0
0
0
1952
0
2097
0
0
0
0
0
0
0
126
0
0
0
0
0
0
0
0
0
0
2158
0
0
37
2056
0
0
0
0
0
0
0
0
0
0
0
0
0
0
0
0
2050
0
0
0
0
0
2082
2161
0
0
0
0
1830
129
0
0
0
1916
0
2140
0
0
2057
0
1651
0
2160
0
2040
0
0
0
0
0
0
25
0
0
1883
2158
0
1730
0
2321
1990
0
0
0
0
0
0
0
0
0
443
0
0
0
0
0
0
0
0
0
0
2350
0
0
1428
0
0
0
638
1937
0
0
0
0
0
0
0
614
2185
2091
0
0
0
0
0
0
0
0
0
0
2156
0
0
0
477
0
0
0
0
0
0
0
0
0
350
0
0
77
0
0
0
0
0
0
0
0
112
0
0
0
0
0
2074
170
2211
1990
1641
1963
1766
0
2163
1805
0
2164
0
0
0
0
0
0
1994
624
0
0
0
0
2198
111
0
1350
0
1689
0
0
0
0
0
0
0
555
0
0
2170
409
1979
0
0
2065
0
1830
0
0
0
2181
0
0
0
0
0
0
2053
0
0
0
0
716
0
0
0
0
0
0
0
0
393
1872
0
790
0
1629
0
0
0
0
1355
0
0
0
762
0
0
0
2164
0
0
0
0
0
0
1874
0
0
0
1957
0
0
2228
0
0
0
78
415
0
0
0
0
0
0
1862
283
395
1962
0
0
0
0
2211
0
0
0
0
0
0
0
0
0
0
0
0
0
0
0
0
0
0
0
0
0
0
0
1119
0
1892
0
0
0
460
0
1899
0
1912
0
1985
1748
0
2106
0
0
0
0
2052
0
0
0
0
969
0
0
0
0
2110
0
88
0
0
0
0
2112
1452
0
0
334
1937
2014
0
0
0
0
0
0
0
1955
0
0
0
0
2295
0
0
0
1329
0
0
0
2186
0
0
2149
0
0
0
0
0
0
237
0
0
0
0
0
0
2211
1942
1914
0
0
0
0
0
631
0
0
0
0
0
1919
0
0
0
0
2194
2234
0
754
1821
0
66
0
0
0
0
0
0
0
0
36
0
0
0
0
0
0
0
0
2286
0
0
0
2136
0
0
2077
2129
0
0
0
0
0
0
0
0
1839
0
0
0
0
0
1995
499
1911
344
0
0
1818
0
905
0
595
0
0
0
2174
0
0
0
2096
0
0
0
0
0
789
603
0
0
0
0
0
417
0
0
0
0
0
0
408
0
1826
0
0
0
0
0
0
0
0
0
0
1690
0
2120
0
0
0
0
0
0
0
51
0
0
0
610
0
0
0
0
0
1376
0
0
0
591
0
0
0
0
0
0
0
891
0
89
0
2102
0
2152
0
0
2241
0
0
0
2129
0
0
0
937
413
1805
0
0
0
0
0
0
0
1153
0
0
0
2336
0
2081
0
2316
0
0
0
0
0
151
0
1954
2038
0
0
70
0
0
0
0
1917
0
0
0
0
0
0
1618
2275
0
737
0
0
0
0
0
0
196
0
479
0
0
1656
1892
0
76
0
0
0
0
310
0
0
0
30
0
0
0
0
1910
0
135
0
1300
0
272
2114
0
0
0
0
0
0
0
0
0
0
0
2068
1994
0
0
0
0
0
0
1957
0
1175
0
0
0
0
0
0
0
0
0
0
0
1996
0
0
0
0
1217
0
0
0
0
404
1898
0
532
0
0
0
0
51
1743
0
0
2239
244
0
0
0
0
2143
598
0
0
2368
0
0
0
0
0
0
0
0
0
1930
0
0
0
0
408
0
0
1197
2225
0
0
0
0
2101
0
0
0
0
100
0
0
0
0
0
0
0
0
0
338
0
0
2088
0
1855
0
138
0
0
0
161
0
0
0
1124
1968
0
0
0
0
0
0
0
0
0
0
0
0
0
0
0
0
0
0
0
2079
0
0
0
0
0
0
1908
0
475
0
1783
0
0
0
0
0
0
0
551
0
0
0
0
0
0
0
0
0
0
1938
0
0
0
0
2115
0
67
0
0
0
0
0
0
0
0
0
0
2117
0
0
0
600
0
0
0
0
1950
0
0
0
0
0
0
0
0
0
0
0
0
0
0
0
263
0
0
0
320
0
1735
0
0
0
0
0
1972
1712
0
0
0
1690
687
0
0
0
0
0
0
0
0
0
1925
0
0
421
0
0
0
0
0
0
0
0
0
0
241
0
0
0
661
0
0
0
0
1961
0
0
147
1968
0
1932
0
0
2062
2122
0
0
0
0
0
0
0
0
0
0
0
486
406
0
0
0
0
1951
0
0
0
0
0
0
0
0
523
0
0
0
0
1949
0
0
0
0
0
1133
0
2053
0
0
0
0
0
0
0
0
0
0
0
0
0
0
0
0
1737
0
0
0
0
0
0
137
0
1844
0
0
0
0
0
0
529
0
0
0
0
0
0
0
0
0
0
446
0
0
0
1823
0
0
1515
0
0
0
0
1627
2136
0
0
0
0
0
0
0
0
1980
0
0
0
0
0
0
1829
0
0
0
0
0
0
0
0
0
0
0
1961
0
2140
0
1936
40
2170
0
0
0
0
2237
0
0
0
0
0
0
0
0
2015
572
0
0
0
0
0
0
0
1702
59
0
0
0
0
541
0
2003
0
0
0
2200
2179
0
0
0
0
341
451
0
0
1662
0
0
298
266
0
0
0
0
0
701
1838
0
0
0
2117
0
0
0
0
0
0
2121
0
0
0
0
1890
0
2164
1769
0
0
0
2255
0
0
0
210
0
0
0
0
0
2129
2033
0
0
0
0
0
0
0
0
0
148
0
0
0
0
0
0
0
0
0
0
0
0
0
0
0
0
0
0
0
0
0
0
0
1675
0
0
0
0
0
426
0
79
2027
0
0
0
0
0
0
60
0
0
2073
0
0
0
0
0
0
0
0
2070
62
0
0
525
0
0
0
0
657
0
0
537
0
1650
0
0
0
2062
0
0
0
0
0
0
0
0
0
1882
0
334
194
0
0
267
0
0
0
379
0
0
0
451
2047
2143
0
0
0
0
2099
0
2058
0
1878
0
0
0
0
0
548
0
0
1797
0
0
1940
0
0
0
0
1949
0
0
366
0
0
0
0
0
1968
0
0
0
0
0
473
0
0
0
0
0
0
2048
0
0
0
0
0
0
1986
0
0
0
0
0
0
0
0
435
0
0
0
2128
0
0
2170
152
0
0
0
0
2215
0
0
24
525
0
0
1838
2063
0
0
0
0
2042
0
0
0
0
0
2201
0
0
0
0
0
0
0
0
2256
0
0
0
2107
0
0
548
2007
0
1997
0
0
0
1966
0
0
0
0
0
0
0
0
0
0
2185
0
2075
0
627
0
0
0
0
0
0
0
0
0
2094
2138
0
0
0
0
0
0
0
625
0
0
0
463
0
0
0
0
0
0
0
0
0
125
0
0
0
0
81
0
0
0
0
0
0
0
0
0
0
0
0
1995
0
0
0
0
0
0
0
0
0
0
0
0
1940
459
0
0
0
0
0
0
2144
0
2057
0
0
0
0
0
0
0
1879
0
0
0
0
0
0
0
0
0
0
0
0
0
1618
2274
0
146
0
1833
2027
0
1930
0
0
812
0
821
0
0
0
0
0
0
0
0
0
2240
0
0
364
1684
0
0
1982
0
0
662
0
801
0
0
0
0
0
1961
0
0
0
1764
0
0
0
1769
0
0
2154
0
0
1768
0
0
0
0
238
0
0
0
0
0
0
467
410
0
0
0
0
0
1806
0
0
2038
2099
1834
2266
0
0
1808
0
0
0
0
0
0
0
1943
0
0
0
0
0
0
0
0
0
0
137
0
1856
0
0
2434
0
0
0
0
904
0
0
0
0
0
0
2225
0
0
0
0
1894
0
0
0
0
2055
0
0
751
0
0
0
0
0
2060
0
0
0
0
0
0
0
0
0
88
0
1856
274
0
0
0
0
0
0
0
1999
1971
0
1974
0
0
0
0
0
1947
611
0
0
0
1981
194
0
0
0
0
0
0
2182
0
0
0
0
2000
0
586
0
0
0
0
0
0
236
1971
0
167
338
0
0
39
0
0
0
176
1932
0
0
0
1986
1156
0
0
0
1888
0
0
137
0
0
0
0
0
0
0
2002
0
51
0
0
0
0
0
1924
0
0
245
249
0
2078
0
1928
0
0
0
0
0
0
0
2050
0
0
0
0
0
0
490
0
0
0
0
2032
1291
0
0
0
2017
2176
618
0
0
0
0
0
0
0
0
728
0
1973
0
91
0
0
0
0
0
0
0
742
0
0
1884
0
0
0
1446
0
1837
0
0
2358
0
0
0
0
2088
0
0
0
0
0
0
0
0
0
0
1831
0
0
0
0
0
1876
2248
2183
0
0
0
0
0
0
0
2015
0
0
0
0
0
0
0
0
0
1933
0
0
0
0
0
0
0
2138
0
0
0
0
0
0
0
0
0
0
0
0
0
0
0
0
0
185
651
0
1939
0
245
0
0
0
0
0
644
0
0
1940
0
148
0
0
1998
0
0
0
0
2008
2162
0
0
0
0
0
0
0
28
0
0
1872
0
0
0
0
0
0
626
0
2084
0
0
1839
2292
214
45
1878
0
2071
0
0
0
0
0
0
0
0
0
0
0
2316
0
0
0
0
0
0
0
0
0
0
0
0
725
0
0
103
0
2185
0
0
0
1950
0
0
0
0
0
0
0
1739
0
184
0
0
0
0
0
0
0
0
0
1957
0
1829
0
0
0
1926
0
0
0
0
27
0
0
0
2174
0
0
0
0
0
1804
392
0
0
0
0
0
0
0
0
0
0
1879
0
0
0
251
530
0
0
0
0
0
0
0
0
0
1809
161
0
0
338
0
117
0
1333
0
0
0
0
0
0
0
0
0
0
0
0
751
16
0
0
0
0
0
509
0
0
0
1940
0
2340
2285
2192
0
0
0
1890
770
0
0
0
1804
633
2029
0
0
393
0
0
0
565
144
0
0
0
0
0
0
0
0
0
0
0
984
1713
0
0
0
0
0
0
0
0
0
0
0
0
0
0
1723
0
0
0
365
0
0
1912
2215
1763
0
0
557
0
0
0
0
2038
1942
2033
522
0
0
0
0
0
0
0
0
0
293
0
383
0
187
0
0
0
0
1944
0
0
934
1834
0
543
0
0
0
1816
9
0
0
0
0
0
0
0
0
0
0
774
0
0
0
0
544
0
0
0
0
0
0
0
0
2152
0
229
0
2059
0
1723
1717
0
0
0
2081
0
0
50
0
0
0
0
0
0
0
0
1818
0
0
0
0
0
0
0
0
0
2231
0
0
0
1879
0
0
0
2267
0
0
0
0
0
0
0
0
0
0
152
0
2256
0
0
2215
0
1960
0
1890
0
337
0
2261
0
0
0
93
1814
0
2164
157
339
529
803
0
0
2289
1873
0
0
0
0
0
410
0
0
0
0
2289
0
0
0
0
1949
0
0
0
0
0
0
0
0
0
2126
0
0
0
0
1920
0
670
0
0
0
0
418
0
0
0
0
0
0
0
0
0
0
0
0
716
1777
0
2100
0
2267
0
0
2078
0
0
0
2090
0
0
2193
38
147
0
2113
2110
0
0
0
0
0
581
28
0
0
1846
0
0
1985
1955
0
0
0
0
0
0
0
0
348
0
0
0
0
0
0
395
0
0
2124
0
0
0
0
0
0
0
0
510
0
0
0
0
0
2195
0
0
0
0
0
0
0
0
0
366
1716
0
1952
0
0
0
0
0
0
0
0
2305
0
0
0
0
0
0
2233
0
2003
0
0
1667
0
0
0
122
0
0
0
0
0
0
0
2069
0
0
0
1662
0
0
0
44
0
0
0
0
0
0
848
0
1811
0
0
0
0
0
0
0
0
0
0
0
619
0
0
766
0
0
1706
0
0
527
0
0
0
0
0
0
0
2103
0
0
1248
0
1848
86
0
0
0
0
766
0
465
0
0
0
0
0
1823
0
2282
0
1808
0
0
0
569
2064
0
0
0
0
2230
50
0
2173
0
0
0
0
0
0
0
0
0
1996
0
0
0
0
0
0
0
0
0
0
0
0
0
0
0
0
0
0
2227
386
0
0
0
0
0
2190
2025
0
402
1755
0
554
0
0
2005
0
0
0
0
0
0
0
0
0
0
2099
1747
0
0
2081
0
2032
0
0
0
0
0
0
0
698
1171
0
0
0
0
0
2248
2076
0
0
0
0
0
0
0
0
0
0
0
0
0
0
0
0
0
1807
0
0
0
0
0
0
0
1974
1775
0
0
0
0
0
0
1936
0
0
2288
0
0
0
610
50
0
0
0
0
1805
0
0
0
0
0
0
2153
0
0
0
0
0
1716
0
0
0
0
593
1997
2132
0
0
0
0
647
0
0
0
504
0
0
0
1855
0
0
0
0
0
0
0
0
479
0
0
2200
0
0
0
1963
1878
0
2056
344
410
0
0
0
0
2148
0
0
0
0
1800
1933
0
0
0
0
736
0
0
0
0
0
0
0
0
0
0
0
0
0
0
0
0
0
0
0
578
0
2027
0
1665
0
0
2168
2331
0
0
0
2234
0
2278
0
0
0
0
0
251
0
0
0
0
0
0
0
2241
0
0
0
2300
0
1863
0
0
0
0
0
0
0
0
0
0
0
0
0
0
1961
0
2047
0
0
0
0
0
0
0
0
0
0
1632
0
0
0
0
2040
0
0
0
0
0
0
0
685
0
0
0
0
1789
110
0
0
0
0
208
0
0
0
0
0
0
0
0
0
2175
0
576
0
0
0
0
0
0
0
0
0
210
0
0
2036
0
0
0
601
0
0
0
0
2008
0
2273
0
0
0
83
117
2058
0
0
0
0
0
0
0
1966
82
0
0
0
626
0
0
0
0
0
0
0
0
0
0
1823
0
0
0
2017
1928
0
0
0
0
0
0
0
0
0
0
1923
0
0
0
0
0
0
0
0
1790
99
0
0
0
0
0
0
0
0
0
0
2131
0
0
0
0
1822
0
0
0
2234
0
0
0
0
0
289
0
0
2346
2182
0
2140
257
197
0
1898
282
1901
0
0
0
0
0
0
344
0
0
1900
2146
1678
0
0
0
0
0
1793
2222
0
3
0
0
0
0
0
0
617
0
0
0
0
0
2218
0
16
0
0
0
0
0
0
0
0
2050
0
200
87
0
0
2149
0
0
2219
0
0
1979
0
1749
2254
2209
0
2210
0
0
140
6
0
2183
2203
0
0
0
0
0
0
0
0
0
2187
0
0
0
0
0
1880
0
0
0
0
0
0
0
0
0
367
0
0
0
0
0
0
0
2070
0
0
0
0
0
0
2253
0
0
0
0
0
0
0
0
0
0
0
0
0
0
1788
0
0
0
0
0
583
1950
0
1905
0
0
0
0
0
0
0
0
0
0
0
0
0
0
1843
0
0
0
2072
2170
2075
0
994
2049
0
0
1351
0
0
0
1633
0
598
0
0
0
0
0
0
0
0
0
2211
0
0
0
0
0
2020
487
711
0
2002
0
0
0
0
0
2101
0
0
0
1944
0
0
0
0
0
0
0
0
0
0
0
0
0
0
0
0
0
0
0
0
743
618
0
0
0
0
0
0
0
0
171
0
0
0
267
0
202
1976
0
0
0
1901
0
0
56
0
662
0
0
0
0
0
164
678
0
0
0
0
0
0
0
0
0
2300
0
0
0
0
303
0
0
0
0
0
619
0
0
2232
0
0
0
0
0
0
0
0
0
0
0
0
0
0
2082
0
0
0
0
1994
0
0
2090
0
0
143
1919
1770
0
0
0
181
0
787
0
0
0
0
578
0
0
0
0
1896
0
0
448
0
0
425
0
0
0
0
0
2200
180
0
0
0
0
0
0
336
729
0
2011
0
0
0
0
690
0
0
2172
2017
0
90
0
0
0
585
0
0
0
0
0
0
0
0
419
0
0
0
543
1600
85
0
0
0
0
2356
1921
2267
0
0
0
0
731
1804
2146
0
0
94
2103
0
0
0
0
723
0
0
1980
632
0
0
0
0
2109
0
0
0
2021
0
2034
0
0
0
0
560
0
0
0
0
2186
0
0
2183
0
0
1910
0
0
0
2039
0
0
2144
2270
0
0
0
0
0
0
303
0
0
1903
1967
1931
0
0
1784
0
0
91
0
0
0
0
0
0
0
0
1793
0
0
0
0
0
0
0
0
0
0
0
0
0
0
233
0
0
0
0
0
1894
0
0
0
328
0
0
0
0
0
0
1977
0
0
0
1969
70
0
0
0
0
0
0
0
1757
0
0
0
0
0
0
0
0
1859
1956
0
0
0
1732
0
0
0
301
0
1867
1860
0
0
1971
0
0
0
273
0
0
1802
0
0
0
0
0
0
0
0
1835
0
0
0
368
0
0
0
0
1941
0
0
0
0
0
0
0
0
1833
0
0
31
0
0
0
0
0
0
0
0
0
0
2028
0
0
0
0
0
0
654
1733
0
324
0
0
0
751
0
0
0
116
0
0
722
0
0
0
0
2029
0
2282
0
1890
0
2094
0
0
2090
2083
0
0
0
0
726
0
0
0
0
0
0
0
0
0
0
43
0
0
0
1880
1963
0
0
2270
0
0
0
0
0
284
0
0
1972
0
0
0
15
0
0
0
0
2114
0
0
0
2219
0
0
0
0
2110
0
0
0
2216
0
0
0
0
2187
0
0
0
0
0
0
0
0
0
1803
0
0
0
0
0
0
670
0
0
0
322
0
2212
0
0
336
0
0
0
0
0
0
0
0
0
0
0
0
2039
489
2117
0
1962
0
103
0
0
2024
0
0
0
1726
0
0
0
2248
0
0
0
0
40
0
0
0
0
0
1925
0
0
0
0
0
1911
0
1072
0
1986
0
0
0
0
0
0
56
0
0
1904
0
0
0
0
2174
2156
0
0
1995
427
0
0
0
2230
0
0
0
0
0
0
0
0
668
0
0
0
0
0
45
0
0
0
0
0
0
0
0
0
0
2277
2234
0
0
0
165
0
0
1607
551
0
0
1774
0
0
0
0
0
0
411
0
0
0
0
0
0
0
0
0
0
2116
2067
0
447
0
0
0
792
0
0
0
665
0
0
0
462
0
0
0
0
1565
0
0
309
0
0
0
0
0
2113
2030
0
0
0
1758
0
0
0
0
0
0
2105
0
0
0
0
595
0
0
667
1841
0
183
0
0
0
0
0
0
0
917
0
0
0
1847
0
26
0
0
1856
0
0
226
0
0
0
2044
2340
0
0
0
862
0
1822
0
0
1680
0
490
0
0
0
0
0
0
0
0
0
0
1895
0
0
2057
0
1874
0
0
0
0
0
589
0
0
0
0
1862
0
0
0
0
0
2070
2200
0
1661
0
0
0
0
0
0
300
1949
0
0
2265
0
0
0
0
2143
3
0
0
0
0
1700
0
0
0
311
0
0
0
0
510
0
0
2068
0
0
0
0
0
0
1087
0
0
0
0
0
0
0
0
0
0
0
0
0
0
0
0
0
0
1819
1932
0
1755
0
0
0
0
0
0
0
0
1969
2110
0
0
0
1
0
0
0
396
0
0
0
0
0
0
1915
0
0
0
2028
0
0
0
1746
0
0
0
0
0
0
0
0
0
1774
0
266
1840
1781
0
0
0
0
1091
2235
0
0
1802
0
0
690
0
0
0
0
0
0
2041
0
0
0
0
0
0
0
0
0
82
0
0
0
0
0
0
0
0
732
2108
0
0
1949
1893
0
2374
2019
0
0
0
0
0
0
2149
2178
0
1847
0
0
0
35
0
1581
0
2269
0
0
2071
0
0
0
0
0
0
688
0
2002
0
566
0
0
0
0
0
1918
0
129
0
0
0
0
465
0
0
1764
456
0
0
0
0
1578
1763
0
0
2039
0
0
660
0
0
1967
0
249
0
0
0
0
0
1953
354
0
0
500
2032
0
0
0
0
2166
0
0
1959
0
0
0
0
0
0
0
1784
0
29
1853
0
533
74
0
0
208
0
1795
374
0
0
0
0
143
0
0
0
0
0
0
0
0
0
0
0
642
0
0
536
0
0
0
0
1872
0
0
0
0
0
1994
0
0
0
0
0
0
0
2340
711
0
0
0
155
0
0
88
0
0
1867
0
0
1865
0
0
0
0
0
0
547
1791
0
0
0
0
0
0
0
0
1869
27
0
0
1911
436
0
2236
101
0
0
0
0
0
0
0
0
0
1929
0
0
0
0
0
0
0
1751
0
1971
0
0
0
0
0
0
167
0
0
0
0
0
0
2209
0
0
0
0
1251
0
368
0
0
0
0
2204
1789
0
0
0
0
0
0
0
0
2
0
0
0
0
0
2313
1897
1870
0
0
2101
2414
1719
1689
0
0
0
0
0
0
0
0
0
592
0
0
0
2049
824
0
93
0
653
0
0
0
0
0
0
0
2095
0
0
0
266
503
0
0
0
0
0
0
0
0
0
458
0
0
0
0
0
0
0
0
1848
479
241
0
0
0
0
0
0
0
0
1989
0
0
0
700
0
0
0
0
0
1897
0
0
0
2165
0
0
1819
1806
0
0
0
0
0
0
0
0
743
0
0
0
0
0
0
1701
0
0
0
0
0
0
0
2081
0
0
0
0
0
0
0
1828
578
747
0
0
750
0
2072
0
0
0
0
0
0
0
0
0
1780
0
0
0
0
0
0
0
0
2216
0
0
0
0
0
1820
0
227
2147
0
0
0
0
0
0
263
0
0
0
0
0
0
0
1893
197
0
0
0
0
0
0
0
0
0
0
0
0
0
0
707
0
0
0
151
0
2216
0
0
0
0
2147
0
0
0
0
0
1978
644
0
0
2119
0
1776
0
0
0
0
0
0
0
0
0
0
0
2229
1857
0
0
0
0
0
1949
0
0
0
0
0
698
0
0
0
0
2213
0
1880
0
0
0
0
0
0
1744
0
0
1914
0
0
0
0
0
0
608
0
0
0
0
0
2212
0
0
0
0
0
0
0
0
0
0
0
0
0
0
0
0
2019
0
0
0
0
0
0
0
0
1735
699
0
0
0
0
0
0
0
0
0
0
0
0
0
0
2028
0
1801
2029
0
0
0
0
0
0
0
0
521
0
308
1850
0
0
0
217
0
0
0
2040
0
1962
0
2148
0
0
250
708
0
0
0
0
0
2166
0
0
6
0
0
0
0
2160
0
0
2119
0
0
0
0
0
0
0
0
0
0
0
0
0
0
0
0
1775
0
0
0
2038
0
1950
1785
0
728
0
478
795
0
0
0
0
0
0
0
50
673
0
0
0
0
0
0
2123
0
0
0
0
0
0
2048
0
0
0
0
0
0
0
0
0
0
0
0
0
344
0
0
1979
0
0
0
0
0
0
1877
0
0
0
1183
0
0
375
104
0
0
0
0
0
0
67
0
0
0
0
710
0
1751
0
0
2232
860
0
0
0
0
1960
0
0
0
0
0
0
0
0
587
2024
0
0
0
2047
0
0
0
0
0
0
0
1670
0
0
0
0
0
0
2013
0
0
0
0
0
0
0
287
0
0
0
0
0
0
1814
0
0
0
0
0
0
0
0
0
0
0
0
0
0
0
0
0
0
0
62
0
0
0
0
0
0
0
0
0
612
0
0
0
0
0
1763
0
1921
0
608
0
0
0
720
0
683
0
0
0
0
0
0
0
0
0
0
676
0
0
0
0
0
0
2084
0
0
0
0
0
0
0
0
0
0
0
1815
0
0
0
0
174
0
0
0
1502
0
0
0
0
0
0
0
0
1739
0
0
0
0
0
1952
0
0
0
0
186
0
0
1947
0
159
0
0
403
0
1931
1983
0
0
0
0
1747
0
0
0
0
2170
0
0
1710
2212
0
0
1876
0
1929
0
0
0
0
0
1898
0
0
0
0
0
0
0
1983
0
0
0
0
0
0
0
1389
245
0
2066
0
0
1841
0
840
0
0
0
0
0
2024
0
0
0
0
0
2274
0
1788
7
1927
1999
0
1919
2024
509
0
0
0
0
2238
2202
0
0
0
425
0
0
0
0
0
0
0
194
0
0
2157
0
0
0
2124
123
0
0
0
0
406
0
0
0
0
2250
0
1865
0
0
0
0
0
0
114
0
1910
0
0
0
0
259
0
785
359
1900
0
0
0
0
181
135
0
0
2246
0
0
0
0
0
2022
0
0
0
375
0
2009
0
0
1565
0
0
0
0
0
0
0
624
254
2045
0
0
0
0
0
0
0
0
1989
0
0
0
0
0
292
0
0
2124
0
0
0
0
0
0
0
2202
2029
0
0
0
0
0
0
0
0
0
112
0
0
0
0
1877
0
0
0
0
0
0
0
2019
782
2012
0
0
0
0
0
0
0
2194
0
2074
1
0
88
149
0
2292
70
0
349
0
0
0
152
2191
79
2126
0
0
0
520
0
0
0
0
0
0
0
0
0
0
2034
0
0
0
0
0
0
0
2167
1313
0
0
0
0
1925
0
0
0
0
0
1722
226
0
0
664
0
0
0
0
1930
0
101
0
0
0
0
82
0
0
0
0
0
0
0
2217
0
0
0
0
0
0
0
0
1924
0
0
260
0
0
0
0
0
0
0
0
0
471
0
0
0
0
0
0
0
0
0
0
0
0
357
0
0
0
0
0
695
0
0
0
2122
0
1803
2148
0
0
0
0
0
0
0
2103
0
2084
0
2143
0
0
0
0
2018
0
0
0
2133
0
0
0
0
0
1747
0
0
0
459
0
52
2106
366
0
0
0
0
0
0
0
2087
0
0
0
2151
0
2125
0
0
0
0
0
2174
0
0
0
1902
157
1911
0
0
0
0
0
0
2101
0
0
2006
0
1847
0
0
0
0
1872
0
1982
0
0
0
0
0
0
0
0
0
0
0
0
0
0
2327
0
0
0
0
0
0
0
0
0
0
0
0
0
0
1631
0
0
0
0
643
0
0
2043
0
0
0
0
1869
0
0
0
0
140
0
0
0
1794
0
0
2209
0
2267
2115
0
0
0
0
0
0
2167
0
0
0
1835
2148
0
0
0
2007
0
0
0
0
0
0
0
0
0
1698
0
2050
0
0
0
2176
0
712
0
188
0
0
0
0
0
0
0
2142
0
2206
2188
2212
2061
0
577
0
0
0
0
0
0
0
0
0
0
0
0
0
0
576
0
0
0
0
1917
1982
0
8
0
0
0
0
0
0
364
2140
2359
0
1715
0
0
0
0
0
0
0
0
2020
0
0
0
1724
0
496
0
0
0
2178
0
0
0
0
0
0
0
0
0
409
0
0
0
0
545
0
0
1962
0
0
0
0
346
0
0
0
471
0
0
0
0
0
0
0
0
0
1962
0
0
1631
745
0
0
0
0
0
0
164
0
0
0
2027
0
0
0
0
0
0
0
0
0
0
873
0
588
0
469
1923
0
0
1777
0
0
443
0
0
0
0
0
2310
0
0
0
0
1941
0
74
0
0
0
0
1935
2043
0
2088
0
1929
0
1969
0
0
0
1973
1824
0
0
0
176
0
108
0
1963
0
626
0
0
0
0
0
0
0
0
0
0
511
0
0
0
136
0
0
0
0
0
0
0
0
0
1934
0
1973
0
783
0
115
0
302
1659
0
0
0
0
0
0
2219
0
0
0
0
2045
0
0
667
0
0
769
491
0
0
0
0
1676
0
0
0
0
0
0
0
0
0
171
2124
0
0
0
0
127
0
1788
0
0
0
2214
1898
2207
0
0
1953
0
0
1936
0
0
0
1990
222
0
0
0
1686
0
0
0
712
0
1800
0
0
2066
0
1896
0
0
2325
614
0
0
0
0
0
0
0
0
0
0
0
0
0
0
0
0
0
0
0
0
0
702
0
0
0
0
1973
0
0
0
0
0
92
0
0
0
202
0
0
1861
0
0
0
0
2231
0
0
0
0
0
0
0
0
0
1956
0
0
0
0
0
0
0
125
0
2233
0
953
483
0
0
0
2277
0
0
0
0
0
453
0
0
409
0
128
0
0
0
0
0
1839
0
0
0
201
0
0
0
0
98
0
0
0
0
0
0
0
0
0
625
0
0
0
0
0
0
0
0
0
15
9
0
1808
0
0
0
0
0
2026
0
2035
0
0
0
0
0
0
0
0
0
548
0
0
1780
0
0
0
0
1989
0
2122
1290
0
0
0
0
0
0
0
0
0
0
0
0
1821
2006
1792
0
0
0
0
0
1817
0
0
0
0
0
0
0
0
0
154
0
2015
2197
0
1975
837
2070
2220
0
0
541
2017
0
0
273
0
0
2315
612
0
0
0
0
0
0
0
0
0
0
307
0
0
0
0
0
0
0
0
0
0
0
0
0
0
0
1872
2195
0
0
1753
105
0
85
2101
0
0
0
0
0
0
1712
0
0
0
1959
0
1676
0
2112
0
0
1890
463
0
0
0
1892
291
0
0
0
0
0
2040
0
0
1916
0
0
0
0
0
0
0
0
2163
0
0
2114
0
1699
0
623
0
0
0
357
443
0
0
0
0
0
2074
0
2368
0
0
0
0
0
0
0
0
545
0
0
0
0
0
0
598
0
0
0
0
0
0
0
0
0
0
0
2073
0
0
0
0
0
1962
0
0
0
0
0
0
2094
0
0
0
2068
0
0
0
0
1980
2080
0
0
0
0
0
0
0
0
0
0
0
0
0
0
0
0
2223
0
0
1826
0
0
0
0
0
0
0
429
1873
0
2037
0
0
0
0
0
0
0
1952
163
0
0
1868
1988
0
0
0
0
0
0
0
2205
0
0
0
0
0
0
0
0
5
0
0
0
0
2118
0
2180
435
0
0
0
0
1952
1848
0
0
0
0
0
0
0
0
0
0
0
0
0
0
0
0
0
0
0
0
0
0
1766
0
0
0
2017
0
0
0
0
0
0
0
0
0
0
439
0
2092
0
0
0
0
1768
0
0
0
0
1894
0
0
518
0
2139
1647
0
2155
0
1946
0
0
0
0
0
0
0
0
0
2091
2073
0
0
0
489
0
2106
0
0
0
0
0
0
0
0
0
0
0
430
0
0
0
0
0
0
5
0
148
2238
0
0
0
228
1809
0
0
0
0
0
0
0
0
0
148
0
512
2129
321
0
0
0
556
1982
0
0
0
0
0
0
2028
2007
0
0
0
657
0
0
0
2061
0
0
0
0
0
0
0
2091
0
0
806
0
0
0
2051
0
0
0
0
0
0
0
0
0
582
0
2000
0
0
0
605
571
0
2025
0
0
0
0
999
1804
0
2010
1894
0
801
0
0
0
0
0
0
1494
1963
1312
0
2041
2264
0
0
0
0
0
0
0
0
371
0
0
0
0
7
2023
0
0
0
0
0
0
139
0
0
1889
0
0
0
0
0
0
0
2040
15
0
0
0
0
0
0
0
0
1796
1923
0
289
0
0
0
0
353
2127
0
0
1785
433
0
2242
0
0
0
0
0
1929
100
0
138
415
0
0
0
0
0
62
0
700
0
0
0
270
0
543
0
0
0
0
0
0
0
83
0
0
1687
0
0
0
0
13
2175
1799
0
0
19
0
0
0
0
0
2023
0
0
0
0
0
24
719
1718
0
0
0
2093
0
281
0
2038
0
0
0
0
1797
0
525
0
0
0
2064
0
0
0
0
1551
0
0
1859
2067
0
0
0
0
0
0
1846
0
0
0
0
743
0
0
486
0
0
1865
0
0
0
0
0
0
2042
2281
516
0
0
0
0
0
658
0
0
0
0
2174
0
0
0
0
0
0
264
0
0
0
2262
0
0
0
0
0
623
0
230
0
0
0
0
0
0
0
0
0
2092
0
0
0
635
542
2074
0
0
2219
0
0
1750
0
0
0
1756
0
0
0
0
0
0
1995
0
767
0
0
0
0
0
0
0
0
0
0
496
0
0
0
0
0
0
0
0
0
0
0
0
0
2103
0
0
760
2119
0
0
0
0
377
0
2184
0
0
0
2127
0
0
2232
680
0
0
2126
0
1900
0
0
0
0
807
0
0
0
0
1649
2073
0
0
0
0
0
0
0
2165
0
1994
0
196
0
0
2051
0
0
0
0
0
0
0
0
0
0
0
0
0
0
2192
0
1780
105
0
1927
0
0
0
0
0
0
527
1780
0
0
0
0
0
0
218
0
0
0
315
1800
280
0
0
0
0
440
0
0
0
0
0
0
0
0
0
1978
0
0
0
0
0
0
0
2313
0
2250
0
560
0
0
0
0
1991
0
2327
0
0
0
0
2287
0
0
0
0
0
0
0
0
0
0
0
401
0
2025
0
0
0
0
0
0
0
0
0
2112
0
0
0
0
0
0
2214
0
0
2142
1937
318
0
0
0
0
0
799
0
0
0
2319
0
1774
0
0
0
0
1783
0
0
1906
0
1673
0
0
0
0
0
0
0
0
0
0
0
0
0
0
0
118
0
707
2052
0
481
0
0
0
0
0
0
0
1939
0
0
1779
0
0
0
0
0
0
0
0
0
0
2197
0
1825
0
0
0
0
0
2179
2102
0
0
1698
0
0
0
2076
0
0
0
0
1975
0
0
371
0
0
1951
0
0
0
0
0
0
0
0
0
0
0
0
0
246
252
0
0
1943
114
0
0
1785
1667
0
0
0
0
0
1651
2236
0
100
0
0
0
0
0
0
0
0
0
0
0
0
0
0
0
0
0
2018
0
0
0
0
0
1984
1659
0
0
0
0
0
1962
0
0
0
2049
0
254
0
2038
1963
0
0
0
0
0
0
1170
0
2075
2175
0
0
2227
333
0
273
0
0
2148
0
0
0
0
1966
0
0
0
1744
0
2080
0
0
0
0
0
0
0
0
0
1896
1656
0
0
0
2250
0
0
297
0
0
0
372
0
0
604
0
0
51
0
0
1852
0
0
0
0
0
0
0
0
0
0
0
0
0
0
393
0
0
2142
0
0
0
0
0
0
0
0
236
0
119
0
0
0
0
0
1846
310
0
0
0
0
0
0
0
0
0
0
0
0
0
0
0
0
0
0
0
2062
0
0
0
550
0
101
0
0
1994
0
0
1629
0
2037
0
0
2340
0
2256
1813
0
0
0
422
0
0
0
0
0
0
0
0
0
0
0
714
0
1740
0
0
0
116
0
0
0
0
243
0
1882
0
0
2241
0
0
0
0
0
0
1021
0
0
0
0
2135
0
0
0
0
643
0
0
197
0
9
0
0
0
0
0
0
2032
0
2256
0
0
0
0
1903
0
0
0
163
0
0
1082
1639
0
1810
1233
0
0
0
0
0
0
347
0
0
0
0
0
2078
0
0
0
0
0
0
0
141
0
0
0
0
0
0
0
0
2236
0
0
0
2068
0
0
0
0
747
0
2270
2071
0
0
0
0
0
0
0
0
0
0
1894
0
0
0
0
0
0
0
0
0
0
0
0
0
0
1659
1901
0
95
0
0
0
166
0
1766
0
1919
0
0
0
0
0
0
0
0
649
0
0
0
0
0
0
0
441
0
0
0
0
0
763
769
0
0
0
2068
0
0
0
140
0
340
0
1971
0
259
0
0
451
1658
0
2110
0
0
0
2212
0
0
2160
0
0
0
0
0
0
0
0
2183
0
0
1927
0
0
0
1719
0
1843
0
0
0
0
0
0
0
0
0
0
0
0
0
106
0
0
0
0
0
0
0
0
0
0
0
0
0
0
0
0
0
0
506
1558
0
1952
0
0
2285
0
1753
0
0
0
0
0
0
0
2059
2176
0
0
0
1855
0
0
0
2016
1898
0
0
0
0
0
2269
0
0
0
116
0
2323
0
0
2176
0
0
0
0
0
0
0
0
0
0
0
0
0
0
0
1838
1899
1588
0
0
0
0
399
0
0
0
0
0
0
0
0
0
0
0
0
515
0
0
0
539
0
2208
0
2068
0
1771
0
0
84
0
0
0
0
0
0
515
0
0
0
0
1701
0
592
1955
0
0
0
0
0
2212
2206
0
507
1863
0
0
2226
0
0
0
505
1999
0
0
0
0
0
0
0
0
0
0
0
0
0
0
2123
0
0
0
0
0
0
0
2277
0
2155
0
0
248
0
0
0
0
0
0
210
1780
0
1947
233
2179
2038
0
0
0
0
62
0
0
0
0
0
0
0
0
334
0
446
0
198
0
0
0
2292
0
0
0
0
0
0
1986
0
483
0
0
0
0
1813
0
0
0
0
0
0
0
0
0
2178
0
0
0
0
1859
1830
0
0
0
0
0
0
0
0
0
0
0
0
0
2168
0
2124
0
0
0
0
0
0
0
0
1618
0
0
0
0
0
0
0
0
0
0
2360
0
0
0
0
0
0
2124
0
2285
0
0
0
0
0
0
0
1945
0
0
683
0
0
0
1704
0
0
0
2026
0
1922
0
0
0
2148
0
0
0
0
0
0
0
1816
0
0
0
0
0
0
645
580
123
0
0
0
0
712
0
0
0
1972
0
627
0
0
0
0
651
0
251
2316
0
1759
0
0
0
0
0
0
2189
0
0
1735
2213
0
0
0
0
0
0
1721
0
0
0
0
0
1818
0
0
0
0
0
0
0
0
2245
2162
0
720
1715
14
2059
0
0
0
0
2011
0
0
0
0
0
2293
0
0
0
0
128
0
0
0
0
0
1780
2152
0
0
0
0
0
0
1965
0
0
0
0
0
0
0
0
0
0
0
0
0
0
1953
0
0
0
0
1797
0
0
0
0
0
1229
1751
0
0
0
0
0
0
0
0
0
0
0
0
169
0
0
0
0
1961
0
2180
1902
0
0
0
0
0
0
395
0
0
0
0
0
0
0
0
0
0
1968
1725
0
1861
0
0
1779
2002
0
0
0
0
0
0
447
0
0
2083
0
0
0
0
394
0
0
0
0
1867
0
50
0
1914
0
0
0
0
1923
393
0
691
0
0
0
0
0
0
0
0
0
1882
688
0
0
0
0
0
0
0
0
0
0
0
0
0
41
0
0
2210
0
0
0
0
0
0
0
0
1965
0
0
1772
0
0
0
0
1892
0
0
0
2321
164
0
172
0
0
0
0
0
749
0
0
0
0
0
2003
0
0
0
0
144
0
0
2220
0
0
0
1678
551
1876
0
0
0
2213
0
0
0
75
2154
1758
0
280
39
2042
0
0
0
0
2276
0
0
328
88
0
0
0
0
0
0
0
629
0
58
47
0
1853
302
0
0
0
0
0
0
387
0
0
0
0
574
0
0
0
0
0
0
2359
0
0
0
0
1843
454
843
0
0
2015
0
0
0
0
0
0
0
0
0
0
0
0
0
0
0
0
0
0
0
301
0
0
0
0
0
0
0
0
0
0
0
0
0
0
0
0
0
0
0
2061
1727
0
0
0
2198
2070
294
0
0
0
0
0
0
0
0
0
878
0
2028
0
638
150
0
0
2239
0
0
86
0
0
0
0
2002
0
0
0
0
0
0
0
0
0
0
2106
0
0
0
0
0
1948
0
0
2049
1635
0
0
2025
0
1663
1789
1905
0
0
1908
0
2103
0
0
2307
0
0
2125
0
0
0
0
0
0
0
0
0
0
0
1748
1984
395
0
0
0
0
1994
0
0
0
2000
0
0
2218
0
0
0
257
0
2082
0
1809
0
721
0
2096
0
0
0
0
2018
0
1658
1954
0
0
0
0
2129
0
0
1916
0
1460
0
0
0
101
0
0
0
0
0
0
0
0
2192
0
0
0
0
0
0
0
0
0
0
0
0
0
0
0
0
2102
641
0
2013
0
0
0
0
0
0
0
0
0
0
2143
0
0
0
0
0
0
0
1884
0
0
0
2045
0
0
0
0
0
2211
0
2009
0
0
1990
2063
0
1919
0
0
0
0
0
0
0
0
244
0
0
0
0
0
0
0
0
0
0
0
1936
0
1701
349
676
0
0
0
0
0
105
0
0
0
0
0
0
0
0
0
0
0
0
0
0
0
0
2212
0
2057
528
0
760
743
1895
2040
0
0
58
0
0
0
2231
0
0
155
0
1938
0
1954
0
0
0
0
684
210
186
0
0
0
0
0
0
0
143
0
233
2192
1998
0
0
0
0
572
0
0
0
0
0
0
0
0
0
0
0
0
0
1918
0
0
0
0
0
0
586
0
0
2142
0
0
0
0
0
1851
0
0
0
0
0
0
0
1439
0
0
0
2171
2047
1970
0
0
1389
0
718
0
0
2287
1801
290
0
0
0
0
2074
1872
1684
0
0
0
0
0
643
0
207
1671
0
0
0
0
2207
137
0
0
0
0
0
382
0
0
0
0
2037
0
0
0
0
0
1116
2085
0
1898
0
0
0
239
0
0
1972
0
1803
0
0
0
0
0
1997
1933
0
0
2145
0
0
0
0
0
0
0
0
1836
0
0
0
0
0
0
0
0
0
0
0
1781
2219
0
0
0
1928
1778
2024
0
0
0
0
0
25
70
0
0
0
0
0
0
0
0
0
0
2281
0
0
0
2366
0
0
0
2004
0
0
1844
0
0
0
0
2306
2181
0
0
2000
0
0
2381
0
0
664
0
0
2019
0
0
0
2201
0
0
0
25
0
0
514
2126
0
0
0
0
0
0
0
1786
0
0
0
1766
0
0
0
0
0
0
0
0
0
782
2155
2089
0
0
0
0
0
0
0
0
2016
0
0
0
0
0
0
0
0
0
0
0
0
0
0
0
0
0
0
0
0
1873
0
0
0
760
437
613
0
2181
72
0
0
2199
0
0
1673
0
0
0
0
1992
0
0
664
0
1606
0
0
0
0
1872
0
0
0
0
0
0
0
0
629
2066
0
0
0
0
2033
383
0
1932
0
2043
0
0
0
0
415
1968
0
177
0
0
0
0
0
0
0
1840
0
0
0
0
0
0
0
0
0
0
1913
0
0
0
0
0
0
0
0
0
0
517
0
0
0
0
0
0
0
0
0
0
0
0
0
0
629
0
0
0
0
0
667
99
1887
0
0
1938
0
0
0
0
1701
2031
2236
0
0
0
0
0
1933
0
842
1959
0
67
0
0
0
0
0
0
0
0
156
0
0
0
0
0
492
0
0
0
0
0
613
1974
0
47
0
0
0
0
0
0
0
0
2162
2091
0
0
236
0
0
0
0
0
0
0
0
0
0
0
0
0
29
0
0
0
0
2238
0
1986
0
0
0
0
0
0
1891
0
0
0
0
1175
0
1967
1939
0
0
368
679
0
335
0
651
0
0
2153
0
0
0
766
0
0
0
0
0
1848
0
1768
0
0
1894
0
2199
0
44
0
460
0
0
0
253
0
0
0
0
0
0
0
0
0
0
0
271
2307
0
0
0
0
0
0
0
0
0
0
0
0
0
398
1826
0
385
0
0
0
0
0
0
0
0
0
0
0
0
0
0
0
0
0
0
0
2047
757
0
0
2045
0
0
0
544
2061
138
0
0
0
0
0
0
0
1652
0
0
0
0
1928
0
0
0
63
0
1989
0
2284
0
0
0
0
0
0
661
0
0
0
60
0
0
0
0
2319
0
0
0
0
0
0
0
0
0
0
0
755
0
0
0
2109
0
0
0
0
623
0
0
337
0
0
0
1692
0
0
0
0
0
95
0
783
0
0
0
2348
0
91
0
0
0
0
0
0
0
0
0
2267
0
0
0
0
0
0
0
0
693
2082
0
0
1867
0
0
0
699
2050
0
0
2245
0
0
0
2290
0
0
0
0
0
0
0
0
0
0
0
0
2071
0
0
0
0
57
0
260
0
1843
0
0
0
0
0
2106
0
0
2231
2019
0
0
0
0
0
0
827
0
127
0
0
0
0
0
0
718
2153
1833
0
0
0
385
0
0
1393
0
0
0
2109
0
0
2066
0
373
0
0
0
0
0
0
0
0
0
0
70
0
0
0
0
0
0
0
0
0
0
0
0
0
0
0
0
86
0
838
0
1991
1547
0
0
0
0
0
0
0
17
0
278
1876
0
0
0
0
0
0
0
0
1781
0
146
0
0
0
0
0
0
0
0
0
0
0
0
0
2005
0
0
0
0
1916
0
0
0
2012
0
0
0
0
0
0
0
2065
0
540
0
0
0
2024
0
0
0
0
0
1908
0
0
0
55
0
0
0
0
1768
0
0
0
0
0
245
622
0
0
0
2195
0
0
0
0
501
0
0
0
0
0
0
0
0
0
0
713
0
0
0
0
0
0
0
0
0
0
0
755
0
0
0
0
0
0
0
0
332
0
0
0
0
0
0
213
0
0
655
0
0
615
454
2019
0
1944
0
780
0
0
35
699
0
0
0
536
0
0
0
0
0
0
0
0
0
514
2212
729
0
0
0
0
0
0
0
0
0
0
272
0
513
90
0
0
0
0
2098
0
2110
369
0
0
646
0
239
0
2289
0
0
0
0
0
0
0
1815
0
0
0
0
2109
0
0
1853
0
2189
2017
0
1178
0
0
0
0
0
0
2054
0
0
0
0
0
383
0
0
0
1908
0
297
0
2092
2226
0
0
0
0
104
0
1814
0
300
0
0
1496
0
0
0
0
782
464
0
0
0
0
0
684
0
0
0
0
1988
0
0
1334
0
1928
0
0
0
0
0
0
0
0
0
0
1861
868
0
0
0
0
0
0
0
0
0
635
0
0
0
1868
1985
0
2275
2
557
37
0
42
0
0
0
2258
0
1877
2003
0
2269
0
0
0
0
1774
0
0
0
2138
0
0
1971
0
0
0
0
0
0
1896
0
0
1946
0
0
131
0
0
329
2011
0
0
0
2038
0
0
0
2276
0
405
0
0
0
1679
0
0
0
1981
0
0
2336
0
0
523
0
2098
0
0
0
2208
0
2265
0
0
0
0
1766
0
0
0
0
0
1771
122
0
1789
0
2083
0
0
1745
0
1775
0
0
76
0
0
0
0
0
0
0
0
0
0
0
0
0
0
0
0
0
0
1866
0
0
2057
0
0
36
0
0
0
0
0
0
0
1891
0
417
0
0
0
0
0
672
0
0
0
0
2237
0
0
0
0
0
0
0
0
0
0
0
0
0
1894
0
0
0
0
0
0
622
0
1656
1795
0
1923
0
0
0
0
866
0
0
0
0
0
0
0
0
0
568
0
1941
0
2354
0
0
0
0
0
0
0
0
1793
0
0
2023
0
75
0
0
0
426
0
0
0
0
0
2047
0
0
0
0
601
0
0
0
13
0
0
0
0
0
0
0
450
0
126
0
0
0
0
0
0
0
0
2249
1876
0
0
2087
0
0
2206
0
0
0
0
0
0
0
0
1946
0
0
1778
1987
0
0
0
0
0
1975
0
0
0
0
0
0
23
0
0
0
0
0
0
0
0
0
0
1980
0
0
0
0
2135
0
242
0
0
0
1823
0
0
2100
0
325
0
0
0
0
0
132
0
23
0
0
0
0
0
1758
2181
0
0
0
1905
0
0
0
1965
0
0
715
0
190
0
0
337
0
0
0
0
0
0
1778
1867
54
0
0
0
0
0
0
601
2179
0
0
0
1987
0
0
0
0
0
2204
389
0
0
0
0
0
2108
0
0
0
0
2100
0
0
0
0
0
0
0
2173
2235
2137
2014
0
0
0
0
1665
0
0
0
0
0
0
60
0
0
2233
0
0
0
0
0
0
0
2009
0
1924
0
142
0
2081
1825
0
0
0
0
1897
0
0
0
0
0
0
2214
0
0
0
0
1828
0
0
0
0
0
1856
0
0
0
494
0
282
0
2166
0
0
0
0
0
0
0
2070
0
0
0
0
0
0
0
0
2107
0
0
0
1786
0
0
0
0
0
2112
2200
0
0
0
0
0
0
1981
175
0
0
0
0
0
0
685
0
693
0
0
0
0
0
0
0
0
0
0
0
0
0
0
0
0
1955
0
0
0
0
0
728
0
0
0
2143
0
0
2199
1838
0
0
0
1821
0
38
1964
0
0
0
0
357
2242
0
152
0
0
520
0
0
0
0
1952
0
0
0
0
725
78
0
0
1757
2108
0
0
2113
0
0
99
0
0
0
1844
0
1678
0
0
0
0
0
0
0
0
0
2337
0
0
0
0
0
0
1
0
0
0
0
1756
0
0
1677
0
0
0
0
0
0
0
0
0
0
0
0
0
2025
0
2212
0
101
0
0
0
454
0
0
735
1950
1868
0
1598
0
1886
0
1823
0
0
0
0
1719
0
1944
0
0
0
0
0
0
85
0
0
0
0
0
0
0
0
1801
0
0
0
598
0
0
1960
0
0
0
0
0
0
637
0
2082
37
1890
0
2134
0
0
0
0
0
2048
0
0
0
356
0
0
0
0
0
0
0
0
646
1722
257
0
0
0
0
1751
0
0
0
0
0
0
0
0
0
0
2195
706
0
0
0
0
2116
0
1518
0
0
0
0
0
0
2216
0
0
0
0
0
0
1780
1989
0
0
0
111
1841
0
0
0
0
0
0
164
0
2016
2187
0
0
0
0
0
0
2139
0
0
604
2067
0
2177
2103
2077
0
0
556
169
0
0
588
1932
0
0
0
1784
354
0
0
0
34
0
755
2104
0
0
0
0
0
2029
0
0
2086
1993
0
0
1706
0
2017
0
2330
0
2149
0
0
769
592
0
0
0
0
0
0
0
0
0
0
435
2170
0
0
0
0
0
0
0
0
0
0
0
0
0
0
1829
0
1726
1900
0
94
0
0
1997
2191
0
0
0
2090
631
0
0
0
0
0
0
2
525
0
0
0
0
0
0
2061
0
0
0
0
2147
2244
0
0
0
0
647
117
0
0
0
0
0
0
247
0
0
0
0
0
0
0
0
0
0
0
0
1953
764
1271
0
0
0
0
0
0
2017
0
1613
1278
0
0
0
0
0
0
695
0
0
579
0
0
2173
0
0
2085
0
0
0
0
0
0
0
0
0
0
0
1704
0
0
1966
0
0
1761
0
0
0
0
1999
241
0
0
1944
0
2034
1666
710
0
0
0
510
0
0
1701
0
108
0
103
0
0
0
0
500
0
0
103
0
0
0
0
0
0
0
0
0
1865
67
0
0
0
2256
0
0
0
0
2233
73
0
0
0
1705
0
0
0
0
0
0
0
0
0
0
1998
0
839
0
0
2012
0
513
0
2219
102
2115
0
0
0
0
0
0
0
0
2000
0
2176
0
0
0
2081
0
690
0
0
0
0
0
0
2253
0
2135
0
20
2277
0
0
0
0
0
2051
0
0
0
1878
0
0
2203
0
0
0
0
1899
372
0
0
0
0
0
0
0
0
0
0
0
2296
0
0
260
2021
0
0
0
2208
0
0
313
0
0
0
0
626
0
0
0
0
0
0
0
0
0
0
0
533
1859
0
0
0
0
0
0
0
0
0
0
2
0
0
1997
0
0
0
0
0
0
0
0
0
1900
1973
0
0
0
0
1895
0
2105
477
0
0
0
0
1003
1663
0
0
0
0
0
0
0
0
0
0
0
0
0
1810
0
0
0
0
0
0
1700
0
0
0
657
0
0
0
2119
0
0
0
2006
51
614
0
0
0
0
0
0
0
0
0
0
0
0
0
0
0
1318
0
1987
0
0
0
0
0
0
0
0
0
0
3
0
0
0
2029
1668
0
0
0
365
0
0
1930
0
0
0
1946
0
0
0
0
0
0
2224
0
0
0
287
2282
0
0
0
777
0
0
0
0
0
0
0
0
0
0
0
659
1935
0
1935
0
234
2212
0
0
377
0
0
0
0
0
0
0
0
0
0
0
0
0
0
0
0
0
2122
1715
0
0
0
0
0
381
149
0
0
0
0
0
2195
0
0
0
0
71
86
1941
0
0
0
1997
0
2053
0
0
0
1924
0
0
0
1906
0
1740
0
0
0
0
0
0
12
0
2223
620
0
1765
0
0
0
0
0
0
0
0
0
0
0
2002
0
0
0
0
0
2136
231
0
0
0
0
0
0
0
0
1894
121
0
613
0
0
1933
0
0
0
2052
0
0
0
550
0
2121
334
0
2073
1954
70
0
0
0
792
0
0
0
0
0
38
0
0
2294
2169
0
0
2110
0
0
0
0
0
1414
0
2354
0
749
151
0
1906
0
0
0
0
0
0
0
0
0
0
0
0
0
0
0
0
0
0
0
0
2053
987
0
0
0
1885
0
0
1977
0
1990
0
2280
0
0
0
0
401
1797
0
87
0
0
0
0
0
303
0
725
510
335
0
0
0
1992
2006
0
0
0
0
0
0
1276
0
0
2163
0
0
0
0
0
0
705
0
0
0
0
0
0
1850
229
622
0
0
0
0
0
1609
0
0
0
1777
0
0
0
184
0
0
0
0
1732
0
0
0
0
0
0
0
0
125
1726
0
0
0
0
2203
0
0
0
0
0
0
0
657
0
0
0
0
958
0
0
103
0
0
0
0
0
0
0
0
1567
0
0
0
1949
0
0
0
2254
549
0
0
405
0
0
2177
0
0
0
0
0
1933
0
1847
0
0
708
0
0
0
722
0
0
567
0
0
0
0
744
0
0
1556
1845
1953
0
0
1980
0
0
0
0
0
2241
0
0
0
0
1880
0
0
366
2382
0
0
0
1985
0
0
0
0
93
0
0
0
0
1878
2191
0
0
0
0
0
0
0
1981
0
0
148
0
657
0
0
0
0
0
2064
0
0
0
0
0
2105
0
0
1873
0
0
0
1632
0
0
2159
0
0
0
0
0
0
0
0
0
618
0
2227
2017
2173
0
0
0
0
520
1368
0
0
591
0
0
0
2088
2122
0
0
0
0
0
0
0
2370
0
2096
0
0
185
0
0
1989
0
0
0
0
0
0
0
0
496
409
0
0
1943
127
0
566
0
0
1813
2197
2059
0
0
0
0
2043
0
0
0
0
0
0
2143
1694
530
1704
0
0
0
1035
0
0
0
0
0
561
0
0
0
0
0
0
197
0
754
0
115
0
0
0
0
0
0
0
0
1465
2212
2295
0
0
0
0
1870
0
0
0
0
0
0
0
188
1799
0
0
0
0
0
0
1901
0
551
0
0
0
0
0
0
0
0
0
0
0
0
0
0
0
658
0
383
0
0
0
0
0
0
0
0
0
0
0
0
0
1910
0
0
0
0
0
0
2112
0
0
1853
1742
1634
0
0
0
0
0
0
0
0
0
0
0
0
0
2318
0
0
0
2322
198
0
0
1972
0
0
0
80
0
0
0
538
0
1859
0
9
702
0
0
0
0
0
0
0
1957
0
0
0
0
0
0
0
0
0
0
0
0
0
0
0
0
0
0
0
0
0
0
0
0
0
0
0
0
592
0
0
1859
0
0
0
0
1917
0
0
0
0
506
0
0
0
1731
0
0
0
0
0
2300
0
0
0
0
0
2012
0
0
2089
2096
0
0
0
0
0
68
0
0
0
2090
0
0
0
1913
2170
334
0
0
0
0
0
0
0
0
1744
2009
0
0
0
89
0
0
0
0
2263
0
828
135
1806
1787
0
2108
109
0
0
0
627
0
0
0
0
0
0
0
0
0
0
0
0
0
0
0
421
0
0
0
657
0
0
1955
0
0
0
0
0
0
988
0
1938
1969
0
0
0
0
0
0
0
0
71
0
1867
1922
682
0
0
0
0
0
0
0
0
0
0
0
36
1864
1934
0
0
0
0
282
0
0
0
1991
0
0
0
0
0
0
0
0
0
0
0
1810
0
0
0
0
0
0
0
1811
0
0
0
0
0
0
0
0
2115
0
0
0
0
0
0
0
2326
0
0
0
86
0
0
0
2260
0
0
61
0
0
0
0
2156
1
0
0
0
0
2047
0
615
2020
0
0
0
0
0
0
0
2051
0
0
0
0
2043
0
0
1788
0
0
0
0
0
0
2361
0
0
0
0
213
0
0
0
0
57
0
0
297
92
2028
0
369
0
494
0
0
0
2035
0
0
0
0
0
0
0
0
0
0
0
0
0
0
0
0
1873
0
0
0
664
0
1772
0
0
0
2324
76
0
0
0
0
0
10
0
0
0
0
1646
0
0
699
0
0
0
0
0
0
0
0
0
2042
0
0
0
169
0
0
0
1911
0
2271
173
0
0
0
0
0
0
0
0
0
0
487
0
0
0
2142
0
0
1662
266
191
0
0
194
507
0
0
0
0
0
0
0
1912
0
0
634
0
0
0
0
0
0
0
0
0
0
0
0
0
0
0
0
0
0
1888
0
408
0
0
0
1896
1626
0
0
2028
0
0
0
0
0
0
2197
1790
0
0
0
0
1951
0
0
0
0
0
0
1819
0
0
0
0
571
0
0
0
495
328
0
0
0
0
2234
2314
0
0
0
0
0
0
0
0
0
0
0
0
1964
0
0
0
0
0
0
0
0
2187
0
0
0
1990
0
0
0
2043
0
0
0
0
0
0
333
1999
0
0
0
0
0
0
0
0
0
231
0
0
0
0
0
0
1691
0
0
0
0
0
0
0
0
297
0
0
496
2004
2148
0
0
0
1982
0
0
0
248
0
0
797
0
2051
0
0
0
0
0
0
0
0
0
0
0
0
2086
0
0
0
0
0
0
0
0
0
1861
2280
0
0
0
0
0
593
142
0
1668
0
0
1979
2035
0
2091
2310
0
0
2296
0
0
743
0
0
654
0
0
0
0
0
481
2016
0
100
0
0
0
0
0
0
0
0
0
0
0
0
0
0
0
896
0
0
0
2023
0
0
0
0
0
0
0
1966
0
2185
0
0
1754
0
766
656
0
0
0
0
0
2227
2069
0
0
625
0
0
169
0
586
1791
0
0
0
1966
1992
0
0
0
0
0
0
0
0
0
2030
486
0
0
0
0
0
0
0
0
0
0
63
0
0
0
0
0
1704
0
0
0
0
0
1483
0
62
676
0
0
335
2258
2353
708
1752
0
0
0
1861
0
1951
0
0
0
0
2011
1717
0
0
0
0
0
0
0
0
0
0
0
0
0
0
417
0
236
0
0
0
1708
0
0
0
0
0
0
1660
0
4
0
0
0
0
1897
0
0
0
0
0
1902
0
0
0
0
0
0
79
0
1819
0
1707
0
0
0
0
0
47
0
0
2225
1724
0
384
0
0
0
2093
0
1477
0
0
1790
1893
0
2205
0
0
0
2181
0
0
0
0
0
0
0
0
0
0
252
149
0
0
0
2031
0
0
0
0
0
0
0
0
0
2175
1972
0
0
1720
0
0
0
413
0
0
0
0
0
0
164
0
0
0
0
0
97
633
0
0
498
0
0
0
0
0
0
0
0
1926
0
0
0
0
0
0
0
0
0
0
55
0
0
0
0
0
0
0
0
76
0
0
0
0
1970
0
2241
191
0
0
0
0
0
1993
0
0
0
2046
158
0
103
0
0
0
0
0
0
41
0
0
0
0
0
0
0
0
0
0
0
2042
0
0
1971
0
0
109
676
0
0
0
0
0
0
1887
0
0
0
0
0
0
0
0
0
0
1787
419
0
0
0
2032
0
0
0
0
0
0
0
0
281
0
0
0
2167
1678
0
0
0
0
0
0
632
0
0
0
698
0
0
0
708
0
537
0
2069
0
0
0
0
2256
1965
1739
0
256
0
0
0
0
1818
582
0
0
0
0
0
0
0
0
0
0
0
0
0
1688
0
177
0
0
0
314
0
0
24
0
0
2176
0
0
0
0
2167
0
0
0
0
0
1453
0
1948
46
0
0
0
0
0
0
2134
0
0
0
0
0
2348
0
0
0
0
2113
0
0
0
1524
0
0
0
2249
0
0
2266
0
0
0
0
0
0
0
0
0
0
0
0
0
0
0
1836
0
1335
1960
0
0
0
0
0
0
2257
0
0
0
69
0
0
0
2047
0
0
2153
0
0
0
0
2042
0
0
0
0
0
0
0
0
0
0
0
0
0
0
0
0
0
0
0
0
0
0
0
1732
0
0
0
0
0
0
0
0
0
156
0
0
0
0
0
0
0
0
2157
0
1938
0
0
0
0
0
2058
0
0
0
1930
0
1946
0
1630
0
0
0
0
0
0
0
0
0
2070
0
0
0
2071
0
0
0
0
0
0
0
0
0
62
0
0
0
0
0
261
0
0
0
0
0
0
0
0
830
0
0
0
0
0
0
0
0
0
2035
0
0
141
0
0
0
0
0
0
2145
0
0
2084
0
0
0
0
2021
0
0
0
0
0
0
0
0
0
0
0
0
1244
0
0
1906
0
0
0
84
0
0
0
0
2037
0
0
0
90
0
0
0
0
0
0
0
0
146
0
0
0
2204
0
2234
0
0
0
0
0
2285
0
1767
0
0
0
1744
0
1868
0
0
0
0
0
0
0
0
0
673
0
0
0
1866
1955
0
0
0
0
0
1998
1949
0
782
0
41
0
0
0
0
0
0
0
0
0
1718
2154
705
0
0
2256
0
0
0
1958
0
0
0
0
0
0
0
0
0
374
0
0
0
0
0
0
0
0
0
0
0
0
2342
2152
0
0
0
2258
1979
673
0
0
0
0
0
0
479
2289
0
0
0
0
0
0
0
0
179
0
656
0
274
0
0
81
0
2156
0
0
0
0
639
2216
0
1727
0
0
0
0
0
0
0
0
0
0
579
0
2193
1493
0
0
1973
0
0
0
0
215
0
1882
2216
0
0
0
0
208
0
0
0
0
0
0
0
0
0
0
0
0
0
0
0
0
0
0
0
0
2020
0
34
0
127
1633
0
0
0
0
0
1949
0
0
0
0
0
0
0
0
0
0
0
1884
0
223
0
0
0
0
0
0
0
0
0
0
269
0
0
0
0
1794
526
0
0
0
0
2176
0
0
0
0
1794
0
0
0
0
0
2144
0
0
0
0
0
1709
0
0
0
0
0
0
0
0
197
0
2072
0
0
0
0
0
0
0
0
0
0
0
0
0
242
97
2264
0
0
0
0
0
0
737
0
527
0
0
1948
0
0
0
0
0
0
0
0
0
0
0
1824
0
0
0
0
239
0
0
0
0
534
0
0
0
0
0
0
0
0
0
0
1833
0
0
0
0
0
0
0
868
0
0
0
0
0
0
0
0
0
0
0
0
0
0
0
0
0
0
168
2043
0
0
0
0
0
0
0
0
218
608
1933
0
0
2125
0
545
0
0
0
706
2042
0
0
2257
0
0
0
262
0
0
0
0
0
2289
0
60
0
0
0
0
0
0
153
0
1852
373
1991
0
0
0
0
275
738
0
0
0
0
0
1741
0
0
0
251
0
0
1908
0
0
0
0
0
0
0
26
0
0
0
0
0
0
0
0
0
0
0
0
0
0
43
0
0
0
0
0
0
0
0
1974
0
0
451
0
0
0
2216
0
0
0
0
2002
0
0
0
66
764
0
2061
0
0
0
753
0
0
0
1744
0
0
1784
0
0
2097
0
0
0
0
0
0
0
0
0
0
0
2197
1722
0
0
0
0
0
1939
0
0
2114
0
620
0
0
1666
1966
0
2088
0
0
0
0
0
607
0
407
1793
0
2179
263
2152
793
0
0
0
1951
0
328
0
0
772
0
16
1820
0
0
0
0
314
0
1473
0
0
0
0
0
0
0
2163
0
0
0
0
0
0
0
0
0
0
1756
231
85
0
0
2256
0
0
0
0
0
0
0
0
1726
0
0
0
0
0
0
0
0
0
0
0
0
0
0
0
0
0
0
1869
0
2038
0
0
0
0
1860
0
376
0
11
0
110
0
0
1824
0
0
2029
0
0
0
0
0
0
0
0
0
0
0
0
0
0
0
2060
0
0
0
0
0
0
0
0
58
0
2252
0
0
0
0
0
2032
0
1947
2043
0
0
0
2031
0
0
1937
2225
0
0
458
0
0
641
0
0
889
0
0
1776
0
0
0
0
0
0
88
0
0
852
0
141
0
0
0
539
684
1928
0
0
0
0
798
0
0
0
0
0
1668
595
0
0
1858
275
0
0
0
0
0
328
0
0
0
0
0
228
0
0
1971
0
0
0
0
0
0
0
1687
0
1972
2004
0
0
0
0
0
0
0
0
0
0
0
0
0
0
0
0
0
0
0
0
0
0
1911
0
0
0
0
0
0
0
0
0
0
535
1943
0
1837
0
0
0
2169
0
0
0
0
0
1996
121
0
420
0
0
0
0
1701
1865
0
1611
0
0
1636
0
0
0
0
1712
0
0
0
0
1986
620
0
0
0
212
2173
0
0
0
0
2280
0
0
0
0
0
38
0
0
0
1887
72
2012
0
0
0
0
0
0
0
0
2004
0
0
0
199
0
0
0
0
0
0
0
0
2013
0
254
871
0
234
2059
0
0
1991
0
0
0
0
1784
357
660
0
0
2310
2021
2230
0
0
0
237
0
0
0
436
444
0
0
0
0
0
0
0
616
0
0
0
0
0
1709
0
0
1482
0
0
0
150
0
0
0
1927
1653
0
2102
0
695
0
1906
0
0
0
0
0
17
0
1880
648
0
0
0
576
0
0
0
0
1640
0
0
0
0
0
1947
0
0
0
0
0
1805
0
2332
0
0
496
44
0
0
0
0
0
0
0
0
0
0
0
1947
0
0
1716
623
1976
1895
0
0
1873
0
0
2009
0
0
0
30
0
0
0
0
0
0
0
0
1910
0
0
0
0
0
0
0
0
0
657
0
0
0
0
0
1910
0
0
0
85
0
2071
608
0
59
0
0
0
0
567
0
0
0
0
0
0
0
0
0
0
0
0
0
2054
1702
0
0
0
294
0
0
0
0
0
2040
0
0
0
2013
0
301
0
2326
225
0
0
0
169
470
0
0
2186
738
0
0
0
0
528
0
2095
0
0
0
0
0
1605
682
2187
0
0
1762
0
0
2353
0
0
0
0
580
2240
173
0
0
0
0
0
0
2248
0
0
642
1690
0
1996
0
0
0
0
1910
1747
0
0
0
0
0
0
0
2333
0
0
0
0
0
0
0
0
356
0
0
0
0
0
0
0
0
0
0
1127
0
0
0
0
0
395
0
527
0
0
0
0
0
0
0
0
0
0
532
0
0
0
0
0
0
0
0
0
2221
0
0
0
352
0
1986
440
0
0
469
0
0
1834
0
0
2207
0
1918
0
0
0
0
0
0
0
0
572
0
0
249
2001
0
0
0
0
0
0
63
0
0
301
0
0
0
0
0
0
0
0
0
2004
47
0
299
0
0
0
0
1762
0
0
0
0
0
0
535
48
2052
0
375
0
0
0
0
0
0
0
0
0
2073
0
0
0
0
0
0
0
0
0
0
0
0
0
0
0
0
0
625
0
1471
0
0
0
0
0
0
0
0
0
0
0
0
0
0
0
0
0
0
0
0
0
2016
0
0
0
0
2034
10
0
0
233
1836
0
0
427
0
0
0
0
0
2125
0
0
2037
2233
0
0
0
0
0
1750
0
0
0
2091
0
0
0
0
2133
0
0
0
0
0
2003
0
0
0
1886
1891
0
0
0
0
0
0
0
497
0
0
0
0
0
0
0
0
0
2087
155
0
20
0
0
0
0
0
0
0
0
0
1816
0
0
0
0
0
0
0
0
0
0
0
0
0
2075
1370
0
0
0
0
0
0
0
0
0
0
2184
0
0
0
0
0
0
0
1758
0
0
2044
0
263
0
0
0
0
0
0
1905
0
785
0
0
1985
0
0
0
0
0
0
0
2133
0
0
0
0
0
0
0
0
0
0
714
0
0
0
0
0
2001
0
2194
0
0
2228
600
0
340
0
0
0
0
0
1832
2126
1750
934
0
2201
0
0
0
0
0
83
0
0
0
0
0
0
0
2049
0
2160
0
2121
0
0
0
0
0
0
335
0
2074
2151
0
0
0
0
255
0
68
0
0
0
0
0
0
1939
0
0
0
0
0
0
0
0
0
0
0
2002
0
0
0
0
0
0
0
0
0
0
0
2304
0
476
807
0
0
1872
0
0
0
0
0
1492
1877
0
0
0
1917
1927
0
0
0
2093
0
0
1914
757
117
0
0
2085
0
0
0
0
0
0
0
0
0
0
0
2141
0
0
0
0
0
0
2300
1869
0
0
0
0
0
0
0
1799
0
0
0
0
2091
1836
731
0
0
0
0
0
0
84
1719
0
0
0
0
0
0
37
0
0
0
0
0
0
2121
0
194
0
0
0
287
0
0
0
0
0
373
0
232
0
0
0
0
2252
718
0
1721
2291
0
1728
0
0
0
0
0
124
0
0
0
0
0
0
0
0
0
0
0
281
0
0
2272
0
356
0
0
0
0
2112
0
0
0
0
0
0
0
0
0
0
232
1608
325
0
0
0
0
0
1674
0
0
0
0
4
0
0
0
1767
0
0
0
0
0
496
0
0
539
208
0
0
0
0
0
2024
208
0
0
0
0
0
228
0
0
0
0
0
0
0
0
591
2105
0
0
0
0
0
0
1685
0
1860
0
0
0
37
0
0
0
0
0
0
0
0
0
185
705
0
2079
0
1994
0
0
0
0
0
1802
0
1673
146
0
1863
399
0
332
0
0
0
742
0
0
0
0
0
0
0
0
0
0
0
0
87
0
533
0
647
0
0
0
2228
0
0
0
0
0
0
0
0
0
0
2363
0
0
0
0
0
0
0
2292
0
0
2382
0
0
2141
0
0
0
678
2114
0
1989
0
0
0
0
1921
0
0
0
0
1900
2090
0
0
782
0
0
0
0
0
0
2286
2128
0
2260
0
0
0
0
0
0
0
0
713
0
0
0
2170
0
0
2124
0
0
0
0
0
495
0
0
2004
0
0
0
0
0
497
0
0
0
203
1999
0
0
0
0
0
0
2225
434
423
685
0
0
0
0
0
0
0
163
0
0
2012
0
0
0
0
2286
0
1887
0
0
1670
0
0
0
0
0
0
0
0
0
0
0
0
0
0
0
0
493
0
0
0
2113
2361
0
0
0
0
0
309
1815
1859
2318
344
0
390
1987
0
0
0
2009
0
0
0
0
2088
0
0
0
0
0
1792
0
1846
0
0
0
2184
0
0
0
0
614
2028
0
0
0
0
0
0
0
0
0
0
0
0
0
0
0
0
0
0
0
0
0
2201
0
0
2342
0
0
1877
777
0
0
0
0
0
2078
0
0
0
0
0
0
0
2175
2322
0
0
0
0
0
0
0
0
0
1777
0
0
0
0
0
0
0
0
2307
717
0
0
132
0
0
0
0
2142
0
624
0
0
0
0
0
0
0
0
0
0
1743
0
0
0
0
0
0
0
0
2022
0
211
0
0
0
0
133
0
0
0
0
19
1891
0
0
0
0
618
0
0
0
0
0
0
0
2232
0
494
0
0
0
0
0
0
0
0
0
0
245
0
0
0
2173
0
0
0
2306
0
711
0
1785
2304
0
2099
0
0
0
0
0
682
0
1954
0
0
0
802
0
0
1424
0
0
0
0
0
0
0
0
0
750
0
0
2181
2219
0
0
0
0
0
0
0
0
0
2091
0
625
0
1991
0
1888
0
0
227
0
0
0
0
0
0
440
0
0
0
2263
0
0
0
0
0
0
0
224
0
0
58
0
0
0
0
0
449
0
0
0
0
0
0
359
2084
0
0
0
0
0
0
631
0
0
0
0
0
0
0
0
0
0
0
0
0
0
0
1640
0
1802
0
0
0
0
0
0
0
0
0
0
2144
0
0
2018
1970
0
0
0
0
0
0
0
0
0
0
0
0
0
1586
0
0
0
0
0
0
0
321
0
0
0
0
625
0
0
0
1933
2208
0
2199
0
0
0
0
0
0
0
0
0
0
0
0
138
0
0
405
1944
0
0
0
0
0
0
0
1986
2062
0
0
0
0
708
0
0
0
0
0
0
0
0
0
976
0
0
0
1888
2016
0
0
2186
0
672
0
0
0
0
0
0
0
702
2212
599
0
0
0
0
0
0
275
0
59
0
0
0
0
0
0
0
0
0
0
0
0
0
0
0
0
0
0
0
2280
1744
0
0
0
219
0
0
0
0
92
0
0
0
0
0
0
1538
173
0
2102
0
0
229
0
0
1786
2275
0
0
0
0
0
0
0
1852
0
0
0
0
0
0
0
0
0
0
1721
0
1863
0
0
0
0
21
0
0
0
0
0
0
0
0
1995
2260
0
0
0
0
0
0
0
0
0
0
0
0
0
0
0
0
0
0
0
0
0
0
0
2193
0
0
0
0
0
0
0
0
0
0
47
1941
0
0
0
1990
0
0
0
423
0
0
0
0
0
0
570
0
0
768
0
0
0
341
0
0
0
1919
255
0
0
0
0
0
2149
0
0
0
0
0
0
0
1925
0
0
0
1820
0
0
0
0
0
0
0
0
0
0
0
1962
122
0
0
0
0
0
0
0
0
391
0
0
0
0
1386
0
0
0
326
2042
0
0
2209
0
0
0
262
0
0
2094
1865
1986
0
0
149
0
0
0
0
0
0
2112
0
0
2026
0
2048
0
1978
2214
0
0
0
0
0
2005
0
0
0
0
0
0
0
1914
1841
0
0
756
0
0
2092
0
0
0
0
0
0
182
0
1921
0
0
0
0
0
407
0
0
151
0
2074
0
0
0
1666
0
1804
0
2198
0
0
713
0
564
701
1873
0
0
0
0
0
1749
0
0
300
0
0
1718
1824
2115
0
0
0
1873
0
0
0
0
0
1945
0
0
1941
2015
0
1987
346
497
1769
2251
0
0
0
0
0
0
0
0
0
0
0
707
0
760
1990
0
0
0
0
0
0
67
0
0
0
0
0
0
0
0
0
0
0
0
0
670
0
1826
2084
0
0
568
0
0
0
0
0
0
0
1875
2116
0
0
0
1960
686
0
0
0
0
0
0
0
2005
1731
0
2257
1775
0
0
0
0
648
0
0
0
0
0
1617
0
0
0
0
0
0
0
0
0
0
0
0
0
0
0
0
2109
0
0
0
0
741
0
0
0
2141
66
0
0
0
0
0
57
360
299
1746
0
0
0
0
0
0
0
0
0
0
0
0
736
0
0
0
0
0
0
0
0
0
286
0
0
0
0
2094
0
0
0
0
0
0
0
1942
0
0
0
1978
0
0
0
0
0
0
0
0
0
0
0
55
2119
1833
1811
0
0
0
0
0
0
2117
0
1888
0
0
0
0
0
0
2152
0
0
155
0
42
0
0
2210
412
0
0
0
0
0
0
1858
0
0
258
1812
2106
646
0
0
0
0
0
0
151
0
0
173
0
0
0
146
2060
0
0
543
0
0
0
2040
0
0
0
0
0
0
2269
0
0
0
0
0
2210
0
0
0
0
0
0
0
0
0
0
0
1828
0
0
0
0
0
0
0
0
0
0
0
0
0
2306
2002
0
618
0
0
0
0
0
0
0
0
0
0
0
0
0
0
0
0
0
0
0
0
2147
454
0
0
0
62
182
0
0
0
0
0
0
0
1956
701
1763
0
0
0
0
0
1638
0
1841
0
0
0
0
0
0
0
0
2165
0
1969
0
1883
0
0
0
0
744
0
0
0
0
0
0
1968
0
0
0
0
0
0
693
1903
0
0
0
0
0
1794
99
0
2089
0
0
0
0
2161
1668
0
2146
1499
0
1987
0
0
0
0
0
0
0
0
2077
0
0
0
68
0
0
0
0
0
0
0
471
0
0
0
0
0
2128
0
587
2127
1603
0
0
0
0
0
43
0
0
2034
0
0
1844
1654
0
0
0
580
0
0
0
0
0
1777
0
0
0
0
0
0
0
2137
0
0
0
158
1740
0
0
0
2045
0
0
0
371
0
411
0
0
0
0
0
1693
0
1845
0
0
0
0
0
362
0
0
0
0
1871
0
0
0
0
0
0
1670
729
859
1342
36
0
0
0
0
0
0
1678
0
0
0
0
0
0
0
0
0
0
567
0
0
0
0
0
710
2242
1732
0
1902
1787
637
0
0
0
0
1596
2152
0
0
2044
1908
0
0
0
0
0
2128
1736
0
0
0
5
686
1723
0
1970
0
0
0
2175
0
0
2153
0
0
0
0
0
1761
0
0
0
440
0
0
0
1894
2059
0
0
2027
0
559
0
0
1798
1939
329
0
0
0
0
0
0
0
0
0
0
54
0
0
0
1999
0
0
0
0
0
0
0
0
0
0
0
0
0
0
0
0
0
0
440
0
0
0
0
0
0
0
0
0
0
0
0
0
0
0
0
0
2081
0
0
0
0
0
1644
0
1631
0
2194
1825
0
0
0
0
0
486
0
0
0
0
2098
0
531
2285
2169
0
0
2308
0
481
1714
0
0
307
0
0
0
0
0
0
422
0
0
0
493
0
0
0
0
0
0
0
0
0
2106
2107
0
1993
0
0
0
0
0
0
0
603
2069
1930
0
2081
0
0
2074
0
0
0
0
0
0
0
0
0
0
328
2129
0
1988
0
0
1916
730
0
0
0
0
235
0
0
0
0
0
0
0
0
0
0
0
0
0
0
1823
0
111
0
0
0
0
0
0
0
748
0
100
0
1979
0
0
0
1782
0
0
197
0
0
0
722
0
0
0
1930
375
0
2017
0
0
0
0
0
0
0
1951
0
0
0
0
0
1838
0
0
59
103
0
0
0
0
0
0
0
0
23
0
0
0
18
0
0
2231
0
0
0
0
0
147
0
0
0
0
0
0
0
0
0
0
2117
0
0
2059
661
0
0
0
122
0
177
0
0
0
2204
0
0
0
2086
0
2265
0
125
0
0
0
2214
0
668
2098
0
698
0
0
0
0
261
0
0
0
0
0
0
0
1637
1834
15
0
36
2014
2177
0
0
0
45
2089
1660
0
2267
0
0
1434
0
0
0
0
0
0
0
0
0
2240
0
0
0
2074
0
1761
0
0
0
0
0
0
0
0
0
0
688
1768
0
0
0
0
0
0
2158
0
0
219
0
0
0
0
0
0
0
0
1805
133
0
0
0
0
709
0
0
0
0
0
0
0
1770
0
0
137
0
0
0
0
2180
85
122
0
2012
0
2203
1934
0
0
0
0
1068
69
0
0
339
0
0
0
2191
0
0
0
0
2116
2063
0
0
2220
0
0
0
93
356
637
0
0
1260
0
0
0
0
638
368
1826
0
0
0
0
553
145
0
0
0
2243
138
0
2024
0
1663
170
0
0
0
0
0
0
0
0
0
2208
0
0
0
952
0
0
0
0
0
0
243
0
0
0
0
0
0
0
0
1918
0
0
0
0
0
41
0
0
0
0
0
2295
0
0
2123
0
611
0
0
0
0
1809
0
0
0
0
0
0
0
0
585
2106
0
0
0
0
520
1727
0
0
0
0
0
2127
0
0
1996
0
1639
0
0
620
0
0
0
38
0
0
0
0
0
0
0
0
0
0
0
0
0
20
0
0
0
0
0
0
0
0
0
0
0
0
0
0
2116
2248
0
0
0
0
0
0
0
1947
2098
234
0
0
13
0
0
262
0
0
0
784
0
0
0
0
0
410
2029
0
0
1868
0
0
0
1436
0
0
0
0
1051
0
0
0
0
0
0
0
0
0
0
0
0
1843
0
0
0
0
0
0
169
0
0
0
0
0
0
0
490
1974
0
0
0
0
0
0
0
0
562
0
0
0
1909
1951
0
0
0
253
0
800
317
0
0
0
1885
0
0
2140
0
2211
0
0
0
0
0
0
0
0
0
0
0
0
0
2016
0
0
0
0
1960
0
0
0
0
0
0
336
0
659
0
0
0
0
0
40
0
0
0
0
0
0
478
0
0
0
0
0
0
2234
0
0
0
0
0
0
0
0
0
0
0
0
0
495
0
0
0
0
0
0
0
0
0
0
0
776
0
0
0
1886
0
0
29
531
0
0
0
1680
0
0
0
0
800
1994
0
0
623
2063
0
0
0
0
0
0
0
1992
0
0
2014
2114
263
0
1893
0
0
0
0
1935
0
0
0
0
0
0
0
1642
0
0
0
0
0
0
0
0
0
0
0
0
1743
0
1966
0
0
0
0
0
1762
0
2028
0
0
0
2254
0
0
1924
0
0
0
0
0
0
0
0
1941
2345
1854
75
0
0
0
0
0
142
0
0
0
0
0
0
0
0
0
2015
0
1934
0
0
0
32
0
0
0
154
0
0
0
0
0
2253
0
2278
0
1930
0
0
0
0
0
0
0
112
1754
0
376
0
0
0
0
2264
0
0
0
0
151
210
0
0
0
0
0
331
0
0
0
657
0
0
0
0
0
2355
0
0
2158
0
0
543
0
0
0
0
0
0
0
0
2113
0
0
0
0
344
2275
0
176
0
2154
0
0
0
0
23
0
0
0
0
0
0
0
0
0
1625
0
0
723
2048
0
0
0
2199
0
0
0
0
194
0
0
0
0
0
2132
1709
1837
1609
0
1785
0
0
0
0
0
2248
2092
0
0
68
0
0
0
0
0
0
2007
0
0
2163
2038
0
496
1760
2335
122
0
0
0
0
0
184
0
0
0
506
0
1940
0
0
0
0
1912
2069
0
2231
867
0
0
853
0
0
0
0
0
0
0
620
0
0
0
0
0
0
0
0
0
0
0
0
0
35
0
2095
554
0
0
0
0
597
0
0
2208
2243
0
0
0
0
0
2282
0
0
1845
0
0
0
0
0
1636
0
0
0
0
0
0
0
0
448
0
0
0
2132
0
0
0
0
0
0
165
0
0
0
0
0
0
0
0
0
0
2031
0
1947
0
0
0
0
0
0
0
0
0
0
0
404
1764
0
1936
1741
491
2023
0
0
204
0
0
0
0
0
0
1871
2134
0
0
2180
276
0
0
0
2094
0
0
0
0
2029
0
0
2004
0
0
0
0
0
0
0
0
0
0
1687
0
1831
1845
0
1928
2281
599
1751
0
0
0
0
0
0
752
0
0
445
2061
0
0
0
0
0
0
0
456
0
0
0
0
0
0
0
0
0
0
0
0
0
0
2108
0
1963
0
0
0
0
0
0
0
0
2356
0
1907
0
0
2114
0
0
0
0
0
0
0
565
0
0
0
0
0
0
0
0
0
0
0
190
0
0
0
0
0
0
2066
1765
1998
2256
1647
0
0
0
0
0
0
314
1679
549
0
0
0
0
0
0
0
2032
0
0
0
0
708
0
0
0
0
0
0
0
0
0
0
0
1980
0
0
0
0
1876
0
0
1710
239
0
0
127
1139
0
0
710
0
0
0
0
2286
647
0
315
0
0
0
0
156
0
0
0
0
2153
0
0
0
194
0
0
0
2071
0
0
0
720
0
0
0
0
0
0
0
0
0
0
0
0
0
0
0
0
0
0
0
0
0
0
0
0
0
0
0
0
616
2067
1904
0
0
0
0
0
0
2006
0
0
0
0
0
0
0
0
1795
363
0
0
0
0
2239
2116
0
0
0
0
692
2146
0
0
0
0
1870
0
817
0
0
2237
0
0
0
0
0
0
0
0
658
0
739
0
2115
0
0
451
0
0
0
2100
481
1842
0
0
0
0
0
0
0
0
0
0
881
0
0
0
1799
0
2100
0
0
0
1904
568
0
0
0
467
0
0
203
0
0
1971
0
2065
0
0
0
40
2083
0
0
0
0
0
0
2080
0
0
0
0
0
994
0
0
2277
0
0
0
0
0
828
1902
0
2139
0
0
0
0
0
33
0
0
2234
0
0
0
0
0
0
0
0
0
478
0
0
0
0
0
0
0
3
0
2245
0
0
0
0
0
2124
0
0
1954
0
1848
0
0
356
0
0
0
570
0
0
843
433
0
0
0
522
1784
15
0
2003
189
0
1999
0
0
0
0
0
0
0
2141
0
0
2015
687
0
0
0
0
1827
1976
2014
2283
0
0
0
72
0
1794
0
0
0
0
0
0
0
0
0
0
106
217
0
0
0
1939
0
0
0
0
2279
0
0
243
1757
661
427
0
1725
0
0
0
0
2212
0
17
0
0
0
0
0
1778
0
0
0
0
0
0
0
0
32
0
0
2088
163
0
0
0
526
0
0
0
0
0
49
0
2128
0
0
0
0
73
0
0
0
1841
0
2051
0
0
0
276
0
0
0
0
0
0
0
0
0
0
0
0
0
0
0
0
0
0
1966
0
1529
0
2136
2044
0
0
0
0
2085
0
1872
0
0
0
0
0
0
2333
0
0
1945
2006
0
0
555
0
0
0
0
0
2173
0
1803
0
20
0
0
0
0
2077
1715
0
0
0
0
0
0
0
0
0
0
1927
1751
0
2006
0
0
0
0
0
0
0
1661
149
2262
2303
2114
0
2009
0
2037
0
235
81
0
0
50
0
0
0
1151
0
1699
0
0
2022
0
0
2195
0
36
0
0
0
0
0
0
0
2333
0
687
0
0
0
0
2211
2197
1709
0
0
0
0
0
0
209
2010
1659
0
2119
0
0
525
0
459
2064
0
0
0
0
0
328
0
0
0
0
0
0
0
178
0
0
0
0
0
1663
0
0
0
0
1713
2027
0
2277
0
2164
0
94
0
1992
0
0
0
0
0
193
0
0
0
607
0
0
0
0
0
0
0
0
0
0
9
0
0
369
0
0
0
0
0
0
493
0
338
0
0
0
0
2095
0
1472
0
1896
0
0
0
103
0
0
0
0
141
2033
2065
0
0
2131
0
0
0
2057
0
0
0
2022
0
0
0
0
0
0
499
2056
0
0
0
0
0
0
0
0
0
1660
0
1942
0
0
0
728
0
0
0
0
0
0
0
0
0
1914
0
0
0
0
0
0
0
0
0
2077
0
0
2242
0
0
128
0
0
0
0
0
0
0
0
906
0
0
0
0
0
0
0
241
0
2038
0
0
0
0
1993
0
2117
0
0
2123
2342
0
0
0
72
0
0
0
0
0
0
0
0
107
0
0
600
0
1746
0
232
0
0
1609
0
0
0
0
0
0
0
1969
0
2151
0
0
124
0
0
1975
0
343
384
0
0
1794
0
0
145
0
0
0
0
0
0
0
0
0
1900
2000
1835
0
0
0
0
0
0
0
181
0
0
0
0
0
0
0
0
0
0
0
0
0
0
0
2124
0
0
1870
0
0
0
0
2138
0
2099
2357
378
0
0
1962
1986
0
0
2267
0
0
0
2023
0
0
0
0
2032
0
2117
0
547
0
0
407
0
0
431
0
2035
0
0
0
0
134
0
0
0
0
0
0
0
2269
0
2175
0
430
0
423
0
0
2027
0
0
0
0
0
0
0
0
0
0
2020
0
1938
2163
0
0
0
0
164
0
0
0
0
0
2011
1729
0
0
0
0
0
0
2297
0
0
2140
181
2045
0
0
0
0
123
0
0
0
0
1869
0
0
2181
0
0
0
0
0
0
0
0
0
2070
1868
0
488
1685
0
328
0
0
0
0
0
0
0
0
0
0
0
0
0
0
0
0
0
0
395
0
0
0
0
0
0
1571
0
0
0
574
0
0
0
0
2318
0
0
0
0
0
50
0
0
0
0
0
1984
0
105
0
366
0
0
0
0
2200
0
0
0
1538
0
0
0
0
0
0
0
0
0
0
0
305
0
0
0
0
0
458
0
0
0
0
167
0
0
0
1978
848
0
0
0
0
2261
0
5
0
0
215
0
0
2099
1812
0
0
0
0
0
0
1785
0
0
0
0
2193
2176
2098
1866
1736
0
0
0
0
2262
353
0
0
2198
227
0
0
0
0
0
2217
1858
0
1789
2206
612
1841
0
0
0
0
0
0
0
0
1734
1796
0
0
0
0
0
0
0
7
77
0
0
0
0
0
0
0
0
0
0
0
5
2220
0
1402
0
0
0
0
0
1845
0
566
0
1751
0
0
0
0
0
432
0
0
0
0
0
2133
0
0
0
0
0
1777
0
0
453
0
1905
0
0
0
0
0
1836
0
0
0
2068
0
0
0
0
0
0
0
0
0
0
0
0
366
0
1942
0
0
0
0
0
1892
0
0
0
0
0
0
0
493
0
0
97
0
0
0
0
0
2300
0
0
680
0
0
0
0
0
1554
0
0
2082
0
0
0
0
0
0
444
0
0
0
0
1791
1880
0
0
0
0
1920
0
0
0
0
0
0
2192
0
0
0
0
12
0
0
244
0
1673
2136
0
916
2040
0
0
2166
6
0
0
475
0
0
0
0
0
0
0
572
2033
0
0
1896
0
2051
0
2074
0
0
0
83
1755
0
0
1733
0
0
0
0
21
1867
0
0
0
0
1905
669
0
0
0
2227
2300
1654
0
441
0
0
1935
0
0
0
0
110
0
575
0
0
0
0
0
0
0
0
0
0
0
0
1854
0
0
0
0
0
0
0
2098
1739
0
2032
0
0
2010
1981
0
0
0
0
200
0
0
0
0
1997
233
0
0
0
0
0
742
1872
0
0
0
0
0
0
673
0
0
1957
0
0
0
2015
0
0
0
0
0
0
0
0
0
87
0
0
0
0
0
0
72
0
0
0
0
0
0
0
0
0
0
0
0
0
0
0
0
0
0
2220
0
0
0
0
0
1775
0
0
400
157
0
2019
0
0
0
0
2061
0
0
0
0
2011
0
0
0
0
0
0
0
2002
0
0
559
0
0
0
0
0
0
0
0
0
0
0
0
0
2155
0
0
0
2038
0
0
2108
0
0
0
0
0
0
349
0
0
0
0
2206
0
0
0
0
0
0
0
0
0
0
0
260
0
1956
1991
0
0
0
2120
0
0
0
0
0
0
705
0
700
0
2270
0
0
0
0
2254
14
0
1827
0
187
0
0
0
0
0
0
0
0
2131
0
0
1859
0
0
585
0
0
0
0
1957
0
0
0
0
0
0
0
544
0
0
0
0
0
1919
0
0
0
0
0
0
0
2207
1836
0
0
0
1950
0
0
0
0
0
0
0
0
0
373
2197
0
2015
0
0
0
0
2295
0
1799
0
344
727
0
1895
0
1889
0
0
792
0
0
0
0
0
0
0
0
0
2008
0
0
0
0
0
0
1140
0
0
0
0
588
0
0
0
0
2200
0
86
0
0
0
288
0
0
0
0
0
0
0
0
534
2114
0
0
1988
0
0
0
0
0
0
0
1914
1889
0
0
0
0
0
0
0
0
0
0
44
0
0
73
1896
0
0
0
0
1852
0
0
0
1764
170
0
2252
0
236
0
0
0
658
0
1708
0
720
0
0
0
0
2055
0
0
6
0
2247
0
0
0
0
0
0
0
1160
2110
0
0
0
38
0
0
0
636
0
0
603
0
1940
0
0
0
0
0
0
0
0
0
0
0
0
0
0
0
0
0
642
0
0
0
221
0
0
0
0
0
0
0
0
0
0
0
2268
0
0
0
0
1688
0
0
2076
0
0
0
2122
0
0
0
0
0
1950
0
1093
0
0
0
0
0
0
0
0
0
0
2284
0
0
2106
0
0
0
0
0
0
0
0
0
0
0
0
432
0
0
0
19
0
0
0
0
0
1995
0
0
416
0
1700
0
0
1900
0
0
0
0
0
0
0
0
0
0
0
1938
1736
0
0
1248
0
0
2383
2024
0
0
0
0
2010
0
0
0
2126
0
0
0
0
210
0
0
0
0
0
350
0
0
0
0
0
103
672
1789
0
0
2108
0
1936
394
0
0
0
0
0
0
0
0
0
0
228
0
0
0
1951
0
0
0
0
0
0
1920
0
0
0
1772
0
0
0
0
0
104
0
0
543
0
1855
0
0
0
0
0
0
1905
0
0
0
0
0
0
1266
0
0
0
2237
631
0
145
0
305
2011
0
0
0
0
0
0
0
0
1944
1875
0
0
1802
209
0
0
0
0
0
0
1837
0
0
0
0
2266
0
0
0
637
1688
0
0
0
0
0
0
0
0
0
417
0
432
0
0
0
0
0
0
0
0
0
0
0
0
1868
0
0
0
0
0
83
0
0
729
0
0
0
341
0
0
0
711
0
0
0
0
0
1713
2023
0
0
0
0
0
1891
0
0
0
0
0
0
0
2033
0
0
2031
0
2014
0
0
0
0
0
2095
0
0
0
1626
0
0
136
0
0
0
0
0
0
0
0
0
0
0
0
1995
0
0
0
0
0
88
0
0
0
0
0
0
0
586
80
0
0
0
0
0
0
0
0
0
962
0
84
0
0
0
0
0
0
420
2313
0
0
0
0
0
2039
0
0
12
0
0
0
0
0
0
0
0
300
0
0
653
2191
0
0
0
0
134
0
0
158
2042
108
0
0
599
0
0
0
0
1986
0
2156
0
2122
0
0
1913
0
0
0
0
0
0
1903
0
0
0
0
657
0
0
0
0
120
0
0
2075
0
0
1241
0
0
0
2079
0
0
0
0
0
682
0
1723
0
0
0
2255
0
0
0
642
0
0
0
0
0
0
0
0
2231
0
0
0
0
0
0
0
0
2139
0
2077
0
1993
0
0
0
0
0
0
0
0
282
488
0
611
0
0
0
718
0
0
0
1947
390
0
0
2121
2134
0
0
0
0
0
0
0
0
0
0
1968
0
346
31
0
0
0
0
0
0
0
2031
0
0
0
0
0
220
0
0
0
0
0
0
0
0
0
0
0
0
0
0
1859
0
0
50
1834
0
1620
0
0
1794
649
0
0
0
301
15
0
199
0
0
0
0
679
0
0
0
0
0
0
0
0
556
0
2237
0
304
0
2013
0
0
0
0
0
862
0
0
0
0
0
0
291
0
0
0
0
0
0
0
1157
0
0
2056
0
0
0
0
0
0
0
0
0
0
1921
0
0
0
0
0
0
0
0
0
0
0
228
0
0
0
0
0
0
0
0
0
0
0
0
0
0
58
0
0
0
0
0
0
0
171
0
2029
0
1821
0
106
0
0
0
0
0
1948
0
0
0
0
0
2079
0
0
0
0
0
1994
0
0
0
0
0
0
0
0
2019
0
0
0
1886
0
0
0
0
0
0
0
0
0
0
453
0
2030
0
0
0
71
0
447
0
0
0
0
258
0
0
0
1914
0
0
731
0
0
0
623
0
132
0
2265
0
2116
2191
0
0
0
0
0
0
0
0
0
0
0
0
0
0
0
0
0
0
0
0
0
0
2060
0
0
0
0
26
0
0
0
0
0
0
0
0
0
0
0
2218
0
0
0
0
0
0
0
0
0
0
0
670
0
48
0
510
0
0
0
0
0
0
0
2091
0
548
0
0
0
2016
0
1709
0
2244
0
0
0
2226
2199
1762
1975
0
0
0
0
0
0
1914
0
0
0
0
0
0
390
0
0
98
0
0
0
6
0
0
0
0
184
0
0
0
0
1652
2220
0
2097
0
0
169
0
0
0
0
1966
0
0
0
2002
0
0
0
1980
0
0
0
2174
0
0
0
1944
2242
0
0
0
0
0
0
0
0
0
0
0
0
0
0
0
0
2120
0
0
0
0
0
0
0
50
0
0
0
0
0
0
1974
0
0
442
498
0
0
0
312
0
0
0
0
0
0
0
0
0
0
0
676
0
0
0
1932
2044
0
1947
0
0
0
0
0
0
0
0
0
0
0
586
0
0
0
724
0
0
0
0
0
0
0
0
2224
2054
165
0
0
21
0
0
377
0
0
0
206
0
739
0
0
0
0
1742
0
0
2198
1759
0
0
0
0
0
0
1887
0
2030
0
512
0
1784
0
0
0
0
0
0
1948
0
0
0
1144
0
0
0
0
261
0
0
0
0
0
0
0
0
0
0
0
0
1846
0
1674
0
0
0
0
1783
360
0
0
0
0
0
0
0
0
501
0
0
0
0
2160
0
0
0
2178
0
0
710
0
0
0
0
0
0
148
0
0
0
0
0
0
2221
0
2028
0
0
0
2125
0
0
0
2265
2090
1716
0
0
0
0
1708
0
0
0
0
505
0
0
2363
0
0
0
0
106
0
0
0
0
0
0
0
0
573
0
0
0
0
0
0
0
1917
0
0
1928
448
0
0
0
0
0
0
0
524
0
422
0
0
0
0
0
0
0
0
2312
0
0
0
0
762
0
0
0
0
0
0
178
0
0
0
591
0
2360
0
0
0
0
2305
0
0
163
0
0
0
0
0
33
2077
0
0
0
0
0
0
0
0
0
0
0
0
0
487
0
2004
0
0
27
0
2020
0
0
0
0
0
0
0
772
0
0
0
0
0
0
2321
2393
35
1956
0
0
0
0
0
0
0
1765
2332
0
0
0
0
0
433
0
0
2298
0
1937
0
1840
0
1680
0
0
0
0
107
2342
688
0
0
0
0
0
0
0
0
1666
0
0
0
0
0
0
0
1732
2208
0
0
0
0
0
2059
0
0
0
0
0
0
0
0
0
0
0
0
0
2244
0
434
1863
689
0
0
0
0
2191
0
213
0
0
505
0
0
0
0
2212
0
0
0
0
0
1805
0
0
0
0
0
0
0
0
2240
0
0
0
0
2028
0
0
146
0
0
1739
0
0
1859
0
2071
2263
727
0
278
0
0
0
0
0
0
0
0
0
0
0
0
0
0
0
0
0
0
0
0
2022
0
0
0
2061
0
0
2026
0
0
0
0
0
1669
28
0
0
408
1983
0
0
1709
570
0
0
0
2035
0
0
0
2140
0
0
0
0
0
1953
0
0
0
0
0
0
0
0
1751
0
0
0
0
0
0
1906
0
0
0
0
0
0
1731
2014
1974
0
1894
0
2059
0
0
2170
0
0
0
0
0
603
2034
0
2186
0
0
0
0
0
0
1926
0
0
0
0
0
0
0
0
0
0
0
180
2028
0
782
118
0
0
0
0
0
0
0
0
0
0
0
0
2124
0
0
0
1869
0
0
442
0
0
0
0
1961
272
2051
1987
0
0
0
0
0
0
2066
0
0
1821
0
0
0
0
0
0
0
0
0
0
0
0
0
0
0
659
0
0
0
0
0
0
2184
0
1975
0
0
0
0
0
0
1846
2077
0
0
2113
0
0
0
0
0
0
0
1970
0
0
0
0
0
0
0
0
2137
1881
170
0
0
1723
0
256
0
1334
142
0
0
0
0
0
0
0
0
0
0
0
0
0
2130
0
0
0
0
0
0
0
0
0
2077
0
0
0
636
1983
0
1990
0
0
2256
0
0
0
0
0
0
0
887
0
0
0
0
0
0
1831
0
0
2194
0
25
1898
0
0
0
0
0
0
0
0
2135
0
0
0
0
0
0
0
0
1973
0
0
0
0
0
0
0
259
0
0
0
0
0
181
0
0
0
0
0
0
0
0
0
0
0
0
1873
0
0
2047
0
0
0
0
0
390
0
0
0
1973
0
0
0
0
0
0
0
1701
0
0
2269
0
1640
2023
0
0
2302
0
0
0
0
0
399
0
0
5
0
0
100
0
0
240
0
0
0
2095
0
0
1817
0
0
0
174
1744
1950
0
0
0
0
0
0
0
2064
0
0
0
0
0
0
0
0
0
0
0
0
0
0
0
0
0
0
0
0
743
2148
0
0
0
1925
1715
0
0
0
0
0
0
1841
0
0
0
0
23
86
0
0
2268
0
0
0
1890
0
0
35
0
0
0
0
0
0
0
2139
0
0
0
0
1870
0
0
59
0
0
0
2046
0
0
1750
0
0
377
0
0
0
2062
2161
0
0
0
0
0
0
0
0
0
2023
0
0
0
0
0
0
0
0
0
883
334
0
0
0
0
0
0
0
0
0
1644
0
0
0
1972
0
1693
0
0
0
0
0
0
2026
0
0
0
0
0
0
0
0
0
2253
0
0
0
0
0
0
264
0
0
0
0
1907
0
0
697
0
0
0
1851
0
2207
0
0
0
0
0
726
0
0
0
0
0
0
0
801
0
536
0
1940
0
0
0
1934
1960
0
0
0
0
0
0
0
2049
1961
0
0
0
0
0
0
233
0
0
0
0
419
0
0
0
2071
0
390
0
0
1753
0
99
0
0
0
459
0
0
2165
0
0
0
0
0
1314
1924
0
0
0
0
0
1824
7
0
0
0
1996
0
0
1888
1793
0
0
0
0
0
0
0
1902
0
0
0
0
0
0
0
639
0
0
0
0
0
0
0
0
1347
0
2004
0
0
0
2128
498
479
0
617
0
2285
0
1583
0
37
0
0
0
0
351
365
0
0
0
0
2039
1019
0
0
0
0
0
493
0
0
2101
0
0
0
0
0
0
0
0
771
0
0
2227
0
283
0
0
0
1941
0
0
0
2028
0
2194
0
2023
0
0
0
0
0
0
0
0
0
135
0
0
0
0
0
0
0
0
0
0
0
456
0
0
542
257
0
444
1797
0
0
2124
0
2020
0
0
0
0
0
2225
0
0
2217
0
0
0
0
2268
0
0
2087
0
439
400
0
0
0
0
0
0
0
0
0
0
0
0
0
0
0
267
0
1872
1754
0
0
0
1979
992
0
0
0
0
0
1817
0
0
1682
0
0
0
0
0
0
0
53
0
2012
0
2169
0
0
0
0
0
0
0
1732
0
0
0
0
0
0
0
0
0
0
0
0
0
1927
0
0
0
0
0
573
0
0
0
0
242
558
0
0
0
0
0
0
0
2143
0
0
0
0
0
0
0
0
0
0
0
0
0
725
0
0
0
0
0
0
0
0
0
0
0
0
0
0
0
0
2041
0
0
0
0
0
0
1467
0
0
0
0
0
0
0
0
0
650
0
0
0
32
0
0
2100
0
0
0
0
0
0
0
2101
0
0
0
117
0
0
1899
0
0
0
0
0
0
1962
0
2046
2209
0
2236
0
0
0
0
0
0
0
0
0
2136
0
0
0
0
0
1890
0
0
157
1820
0
0
0
2229
0
0
0
2303
1751
0
0
0
2032
0
0
0
0
0
0
0
0
0
0
0
0
0
299
0
0
0
1706
0
76
0
2249
0
0
0
0
0
0
0
0
0
0
0
0
0
0
0
0
0
2242
0
0
725
0
0
122
2275
2238
0
1634
1850
0
2146
0
0
0
0
0
207
1738
0
0
1862
0
0
0
0
0
0
1725
0
0
0
0
0
0
0
0
116
0
331
0
65
0
0
0
787
0
0
174
0
0
0
0
0
1887
0
224
2298
192
0
0
104
0
0
10
0
0
0
0
0
0
0
1833
0
0
2261
2003
2290
0
0
0
0
0
0
0
145
0
0
0
0
2129
0
1692
0
1921
0
0
0
0
0
0
0
0
0
0
1960
0
0
0
0
0
0
594
0
0
0
0
0
2087
200
0
0
0
1782
0
0
0
0
49
0
0
0
0
0
0
0
0
2221
730
0
0
0
0
0
0
0
0
0
0
321
1852
1895
0
0
0
1984
200
0
180
0
1873
1969
0
0
800
0
0
0
0
0
0
614
0
1655
0
0
0
0
0
666
0
0
0
0
1788
0
0
1788
195
1349
0
0
241
679
346
0
0
2110
0
0
1920
2105
0
0
2014
0
0
0
0
0
0
0
0
2054
0
0
0
0
2000
0
0
0
1932
0
0
0
0
1946
0
0
0
152
0
2010
2032
0
0
0
0
1991
0
0
0
0
0
1718
0
0
0
0
0
2042
0
0
1735
1860
0
0
0
0
0
0
1892
0
0
0
0
0
0
0
1942
0
1854
0
0
0
0
0
47
0
0
0
1686
0
0
0
0
0
0
0
0
0
992
0
0
0
0
0
2254
0
245
1899
0
0
0
0
2022
0
0
0
0
0
0
0
0
0
1757
0
2185
0
0
0
0
0
224
0
0
0
141
0
0
1800
0
0
0
0
586
0
0
0
0
0
1989
0
0
300
638
0
1861
0
0
73
0
0
0
0
0
0
0
0
0
0
0
0
0
0
0
2031
1859
0
0
590
2187
0
0
0
0
0
192
0
0
2323
1975
130
361
0
0
0
0
0
0
0
0
400
0
0
0
0
0
0
0
1912
0
0
0
0
0
0
0
0
0
0
0
1854
0
0
600
584
0
0
1965
0
0
0
676
0
0
0
0
0
1172
0
0
0
0
0
1840
0
0
0
0
0
0
0
0
1851
0
0
0
0
0
0
0
2181
0
0
0
0
0
0
0
0
0
0
0
0
0
0
0
22
2248
0
0
2189
1895
0
0
0
0
0
0
0
93
1978
1666
1293
2183
0
0
0
0
0
0
0
0
2153
0
0
0
0
0
0
0
0
0
1602
1935
0
0
0
1998
0
2093
0
0
0
0
636
0
0
0
0
0
0
0
0
0
2057
0
0
0
0
0
0
0
1913
0
0
0
0
0
0
2043
0
0
0
1999
0
0
0
1747
2253
0
0
0
0
0
236
0
0
115
0
0
0
0
0
0
0
0
0
0
0
0
2237
0
0
0
0
2420
368
0
0
1758
0
0
0
93
0
0
0
0
0
0
0
623
0
1812
0
0
0
0
0
0
0
0
0
0
0
0
1845
1739
0
0
0
0
0
1793
0
0
0
0
0
0
0
0
2192
0
0
0
0
0
209
787
0
0
0
0
0
2285
145
0
2001
0
0
0
0
0
0
1979
0
1603
2102
0
0
0
0
0
0
0
0
0
0
0
0
0
0
0
0
0
0
702
0
1957
0
0
0
0
0
0
0
0
2048
2287
2159
0
0
1978
0
0
0
2223
0
0
0
0
0
0
2086
0
0
0
0
0
0
0
0
0
0
0
0
0
2070
0
0
0
0
0
0
2013
2303
0
0
0
0
0
0
1947
0
0
0
402
0
1799
0
0
0
0
0
0
0
2150
0
0
0
0
0
2317
0
0
0
0
0
0
1974
0
0
0
0
0
0
1710
0
1760
0
0
2138
0
0
0
0
0
0
367
1784
1416
0
0
0
0
0
0
0
0
0
0
0
0
232
1888
248
0
40
382
0
1967
0
1791
1508
0
0
0
0
0
0
0
0
0
506
0
751
2265
0
0
0
0
0
1228
0
1677
0
0
0
0
0
0
0
0
0
0
0
0
0
0
0
0
0
0
0
0
0
0
0
0
0
0
0
0
0
0
0
0
0
0
0
2242
0
0
647
1995
0
125
0
1995
0
0
0
0
0
1706
0
0
0
0
0
2058
0
0
0
0
0
27
0
0
0
0
0
88
0
0
0
0
0
0
0
0
2065
0
1719
0
0
0
0
0
0
2075
0
0
0
0
0
0
2000
0
0
55
1902
0
0
0
0
0
2124
2217
0
0
0
0
0
0
0
0
2142
121
181
408
0
0
0
0
0
0
0
0
0
0
0
0
0
0
1843
0
0
0
0
0
0
0
0
0
451
421
0
0
0
0
170
0
55
83
0
0
168
0
0
0
2273
0
1895
0
2187
0
0
2287
0
0
0
0
0
2059
0
0
683
0
0
2239
0
0
0
0
0
1991
77
0
0
1846
0
0
0
0
0
0
1805
0
0
1718
256
0
0
167
1970
0
0
0
739
0
0
0
1680
0
1970
0
0
1543
0
0
0
97
595
303
0
0
1958
0
0
0
2193
0
1889
0
0
0
0
0
0
1949
0
0
0
0
0
0
354
0
0
0
0
0
0
0
0
0
650
0
0
0
0
0
0
638
0
0
0
0
0
0
106
2297
0
0
2229
0
0
0
1931
0
0
0
0
1628
1887
0
2031
0
0
0
0
1924
0
1957
0
0
0
0
232
0
0
1708
610
0
1984
0
1881
0
0
2103
1986
0
2064
0
440
0
0
257
0
0
0
2319
0
655
0
0
0
0
0
0
0
0
0
0
0
0
0
0
0
0
1757
0
0
1772
0
0
1829
0
0
0
0
0
1969
2026
1808
0
2103
0
0
0
0
0
0
0
0
0
0
2184
2314
0
740
0
0
0
4
0
0
0
0
0
0
0
0
0
0
0
0
0
0
175
1852
0
0
0
0
0
0
0
18
0
0
2035
1785
0
153
0
225
0
0
0
0
1812
311
1736
0
0
0
508
0
711
0
0
0
1825
0
0
0
0
0
0
0
1750
0
0
0
117
0
1899
697
1347
0
2130
0
0
0
0
0
0
0
0
0
0
0
0
1661
0
0
292
701
0
2226
0
0
0
0
1930
0
0
0
0
0
0
2244
0
1783
0
0
1995
0
0
0
0
0
509
1949
0
0
0
0
0
0
0
695
0
0
0
0
0
0
0
45
0
0
0
0
0
0
0
1724
0
0
1822
0
0
0
0
0
0
0
2157
0
0
0
0
0
0
0
1918
0
0
2058
0
0
0
0
580
0
1975
2120
0
0
0
240
0
0
0
0
0
0
0
1428
0
0
0
0
0
0
0
0
1270
0
0
1902
0
0
445
0
0
0
2030
0
27
0
0
0
1942
0
0
1993
0
0
1846
0
0
0
1904
0
0
0
0
615
514
0
0
0
0
0
2253
2261
0
0
0
0
0
2289
2031
0
0
0
0
0
0
0
0
0
459
0
0
0
0
0
225
0
0
0
0
0
0
1729
0
0
0
0
0
0
1827
0
369
0
0
0
0
0
0
1994
0
2043
0
0
131
0
0
0
0
0
335
0
0
1889
0
316
98
0
0
0
0
0
0
2060
0
0
393
2182
0
0
0
0
1764
0
1872
2135
0
0
0
0
0
0
1695
1628
0
0
0
2279
0
0
0
359
0
0
0
0
0
0
0
0
0
763
0
0
0
0
0
0
0
0
0
0
0
0
0
0
0
340
2313
0
121
0
0
0
0
0
0
0
0
0
0
0
753
0
0
1713
0
0
0
0
1987
0
0
0
0
0
2308
1872
0
0
0
2173
0
289
0
0
0
2146
0
0
0
0
2056
0
0
0
0
0
0
0
0
1774
282
1998
0
0
1826
2223
107
1968
0
79
0
0
0
0
0
0
0
0
0
0
0
0
0
392
0
547
0
2188
0
0
0
0
227
0
0
0
319
1854
0
0
1856
0
281
0
0
0
0
0
210
0
0
0
0
0
0
0
0
0
91
0
15
0
0
0
0
2045
0
0
0
0
0
0
0
0
0
0
1911
0
0
0
587
118
2066
0
0
0
0
0
0
0
0
292
2118
0
0
0
2106
912
271
0
0
0
0
0
0
0
0
0
0
1819
2086
0
0
0
2040
0
0
0
0
431
42
2030
0
0
0
0
0
394
0
0
1754
0
0
2027
0
2000
0
0
1936
0
1780
0
0
2266
0
0
2227
0
0
1975
1786
0
0
0
0
0
1987
0
0
1923
0
0
265
0
0
0
0
67
0
598
2018
2060
0
1852
0
0
2315
0
0
0
747
0
0
0
0
0
0
0
108
0
0
0
0
0
0
0
0
0
0
1762
572
0
2144
0
0
0
1900
0
0
0
0
0
0
0
0
0
722
0
0
0
0
0
0
535
2100
0
0
0
0
0
2149
0
0
0
1929
449
0
0
0
0
0
0
0
1927
2195
1914
0
37
0
0
1994
0
0
0
0
0
0
0
2006
0
0
0
0
0
1714
0
0
0
2045
0
2187
0
0
0
0
0
0
0
2061
0
0
2163
0
471
1987
0
2229
40
0
0
0
1854
541
1632
0
1997
0
0
0
0
0
0
1934
2203
0
0
0
0
2001
0
2126
0
0
1927
0
124
0
0
267
2145
0
0
2142
0
0
0
1843
0
1788
0
0
0
0
0
0
150
1196
0
0
0
0
2126
0
398
795
2123
0
0
1890
0
0
2204
0
0
0
0
1774
0
2046
0
0
1752
0
0
0
2036
1909
0
0
0
161
1917
0
0
0
0
0
0
2117
0
0
0
0
0
0
0
0
0
0
0
0
0
147
0
0
0
153
0
0
0
2147
0
1704
0
2096
0
0
0
0
0
2033
1833
397
2404
190
0
0
2038
269
0
0
0
0
0
465
0
2214
1787
0
0
0
1612
0
0
356
0
0
0
0
0
207
0
0
0
0
0
0
0
0
0
0
0
0
0
0
0
2275
595
0
0
0
0
2186
0
0
0
0
0
0
0
0
0
0
0
620
0
0
508
0
0
475
2313
0
0
5
0
0
1897
238
2306
0
648
493
0
1625
0
2057
0
0
29
0
0
0
692
12
0
0
0
0
0
0
2069
1693
0
1656
557
0
0
0
0
0
0
0
0
0
0
0
0
0
1961
2036
0
0
747
0
1283
0
473
2120
0
0
0
0
2243
0
1916
0
0
0
0
0
0
0
0
0
0
1984
1895
0
0
2267
0
0
349
0
0
2134
0
0
0
275
0
580
0
0
0
443
0
0
0
0
0
0
0
0
0
0
0
0
1993
0
597
0
0
27
2141
0
0
23
0
0
0
0
0
0
0
76
0
0
0
0
0
0
0
0
0
0
0
2026
0
0
0
47
0
0
0
0
0
0
26
0
0
0
2011
0
0
0
1969
0
0
0
271
2334
1691
0
2162
1983
0
0
0
0
0
2145
0
0
0
0
0
0
1693
0
0
0
0
0
0
0
0
0
0
0
1901
0
1984
1820
0
0
0
0
0
0
0
0
0
0
130
2088
0
0
0
291
0
0
0
0
0
0
0
0
0
0
0
0
0
576
0
0
0
0
0
0
0
0
0
675
0
2144
0
0
0
0
0
0
0
0
0
0
2007
0
2269
0
0
0
0
0
0
0
0
0
0
2084
0
0
0
0
1660
0
0
0
1218
0
0
0
0
0
0
0
0
0
601
0
0
0
2194
0
0
0
0
2169
0
0
650
0
0
0
0
1953
1990
0
0
0
0
0
0
0
0
0
0
685
0
2047
0
192
0
0
0
1992
0
0
2025
1830
0
0
0
0
0
0
2183
0
22
0
0
0
2253
0
0
0
1877
0
0
2143
1941
0
0
0
0
371
0
249
0
683
815
1836
2055
2217
488
0
0
0
0
1840
0
727
1837
0
0
0
0
0
0
0
0
0
0
816
0
1715
0
1710
0
0
0
0
0
2263
0
362
0
0
0
0
0
0
0
0
0
0
0
0
0
0
0
0
0
1782
1634
323
0
0
0
1711
0
0
0
0
0
51
2258
446
0
0
0
0
615
0
0
0
0
0
1854
0
0
1769
1814
0
0
0
0
0
0
591
0
0
0
0
0
0
0
0
0
0
0
0
0
0
0
0
0
0
0
0
0
0
0
0
0
0
371
0
0
211
0
1714
0
0
0
0
1937
0
0
547
20
0
1970
0
0
0
0
0
0
0
0
0
233
0
0
1806
0
0
0
0
201
0
0
0
0
0
0
0
0
0
0
0
0
0
0
0
2361
0
0
1995
0
0
2016
0
115
529
0
0
101
0
0
0
2017
0
0
0
0
0
2099
0
0
2058
0
0
0
178
0
0
0
0
0
429
0
8
2244
0
0
588
0
0
1746
1828
0
0
0
0
0
2104
0
0
0
0
0
0
0
2314
0
1658
2074
0
0
0
0
0
0
0
149
0
0
0
0
0
0
0
0
0
0
0
0
0
0
0
0
0
1991
2088
0
93
0
0
1958
454
0
26
0
0
0
0
0
0
2066
1933
0
0
0
0
0
0
0
0
2195
0
0
0
0
0
0
776
1920
0
0
0
1970
0
0
0
0
0
0
0
0
48
0
0
0
695
0
0
0
0
0
0
0
0
0
0
0
0
2073
0
0
0
0
0
0
0
0
0
409
1987
0
1907
0
0
2030
0
0
0
2273
235
0
1657
0
0
0
0
0
1787
0
0
0
0
0
0
2134
0
2161
0
0
28
0
0
0
0
0
0
0
2020
0
0
0
0
1799
0
0
0
187
0
0
1979
1821
0
0
0
0
0
0
0
0
0
0
0
0
0
1835
732
0
487
2081
2108
0
0
0
0
0
227
0
0
2286
1974
0
2157
616
0
0
0
0
594
2013
2290
1888
0
0
0
0
0
0
144
0
1867
0
1954
0
0
0
0
0
0
0
0
0
2089
691
2273
2131
0
2070
0
1975
0
0
85
0
0
667
0
0
0
0
0
0
0
0
0
0
0
0
184
1908
0
0
0
0
0
0
0
0
2009
75
0
727
0
0
0
0
1995
0
0
0
0
0
0
0
0
0
0
0
0
0
0
0
0
0
0
0
0
1796
2001
2068
0
2077
0
0
0
0
0
0
0
0
0
0
0
0
0
0
0
0
0
1694
0
0
0
69
0
0
609
0
0
711
0
0
683
314
0
0
0
0
0
0
620
0
0
0
0
0
0
421
0
0
1806
0
0
2267
0
840
708
0
0
0
0
0
0
0
1991
0
0
0
0
0
0
2010
0
559
0
0
0
0
0
0
0
1794
2061
0
0
0
0
0
0
0
0
2013
0
156
1212
0
0
53
0
251
0
0
2287
0
0
0
259
2043
603
621
0
0
2109
0
1968
0
0
0
535
3
0
2259
0
0
0
0
0
0
0
1881
0
141
0
0
0
0
0
0
0
0
1851
0
0
0
0
0
0
0
0
0
1879
0
1992
0
259
398
1819
0
0
0
0
0
0
0
0
299
0
0
0
0
2081
0
0
305
0
0
0
0
491
151
1967
0
0
614
0
0
0
1809
0
2155
0
1876
0
0
1689
0
0
710
0
0
0
0
0
0
0
2054
0
0
0
0
0
0
0
0
0
38
1660
0
0
0
0
0
2159
1981
0
0
0
0
0
0
1999
0
0
0
0
354
0
1825
1802
1889
0
0
0
158
0
0
0
705
2068
2249
0
2115
1809
0
0
2116
64
0
2319
0
1690
0
1842
0
2128
0
0
0
0
0
0
1988
0
0
785
0
0
0
0
2095
0
2128
0
0
0
0
0
0
0
0
856
0
0
0
0
0
0
0
0
2042
0
0
0
0
0
2099
0
0
0
2178
0
0
1880
0
2209
0
0
1766
0
1504
0
0
0
0
0
1822
0
0
0
0
0
0
0
0
31
0
0
0
2071
0
0
1709
0
0
2202
0
0
1969
0
0
0
0
0
0
0
0
0
0
0
0
0
0
0
0
0
0
0
0
2325
0
1742
1742
0
0
0
0
0
1802
0
0
0
0
2235
0
0
1782
0
619
0
177
2072
0
364
0
0
119
0
0
0
0
2160
0
0
0
0
0
0
0
0
0
0
0
2222
0
0
0
687
0
1993
0
0
0
0
1946
0
1692
0
0
0
0
0
2132
0
1998
0
0
0
0
1653
0
0
0
1876
0
1118
0
0
0
1937
423
0
0
2240
0
0
0
0
0
0
0
220
0
0
0
0
0
2139
0
1859
96
0
0
0
0
0
2196
0
0
0
0
0
1212
796
0
0
0
1935
0
0
0
0
0
0
2213
0
0
0
0
0
0
73
0
0
0
0
0
0
0
1717
0
0
230
0
0
0
0
0
1970
2049
0
0
0
254
0
0
0
719
0
0
1843
0
0
0
0
0
0
0
0
0
0
0
721
0
0
0
0
0
0
1798
0
2101
0
0
0
0
232
0
0
0
0
1973
0
0
0
0
561
0
2078
0
1984
0
377
83
2201
0
0
0
0
0
87
0
0
475
0
0
0
0
0
0
0
0
0
0
56
2123
0
0
0
0
0
0
0
506
0
0
0
1868
57
0
0
0
0
0
0
0
2187
1967
0
0
411
0
1927
0
848
0
0
0
0
0
0
113
0
0
1942
0
0
0
534
0
0
2167
0
1626
0
0
0
2284
0
0
2124
0
0
0
0
374
0
1990
0
1906
0
0
0
447
0
709
537
0
297
0
0
0
2132
0
0
72
0
0
0
0
0
0
0
1832
0
511
0
0
2166
0
0
0
0
58
0
0
254
2168
0
0
0
221
0
0
0
0
0
0
127
0
0
0
0
0
0
0
1802
1966
0
1967
0
668
0
1739
0
0
0
0
0
0
542
2053
0
0
0
1912
0
0
2202
2266
0
0
1712
0
2305
0
13
0
0
0
0
0
0
0
1709
0
0
0
2273
0
0
293
0
0
0
2265
0
1785
0
1707
0
1671
286
0
0
321
0
133
0
1957
0
2267
0
0
0
0
0
0
0
0
0
0
0
0
0
0
0
0
0
2002
0
509
0
0
0
0
0
1772
0
1816
0
0
0
0
0
0
0
0
0
1928
0
0
0
0
0
317
0
0
0
0
34
0
0
0
0
1879
0
0
185
0
0
0
0
0
2055
498
0
0
7
103
0
0
0
0
1186
0
0
0
0
127
0
0
0
0
0
1916
1915
0
539
0
0
1703
0
0
793
0
0
0
0
2041
0
2101
0
0
0
0
0
0
0
2378
0
0
0
0
600
0
1906
0
10
0
0
0
0
0
0
0
0
1849
0
2017
2065
1980
0
1826
0
0
0
0
1850
0
0
0
246
0
0
0
0
0
0
2146
0
137
0
1750
2307
0
0
315
0
0
0
0
0
2242
1775
0
0
0
0
0
2028
597
51
875
0
0
0
0
2245
0
829
453
0
0
0
0
0
0
0
225
2088
0
0
229
0
0
0
0
655
0
1989
0
0
0
307
1885
2005
0
0
0
2159
0
318
0
0
0
0
0
2210
0
0
0
0
554
0
0
0
0
83
0
0
0
0
0
0
0
0
0
192
0
0
0
0
0
1816
0
1957
0
0
0
2064
1761
0
2166
0
0
0
0
0
0
0
0
0
0
0
0
0
0
0
0
778
2160
0
2345
0
0
80
269
0
0
1836
266
0
0
97
0
0
0
1616
0
0
0
0
1822
2100
475
0
0
24
0
0
0
0
0
0
2167
0
0
0
0
0
1894
0
0
0
0
608
0
0
0
507
2195
0
0
52
0
0
0
0
0
0
0
0
0
40
0
0
0
0
2135
0
0
542
2111
0
2021
0
0
0
0
0
0
1953
163
2107
0
0
0
0
0
0
1980
0
0
1716
0
0
613
0
0
0
0
247
0
0
1508
0
0
0
0
2051
2016
0
0
1042
1873
0
0
0
0
0
0
0
0
0
0
0
0
0
0
1542
0
0
0
0
0
0
1831
0
0
0
0
2259
0
0
1956
0
0
2047
425
37
0
0
0
0
0
0
1930
0
435
2139
2291
1982
0
1463
2274
0
0
0
0
0
0
2044
0
745
0
0
1988
0
0
1898
0
0
0
149
0
0
0
0
2029
0
0
277
2194
0
0
0
1412
0
0
0
0
0
0
0
0
93
0
0
0
0
0
0
0
0
0
2096
0
0
0
1813
0
0
0
467
1955
0
0
0
0
0
0
0
2167
340
0
0
0
0
0
0
0
0
1961
128
0
0
0
572
2063
145
0
0
0
0
0
0
0
0
0
0
0
0
0
321
0
0
0
0
0
1827
2002
0
0
2171
0
0
0
2132
0
0
0
0
1650
1835
0
0
0
0
0
511
0
0
0
535
0
0
0
0
0
0
0
0
0
0
1922
0
0
6
0
0
1943
0
0
0
0
116
2295
0
1862
0
0
0
0
0
242
0
0
0
0
2092
0
0
86
0
0
0
113
565
187
0
0
329
2117
0
0
105
2031
1996
371
1781
0
0
0
0
1921
0
0
0
0
0
0
113
0
0
2074
0
0
0
0
0
0
0
0
0
0
1797
2140
0
0
0
2033
1849
0
0
0
0
0
2224
1856
0
