0
0
0
690
4780
0
0
0
0
0
0
0
1206
1165
0
4621
0
0
0
0
0
0
0
4751
0
0
0
0
0
133
698
4773
0
0
0
0
0
0
0
0
4660
0
0
0
4712
1771
4677
1200
0
3276
0
4682
0
0
4735
0
0
0
0
0
0
224
0
0
0
0
1052
4769
0
1760
4677
4695
0
0
0
0
0
1257
0
0
0
0
4561
0
0
0
0
793
0
0
1523
0
0
1319
0
818
0
0
0
696
0
0
0
461
143
0
4642
0
1704
0
0
0
0
0
0
0
0
0
0
4655
0
0
408
4554
0
0
0
0
4734
4646
0
0
0
0
0
0
0
0
259
0
0
0
0
4667
0
0
0
0
0
0
0
0
4570
0
0
0
0
0
4605
4546
0
0
0
0
0
0
4772
0
0
1563
0
0
0
0
0
0
0
0
1058
0
0
0
0
4508
0
0
0
0
4659
0
0
0
0
0
0
4712
0
0
0
0
1491
0
0
4589
0
1229
994
0
0
0
0
4677
4609
0
0
0
0
0
4548
4647
0
0
90
0
0
0
0
4730
0
0
4637
0
848
4743
0
0
0
0
0
0
0
0
0
0
0
0
0
4637
0
0
0
0
0
0
0
4632
0
0
4583
0
4697
1397
0
0
4603
0
0
0
0
1263
0
450
1245
4694
1203
0
735
0
0
0
0
0
4492
0
0
0
0
0
0
115
0
317
0
0
0
0
63
0
0
0
0
0
0
0
4657
0
0
1449
0
0
0
0
0
0
4679
0
0
0
0
0
0
4622
0
0
4504
0
507
379
0
0
0
0
0
4475
0
1390
0
1359
0
0
0
0
4699
0
4756
0
0
4533
0
0
0
0
4748
0
0
0
0
0
0
0
0
0
0
4620
0
0
0
0
4583
0
477
0
0
1159
0
0
1349
0
0
0
0
0
0
0
0
0
0
1606
0
0
0
0
0
0
0
4595
0
0
0
0
580
4663
616
771
0
0
4789
0
0
0
0
0
0
0
0
0
0
0
1096
0
4600
0
0
0
1522
0
0
0
4759
99
0
0
0
0
0
0
0
0
0
0
1639
0
1377
1147
0
0
0
0
0
0
0
0
0
0
1122
0
4674
0
0
0
0
4645
0
1137
0
0
0
0
0
0
0
0
0
0
0
0
4724
0
0
0
0
0
0
0
0
198
0
0
0
0
0
0
0
0
1280
0
0
1079
311
0
0
4553
4554
0
4707
0
1500
0
0
4737
0
0
0
4629
0
4554
4780
0
0
0
0
0
0
0
0
0
1155
799
0
0
632
0
0
4642
0
0
0
0
0
0
1439
0
0
4529
0
0
0
0
1645
0
0
0
0
0
4626
4725
4593
0
4577
0
0
367
0
0
0
4565
0
0
0
0
628
0
0
0
0
0
1129
4726
0
0
0
0
0
0
1061
0
0
0
0
1107
0
1567
0
4639
1432
0
0
0
0
0
0
0
0
0
0
0
0
0
0
0
0
4667
0
0
0
0
4481
1722
4680
4595
0
0
0
0
0
0
0
557
0
0
0
0
0
0
0
4743
0
0
4680
4605
0
0
0
0
4725
4699
0
0
0
0
0
0
0
0
0
0
4783
0
0
4787
0
0
0
0
0
0
0
4797
1364
4580
209
0
0
0
0
0
0
312
0
0
4650
1386
4707
0
0
0
0
231
0
0
0
0
0
0
0
4696
4604
0
0
0
4638
0
0
0
0
0
675
0
0
0
1972
1383
0
0
0
0
4727
0
1345
0
0
0
0
0
4776
0
0
0
4604
0
647
0
4657
0
281
0
0
0
4588
0
77
4581
0
1443
0
0
0
4595
0
0
4551
4605
0
0
4578
0
284
0
0
0
0
0
0
155
1836
1444
0
0
0
0
0
0
4633
0
0
0
4581
0
0
0
117
0
0
0
474
0
0
0
0
0
0
0
0
682
0
264
0
0
0
0
0
0
0
0
0
4681
0
0
4643
0
0
0
0
0
0
0
0
0
4691
0
0
671
0
0
0
4474
0
0
0
4713
4621
4127
4637
0
0
0
0
0
0
0
274
0
0
0
295
472
0
259
0
0
1594
0
0
0
0
0
0
4712
1560
4706
151
327
0
0
0
0
0
0
4607
0
0
0
1044
0
0
0
0
0
4570
0
0
4573
0
0
4769
0
0
0
0
0
0
0
0
0
198
0
1348
4751
0
0
0
0
0
0
28
4620
4667
0
0
0
0
0
0
0
0
4642
0
0
4670
4739
1100
0
0
1184
0
0
0
1804
0
4748
0
0
0
0
14
4595
0
4678
0
0
0
0
0
740
4678
0
46
0
0
1307
0
0
0
0
0
0
0
0
0
0
0
0
0
0
0
0
0
0
11
4589
0
1550
0
0
0
0
4626
0
0
0
0
0
0
0
0
0
0
4656
0
0
0
1729
4647
0
4480
0
4636
0
391
0
0
0
0
0
48
0
0
0
4627
818
0
0
107
0
0
319
0
4703
0
4160
0
0
0
0
0
0
0
0
0
0
4620
846
0
0
0
0
1389
0
0
0
0
0
0
0
4710
0
0
4590
0
0
0
0
0
0
0
0
0
4716
0
333
0
930
0
0
0
0
0
4591
0
0
0
0
0
0
0
0
0
632
0
0
0
0
0
3144
0
1630
0
0
0
4609
0
0
0
1090
0
0
4567
0
0
4750
0
0
0
0
0
53
0
4661
0
0
0
0
4627
4641
0
0
0
0
0
0
4590
0
4674
0
0
0
0
0
0
0
0
0
0
0
0
4637
0
0
0
0
0
0
0
4605
0
0
0
0
0
0
127
0
4686
0
0
0
0
0
0
0
0
0
2947
0
0
0
0
0
0
0
0
1620
0
4606
4540
4588
0
0
0
0
0
0
0
65
0
4652
4584
1059
0
0
0
0
1491
0
0
0
4529
0
4656
0
0
0
0
0
0
0
0
4499
0
0
12
0
0
0
0
0
0
4587
1475
4583
4621
1765
4569
0
1322
0
0
0
4615
0
0
981
0
0
4632
0
0
0
0
0
0
0
0
0
0
0
1210
0
0
0
0
0
4663
0
0
4605
0
0
0
0
0
0
0
4684
0
4679
0
582
0
0
0
0
0
0
0
0
0
4627
0
0
0
0
0
0
0
0
0
0
0
0
0
0
0
0
0
0
4536
0
0
4738
0
0
0
0
4621
0
0
0
505
0
0
0
4660
0
0
0
0
0
0
0
4594
4510
0
0
0
902
0
0
799
0
0
4613
0
0
0
0
0
0
1524
0
0
0
1547
4702
4783
0
0
0
4628
1364
0
0
4593
0
0
0
0
0
4630
0
0
4621
1536
0
0
4683
0
0
4449
0
0
0
0
0
0
0
0
0
4766
0
0
0
0
0
4688
740
0
0
4669
0
0
4695
0
4669
0
0
0
0
0
1546
0
0
0
0
0
0
0
0
381
0
0
617
0
4549
883
1503
0
0
0
4577
0
0
0
0
0
4654
0
0
0
0
0
0
0
0
0
259
4722
0
0
0
0
0
0
0
0
0
0
4495
4581
0
0
1296
0
0
0
0
0
0
0
0
1115
0
0
1684
0
0
0
0
0
0
0
0
0
0
0
0
0
0
0
0
4713
4681
0
0
0
39
4738
0
0
0
0
0
0
0
0
0
4530
0
0
0
0
0
5
0
4673
0
0
0
4672
0
4647
0
0
0
0
0
0
0
0
0
0
0
0
0
0
0
0
0
0
0
0
0
0
0
0
0
0
0
0
990
0
0
0
4540
0
0
4526
0
0
0
0
0
0
0
0
713
0
0
0
0
0
0
0
0
0
0
0
4716
4647
0
1792
0
0
0
0
0
0
0
1956
0
0
0
0
0
204
0
4549
0
0
4587
0
4539
168
0
1542
4686
0
0
4618
0
0
0
0
0
4624
0
0
0
0
1637
0
0
4607
4719
0
0
0
0
0
4613
262
0
1249
4668
0
4735
0
4664
0
0
0
0
0
0
4626
4664
0
0
0
4639
0
0
0
4602
4630
0
0
0
0
0
4561
4595
0
4206
0
674
0
0
0
0
0
4747
4589
0
1083
4526
0
1125
4668
0
0
0
0
0
338
4682
0
598
0
0
0
0
4651
0
0
0
4731
0
0
4599
0
4662
0
0
0
0
0
0
0
0
0
4567
0
0
0
2630
0
4587
0
4609
0
0
0
0
0
0
0
0
0
0
0
0
0
0
0
0
0
0
0
0
0
0
4640
0
0
4551
0
0
0
0
0
4503
0
0
4608
0
0
0
155
0
4573
0
0
0
0
0
0
0
0
0
0
0
4593
0
4692
0
0
4692
4522
0
0
4594
0
0
0
0
0
4589
0
0
0
0
0
0
0
0
0
0
0
0
0
0
0
179
0
0
0
0
159
1511
0
0
4607
0
234
0
21
4710
4827
4673
4729
0
0
0
2177
0
0
0
136
0
595
1524
0
0
0
0
0
732
0
0
0
1537
0
0
0
0
0
0
4645
0
0
4621
0
778
3043
0
0
4551
0
0
0
0
4719
0
0
0
0
848
0
0
0
0
0
0
4601
1520
0
0
0
0
4722
4626
4459
4708
0
352
4689
0
0
4579
0
0
0
0
4536
0
0
0
0
0
4621
0
0
0
0
0
0
0
0
0
0
428
0
0
4651
0
4614
0
0
0
0
0
0
0
4677
4593
0
0
0
1666
0
858
0
0
4678
0
0
0
0
0
0
956
0
0
0
0
0
0
0
0
0
0
0
2112
0
0
0
1759
0
0
4706
495
0
0
0
0
1594
510
0
0
4601
0
0
0
0
0
0
0
4562
0
0
446
0
0
708
0
0
0
0
0
0
4680
0
0
0
0
0
0
4700
0
0
0
0
0
0
0
0
0
0
0
0
0
0
0
0
0
0
0
0
0
0
0
0
4659
4719
0
4512
545
0
4618
0
0
0
0
0
0
0
1237
0
0
0
0
4609
0
0
0
0
4646
0
40
0
4631
4530
0
0
0
0
0
4634
0
547
0
4658
4644
0
0
0
0
0
0
0
0
0
526
0
0
382
0
237
0
0
0
0
0
0
0
0
0
8
0
0
0
0
4612
0
4653
1380
0
0
0
0
0
0
0
1831
4502
0
0
4626
1286
0
4675
0
0
0
0
0
0
0
0
4564
122
0
0
0
0
804
0
0
0
4657
113
4690
0
0
0
0
0
0
0
0
0
0
0
0
0
0
0
0
4564
0
4706
0
0
0
0
0
0
0
0
0
0
0
0
0
0
0
0
0
0
0
0
0
0
0
0
0
0
0
0
0
0
0
0
0
4590
0
0
0
0
0
4603
578
0
0
0
0
0
568
0
0
0
0
0
0
0
4614
0
4583
0
0
0
0
0
0
0
294
0
0
0
0
0
0
0
0
0
0
4523
0
0
83
4653
0
0
0
0
0
0
0
0
0
0
0
0
0
0
0
0
4534
0
0
0
0
0
4630
4696
0
0
0
0
4555
295
0
0
0
4698
0
4617
0
0
4611
0
4729
0
4694
0
4636
0
0
0
0
0
0
51
0
0
4693
4665
0
4512
0
4722
4630
0
0
0
0
0
0
0
0
0
1239
0
0
0
0
0
0
0
0
0
0
4707
0
0
2885
0
0
0
1629
4644
0
0
0
0
0
0
0
1601
4602
4610
0
0
0
0
0
0
0
0
0
0
4600
0
0
0
1135
0
0
0
0
0
0
0
0
0
779
0
0
165
0
0
0
0
0
0
0
0
233
0
0
0
0
0
4538
364
4615
4601
4154
4664
4658
0
4720
4569
0
4572
0
0
0
0
0
0
4654
1462
0
0
0
0
4723
271
0
3524
0
4601
0
0
0
0
0
0
0
1443
0
0
4559
944
4600
0
0
4617
0
4662
0
0
0
4563
0
0
0
0
0
0
4600
0
0
0
0
1733
0
0
0
0
0
0
0
0
971
4722
0
1590
0
4615
0
0
0
0
2967
0
0
0
1582
0
0
0
4668
0
0
0
0
0
0
4578
0
0
0
4725
0
0
4643
0
0
0
225
928
0
0
0
0
0
0
4448
595
894
4659
0
0
0
0
4661
0
0
0
0
0
0
0
0
0
0
0
0
0
0
0
0
0
0
0
0
0
0
0
3093
0
4626
0
0
0
1134
0
4603
0
4646
0
4741
4502
0
4702
0
0
0
0
4601
0
0
0
0
2639
0
0
0
0
4567
0
218
0
0
0
0
4593
4090
0
0
941
4666
4606
0
0
0
0
0
0
0
4617
0
0
0
0
4642
0
0
0
3093
0
0
0
4665
0
0
4599
0
0
0
0
0
0
505
0
0
0
0
0
0
4721
4632
4564
0
0
0
0
0
1491
0
0
0
0
0
4659
0
0
0
0
4643
4703
0
1637
4574
0
142
0
0
0
0
0
0
0
0
92
0
0
0
0
0
0
0
0
4756
0
0
0
4562
0
0
4565
4617
0
0
0
0
0
0
0
0
4690
0
0
0
0
0
4575
1095
4657
723
0
0
4809
0
1804
0
1392
0
0
0
4603
0
0
0
4687
0
0
0
0
0
1928
1340
0
0
0
0
0
971
0
0
0
0
0
0
1023
0
4687
0
0
0
0
0
0
0
0
0
0
4627
0
4646
0
0
0
0
0
0
0
118
0
0
0
1598
0
0
0
0
0
3064
0
0
0
1447
0
0
0
0
0
0
0
1756
0
197
0
4806
0
4638
0
0
4725
0
0
0
4568
0
0
0
2289
1020
4287
0
0
0
0
0
0
0
3009
0
0
0
4590
0
4617
0
4656
0
0
0
0
0
374
0
4593
4575
0
0
167
0
0
0
0
4678
0
0
0
0
0
0
4625
4670
0
1455
0
0
0
0
0
0
529
0
1022
0
0
4523
4720
0
189
0
0
0
0
782
0
0
0
84
0
0
0
0
4630
0
291
0
3060
0
541
4619
0
0
0
0
0
0
0
0
0
0
0
4640
4719
0
0
0
0
0
0
4565
0
2368
0
0
0
0
0
0
0
0
0
0
0
4612
0
0
0
0
3044
0
0
0
0
1038
4635
0
1368
0
0
0
0
121
4578
0
0
4745
477
0
0
0
0
4650
1553
0
0
4871
0
0
0
0
0
0
0
0
0
4612
0
0
0
0
990
0
0
3211
4747
0
0
0
0
4552
0
0
0
0
208
0
0
0
0
0
0
0
0
0
828
0
0
4536
0
4722
0
275
0
0
0
371
0
0
0
2755
4693
0
0
0
0
0
0
0
0
0
0
0
0
0
0
0
0
0
0
0
4661
0
0
0
0
0
0
4654
0
1139
0
4636
0
0
0
0
0
0
0
1325
0
0
0
0
0
0
0
0
0
0
4504
0
0
0
0
4654
0
159
0
0
0
0
0
0
0
0
0
0
4714
0
0
0
1609
0
0
0
0
4609
0
0
0
0
0
0
0
0
0
0
0
0
0
0
0
626
0
0
0
765
0
4597
0
0
0
0
0
4503
4027
0
0
0
4657
1676
0
0
0
0
0
0
0
0
0
4572
0
0
900
0
0
0
0
0
0
0
0
0
0
494
0
0
0
1460
0
0
0
0
4561
0
0
367
4715
0
4698
0
0
4807
4539
0
0
0
0
0
0
0
0
0
0
0
1133
945
0
0
0
0
4691
0
0
0
0
0
0
0
0
1166
0
0
0
0
4712
0
0
0
0
0
2864
0
4646
0
0
0
0
0
0
0
0
0
0
0
0
0
0
0
0
4734
0
0
0
0
0
0
315
0
4575
0
0
0
0
0
0
1503
0
0
0
0
0
0
0
0
0
0
1109
0
0
0
4642
0
0
4248
0
0
0
0
4221
4577
0
0
0
0
0
0
0
0
4647
0
0
0
0
0
0
4680
0
0
0
0
0
0
0
0
0
0
0
4585
0
4523
0
4637
83
4544
0
0
0
0
4611
0
0
0
0
0
0
0
0
4045
1210
0
0
0
0
0
0
0
4420
146
0
0
0
0
1220
0
4827
0
0
0
4613
4669
0
0
0
0
680
1036
0
0
4585
0
0
705
552
0
0
0
0
0
1530
4628
0
0
0
4718
0
0
0
0
0
0
4733
0
0
0
0
4622
0
4618
4716
0
0
0
4645
0
0
0
561
0
0
0
0
0
4662
4081
0
0
0
0
0
0
0
0
0
409
0
0
0
0
0
0
0
0
0
0
0
0
0
0
0
0
0
0
0
0
0
0
0
4563
0
0
0
0
0
790
0
234
4712
0
0
0
0
0
0
146
0
0
4621
0
0
0
0
0
0
0
0
4667
189
0
0
1387
0
0
0
0
1315
0
0
1169
0
4610
0
0
0
4666
0
0
0
0
0
0
0
0
0
4663
0
713
465
0
0
525
0
0
0
826
0
0
0
931
4529
4639
0
0
0
0
4789
0
4585
0
4524
0
0
0
0
0
1213
0
0
4578
0
0
4650
0
0
0
0
4671
0
0
947
0
0
0
0
0
4524
0
0
0
0
0
922
0
0
0
0
0
0
4769
0
0
0
0
0
0
4606
0
0
0
0
0
0
0
0
1135
0
0
0
4689
0
0
4649
366
0
0
0
0
4628
0
0
51
1244
0
0
4705
4636
0
0
0
0
4681
0
0
0
0
0
4700
0
0
0
0
0
0
0
0
4722
0
0
0
4687
0
0
1556
4687
0
4513
0
0
0
4628
0
0
0
0
0
0
0
0
0
0
4572
0
4703
0
1210
0
0
0
0
0
0
0
0
0
4695
4650
0
0
0
0
0
0
0
1456
0
0
0
1230
0
0
0
0
0
0
0
0
0
300
0
0
0
0
204
0
0
0
0
0
0
0
0
0
0
0
0
4643
0
0
0
0
0
0
0
0
0
0
0
0
4683
1239
0
0
0
0
0
0
4730
0
4723
0
0
0
0
0
0
0
4687
0
0
0
0
0
0
0
0
0
0
0
0
0
4696
4699
0
436
0
4724
4701
0
4606
0
0
1563
0
1835
0
0
0
0
0
0
0
0
0
4718
0
0
1048
4681
0
0
4785
0
0
1480
0
1680
0
0
0
0
0
4699
0
0
0
4589
0
0
0
4661
0
0
4670
0
0
4676
0
0
0
0
542
0
0
0
0
0
0
978
1008
0
0
0
0
0
4622
0
0
4670
4566
4657
4674
0
0
4601
0
0
0
0
0
0
0
4600
0
0
0
0
0
0
0
0
0
0
328
0
4623
0
0
4729
0
0
0
0
1878
0
0
0
0
0
0
4723
0
0
0
0
4721
0
0
0
0
4752
0
0
1702
0
0
0
0
0
4752
0
0
0
0
0
0
0
0
0
223
0
4694
583
0
0
0
0
0
0
0
4542
4594
0
4687
0
0
0
0
0
4639
1238
0
0
0
4605
422
0
0
0
0
0
0
4670
0
0
0
0
4744
0
1559
0
0
0
0
0
0
690
4564
0
357
965
0
0
119
0
0
0
364
4659
0
0
0
4566
2946
0
0
0
4702
0
0
368
0
0
0
0
0
0
0
4142
0
101
0
0
0
0
0
4485
0
0
560
618
0
4629
0
4725
0
0
0
0
0
0
0
4528
0
0
0
0
0
0
1098
0
0
0
0
4677
2904
0
0
0
4538
4605
1647
0
0
0
0
0
0
0
0
1527
0
4657
0
201
0
0
0
0
0
0
0
1619
0
0
4545
0
0
0
4181
0
4590
0
0
4723
0
0
0
0
4782
0
0
0
0
0
0
0
0
0
0
4686
0
0
0
0
0
4709
4675
4572
0
0
0
0
0
0
0
4571
0
0
0
0
0
0
0
0
0
4634
0
0
0
0
0
0
0
4576
0
0
0
0
0
0
0
0
0
0
0
0
0
0
0
0
0
443
1520
0
4774
0
682
0
0
0
0
0
1308
0
0
4611
0
337
0
0
4577
0
0
0
0
4623
4584
0
0
0
0
0
0
0
62
0
0
4642
0
0
0
0
0
0
1445
0
4653
0
0
4657
4638
506
121
4714
0
4589
0
0
0
0
0
0
0
0
0
0
0
4659
0
0
0
0
0
0
0
0
0
0
0
0
1549
0
0
307
0
4591
0
0
0
4700
0
0
0
0
0
0
0
4422
0
500
0
0
0
0
0
0
0
0
0
4601
0
4687
0
0
0
4634
0
0
0
0
59
0
0
0
4586
0
0
0
0
0
4651
852
0
0
0
0
0
0
0
0
0
0
4571
0
0
0
588
1177
0
0
0
0
0
0
0
0
0
4592
418
0
0
704
0
334
0
3075
0
0
0
0
0
0
0
0
0
0
0
0
1635
35
0
0
0
0
0
1021
0
0
0
4549
0
4708
4740
4679
0
0
0
4536
1616
0
0
0
4598
1601
4592
0
0
976
0
0
0
1413
328
0
0
0
0
0
0
0
0
0
0
0
2598
4532
0
0
0
0
0
0
0
0
0
0
0
0
0
0
4695
0
0
0
1027
0
0
4607
4661
4593
0
0
1225
0
0
0
0
4608
4574
4735
1334
0
0
0
0
0
0
0
0
0
738
0
1075
0
416
0
0
0
0
4698
0
0
2019
4645
0
1320
0
0
0
4787
20
0
0
0
0
0
0
0
0
0
0
1644
0
0
0
0
1161
0
0
0
0
0
0
0
0
4613
0
557
0
4734
0
4646
4713
0
0
0
4586
0
0
95
0
0
0
0
0
0
0
0
4592
0
0
0
0
0
0
0
0
0
4631
0
0
0
4542
0
0
0
4795
0
0
0
0
0
0
0
0
0
0
435
0
4613
0
0
4639
0
4556
0
4549
0
933
0
4511
0
0
0
200
4709
0
4612
312
776
1018
1584
0
0
4640
4640
0
0
0
0
0
975
0
0
0
0
4686
0
0
0
0
4592
0
0
0
0
0
0
0
0
0
4640
0
0
0
0
4602
0
1590
0
0
0
0
889
0
0
0
0
0
0
0
0
0
0
0
0
1641
4692
0
4695
0
4670
0
0
4821
0
0
0
4761
0
0
4591
106
352
0
4593
4720
0
0
0
0
0
1244
48
0
0
4592
0
0
4752
4601
0
0
0
0
0
0
0
0
953
0
0
0
0
0
0
793
0
0
4560
0
0
0
0
0
0
0
0
1322
0
0
0
0
0
4689
0
0
0
0
0
0
0
0
0
917
4600
0
4659
0
0
0
0
0
0
0
0
4740
0
0
0
0
0
0
4740
0
4608
0
0
4616
0
0
0
229
0
0
0
0
0
0
0
4632
0
0
0
4560
0
0
0
135
0
0
0
0
0
0
1769
0
4601
0
0
0
0
0
0
0
0
0
0
0
1325
0
0
1643
0
0
4718
0
0
1155
0
0
0
0
0
0
0
4644
0
0
3008
0
4623
182
0
0
0
0
1597
0
1156
0
0
0
0
0
4587
0
4591
0
4656
0
0
0
1527
4665
0
0
0
0
4764
124
0
4580
0
0
0
0
0
0
0
0
0
4587
0
0
0
0
0
0
0
0
0
0
0
0
0
0
0
0
0
0
4533
821
0
0
0
0
0
4567
4681
0
1019
4582
0
1395
0
0
4576
0
0
0
0
0
0
0
0
0
0
4639
4567
0
0
4663
0
4674
0
0
0
0
0
0
0
1528
3003
0
0
0
0
0
4610
4660
0
0
0
0
0
0
0
0
0
0
0
0
0
0
0
0
0
4622
0
0
0
0
0
0
0
4626
4560
0
0
0
0
0
0
4593
0
0
4734
0
0
0
1349
130
0
0
0
0
4689
0
0
0
0
0
0
4574
0
0
0
0
0
4527
0
0
0
0
1271
4556
4588
0
0
0
0
1509
0
0
0
1155
0
0
0
4442
0
0
0
0
0
0
0
0
1379
0
0
4635
0
0
0
4699
4694
0
4683
914
909
0
0
0
0
4697
0
0
0
0
4730
4715
0
0
0
0
1637
0
0
0
0
0
0
0
0
0
0
0
0
0
0
0
0
0
0
0
1355
0
4721
0
4658
0
0
4728
4619
0
0
0
4735
0
4653
0
0
0
0
0
515
0
0
0
0
0
0
0
4832
0
0
0
4577
0
4740
0
0
0
0
0
0
0
0
0
0
0
0
0
0
4656
0
4776
0
0
0
0
0
0
0
0
0
0
4183
0
0
0
0
4494
0
0
0
0
0
0
0
1446
0
0
0
0
4578
310
0
0
0
0
530
0
0
0
0
0
0
0
0
0
4645
0
1526
0
0
0
0
0
0
0
0
0
443
0
0
4625
0
0
0
1418
0
0
0
0
4719
0
4789
0
0
0
168
324
4578
0
0
0
0
0
0
0
4589
181
0
0
0
1446
0
0
0
0
0
0
0
0
0
0
4669
0
0
0
4630
4588
0
0
0
0
0
0
0
0
0
0
4675
0
0
0
0
0
0
0
0
4547
229
0
0
0
0
0
0
0
0
0
0
4569
0
0
0
0
4530
0
0
0
4620
0
0
0
0
0
647
0
0
4695
4555
0
4676
686
489
0
4704
722
4613
0
0
0
0
0
0
752
0
0
4655
4670
4562
0
0
0
0
0
4490
4635
0
11
0
0
0
0
0
0
1513
0
0
0
0
0
4700
0
38
0
0
0
0
0
0
0
0
4676
0
515
185
0
0
4709
0
0
4671
0
0
4637
0
4612
4530
4643
0
4693
0
0
285
13
0
4692
4708
0
0
0
0
0
0
0
0
0
4638
0
0
0
0
0
4469
0
0
0
0
0
0
0
0
0
943
0
0
0
0
0
0
0
4618
0
0
0
0
0
0
4626
0
0
0
0
0
0
0
0
0
0
0
0
0
0
4666
0
0
0
0
0
1291
4557
0
4569
0
0
0
0
0
0
0
0
0
0
0
0
0
0
4537
0
0
0
4534
4588
4726
0
2717
4706
0
0
3084
0
0
0
4617
0
1448
0
0
0
0
0
0
0
0
0
4629
0
0
0
0
0
4687
1418
1755
0
4719
0
0
0
0
0
4584
0
0
0
4560
0
0
0
0
0
0
0
0
0
0
0
0
0
0
0
0
0
0
0
0
1609
1381
0
0
0
0
0
0
0
0
421
0
0
0
633
0
491
4725
0
0
0
4514
0
0
135
0
1506
0
0
0
0
0
374
1495
0
0
0
0
0
0
0
0
0
4737
0
0
0
0
825
0
0
0
0
0
1230
0
0
4719
0
0
0
0
0
0
0
0
0
0
0
0
0
0
4664
0
0
0
0
4689
0
0
4633
0
0
307
4628
4685
0
0
0
501
0
1637
0
0
0
0
1455
0
0
0
0
4566
0
0
957
0
0
1004
0
0
0
0
0
4591
460
0
0
0
0
0
0
653
1814
0
4584
0
0
0
0
1468
0
0
4749
4639
0
185
0
0
0
1413
0
0
0
0
0
0
0
0
903
0
0
0
1043
4557
206
0
0
0
0
4684
4677
4606
0
0
0
0
1724
4571
4631
0
0
271
4718
0
0
0
0
1498
0
0
4672
1535
0
0
0
0
4620
0
0
0
4624
0
4704
0
0
0
0
1109
0
0
0
0
4685
0
0
4669
0
0
4631
0
0
0
4653
0
0
4647
4649
0
0
0
0
0
0
762
0
0
4642
4540
4567
0
0
4772
0
0
248
0
0
0
0
0
0
0
0
4619
0
0
0
0
0
0
0
0
0
0
0
0
0
0
545
0
0
0
0
0
4636
0
0
0
678
0
0
0
0
0
0
4664
0
0
0
4653
148
0
0
0
0
0
0
0
4610
0
0
0
0
0
0
0
0
4592
4608
0
0
0
4690
0
0
0
796
0
4633
4650
0
0
4810
0
0
0
739
0
0
4513
0
0
0
0
0
0
0
0
4689
0
0
0
794
0
0
0
0
4598
0
0
0
0
0
0
0
0
4684
0
0
64
0
0
0
0
0
0
0
0
0
0
4613
0
0
0
0
0
0
1422
4683
0
712
0
0
0
1817
0
0
0
268
0
0
1665
0
0
0
0
4724
0
4608
0
4570
0
4763
0
0
4689
4696
0
0
0
0
1765
0
0
0
0
0
0
0
0
0
0
91
0
0
0
4559
4639
0
0
4557
0
0
0
0
0
642
0
0
4611
0
0
0
32
0
0
0
0
4771
0
0
0
4562
0
0
0
0
4698
0
0
0
4540
0
0
0
0
4587
0
0
0
0
0
0
0
0
0
4717
0
0
0
0
0
0
1400
0
0
0
685
0
4740
0
0
811
0
0
0
0
0
0
0
0
0
0
0
0
4567
1369
4682
0
4659
0
275
0
0
4678
0
0
0
4682
0
0
0
4609
0
0
0
0
100
0
0
0
0
0
4713
0
0
0
0
0
4550
0
2295
0
4634
0
0
0
0
0
0
121
0
0
4724
0
0
0
0
4495
4669
0
0
4689
1105
0
0
0
4635
0
0
0
0
0
0
0
0
1337
0
0
0
0
0
93
0
0
0
0
0
0
0
0
0
0
4599
4641
0
0
0
379
0
0
4640
1404
0
0
4612
0
0
0
0
0
0
817
0
0
0
0
0
0
0
0
0
0
4599
4597
0
1164
0
0
0
1603
0
0
0
1600
0
0
0
1001
0
0
0
0
4162
0
0
668
0
0
0
0
0
4738
4550
0
0
0
4659
0
0
0
0
0
0
4665
0
0
0
0
1232
0
0
1328
4682
0
406
0
0
0
0
0
0
0
2171
0
0
0
4587
0
68
0
0
4546
0
0
499
0
0
0
4643
4678
0
0
0
1929
0
4599
0
0
4496
0
1204
0
0
0
0
0
0
0
0
0
0
4641
0
0
4635
0
4722
0
0
0
0
0
1197
0
0
0
0
4732
0
0
0
0
0
4612
4627
0
4560
0
0
0
0
0
0
844
4761
0
0
4742
0
0
0
0
4623
4
0
0
0
0
4700
0
0
0
647
0
0
0
0
1117
0
0
4666
0
0
0
0
0
0
2847
0
0
0
0
0
0
0
0
0
0
0
0
0
0
0
0
0
0
4630
4594
0
4603
0
0
0
0
0
0
0
0
4570
4666
0
0
0
1
0
0
0
1066
0
0
0
0
0
0
4712
0
0
0
4624
0
0
0
4519
0
0
0
0
0
0
0
0
0
4626
0
658
4439
4607
0
0
0
0
3053
4630
0
0
4623
0
0
1708
0
0
0
0
0
0
4765
0
0
0
0
0
0
0
0
0
228
0
0
0
0
0
0
0
0
1537
4622
0
0
4640
4591
0
4684
4641
0
0
0
0
0
0
4490
4569
0
4577
0
0
0
103
0
4520
0
4647
0
0
4692
0
0
0
0
0
0
1468
0
4557
0
1382
0
0
0
0
0
4618
0
349
0
0
0
0
1041
0
0
4592
1323
0
0
0
0
4032
4573
0
0
4587
0
0
1325
0
0
4588
0
564
0
0
0
0
0
4795
779
0
0
969
4507
0
0
0
0
4732
0
0
4616
0
0
0
0
0
0
0
4689
0
66
4648
0
1471
182
0
0
474
0
4540
953
0
0
0
0
384
0
0
0
0
0
0
0
0
0
0
0
1601
0
0
1348
2
0
0
0
4760
0
0
0
0
0
4719
0
0
0
0
0
0
0
4765
1827
0
0
0
408
0
0
194
0
0
4679
0
0
4711
0
0
0
0
0
0
1395
4637
0
0
0
0
0
0
0
0
4743
80
0
0
4621
949
0
4707
293
0
0
0
0
0
0
0
0
0
4456
0
0
0
0
0
0
0
4591
0
4604
0
0
0
0
0
0
481
0
0
0
0
0
0
4646
0
0
0
0
3461
0
828
0
0
0
0
4648
4586
0
0
0
0
0
0
0
0
3
0
0
0
0
0
4644
4547
4596
0
0
4662
4712
4609
4607
0
0
0
0
0
0
0
0
0
1456
0
0
0
4603
2126
0
177
0
1312
0
0
0
0
0
0
0
4633
0
0
0
653
1007
0
0
0
0
0
0
0
0
0
1058
0
0
0
0
0
0
0
0
4614
993
590
0
0
0
0
0
0
0
0
4696
0
0
0
1679
0
0
0
0
0
4569
0
0
0
4658
0
0
4637
4585
0
0
0
0
0
0
0
0
1692
0
0
0
0
0
0
4714
0
0
0
0
0
0
0
4604
0
0
0
0
0
0
0
4750
1511
2042
0
0
1570
0
4742
0
0
0
0
0
0
0
0
0
4599
0
0
0
0
0
0
0
0
4650
0
0
0
0
0
4656
0
461
4695
0
0
0
0
0
0
614
0
0
0
0
0
0
0
4614
579
0
0
0
0
0
0
0
0
0
0
0
0
0
0
1392
0
0
0
315
0
4614
0
0
0
0
4709
0
0
0
0
0
4681
1688
0
0
4590
0
4564
0
0
0
0
0
0
0
0
0
0
0
4676
4691
0
0
0
0
0
4566
0
0
0
0
0
1541
0
0
0
0
4605
0
4658
0
0
0
0
0
0
4691
0
0
4662
0
0
0
0
0
0
1454
0
0
0
0
0
4713
0
0
0
0
0
0
0
0
0
0
0
0
0
0
0
0
4672
0
0
0
0
0
0
0
0
4642
1590
0
0
0
0
0
0
0
0
0
0
0
0
0
0
4661
0
4680
4508
0
0
0
0
0
0
0
0
1456
0
693
4677
0
0
0
519
0
0
0
4609
0
4632
0
4666
0
0
661
1658
0
0
0
0
0
4713
0
0
20
0
0
0
0
4672
0
0
4604
0
0
0
0
0
0
0
0
0
0
0
0
0
0
0
0
4616
0
0
0
4611
0
4595
4601
0
1588
0
1101
1659
0
0
0
0
0
0
0
95
1485
0
0
0
0
0
0
4757
0
0
0
0
0
0
4669
0
0
0
0
0
0
0
0
0
0
0
0
0
1002
0
0
4697
0
0
0
0
0
0
4586
0
0
0
2927
0
0
839
217
0
0
0
0
0
0
176
0
0
0
0
1464
0
4521
0
0
4725
1661
0
0
0
0
4492
0
0
0
0
0
0
0
0
1542
4603
0
0
0
4555
0
0
0
0
0
0
0
4570
0
0
0
0
0
0
4731
0
0
0
0
0
0
0
748
0
0
0
0
0
0
4732
0
0
0
0
0
0
0
0
0
0
0
0
0
0
0
0
0
0
0
144
0
0
0
0
0
0
0
0
0
1570
0
0
0
0
0
4620
0
4664
0
1504
0
0
0
1472
0
1580
0
0
0
0
0
0
0
0
0
0
1722
0
0
0
0
0
0
4594
0
0
0
0
0
0
0
0
0
0
0
4570
0
0
0
0
416
0
0
0
4197
0
0
0
0
0
0
0
0
4553
0
0
0
0
0
4586
0
0
0
0
414
0
0
4558
0
389
0
0
1097
0
4607
4587
0
0
0
0
4659
0
0
0
0
4529
0
0
4586
4586
0
0
4553
0
4624
0
0
0
0
0
4670
0
0
0
0
0
0
0
4659
0
0
0
0
0
0
0
3479
694
0
4195
0
0
4737
0
1858
0
0
0
0
0
4658
0
0
0
0
0
4698
0
4596
13
4700
4692
0
4731
4571
1183
0
0
0
0
4708
4583
0
0
0
1119
0
0
0
0
0
0
0
407
0
0
4549
0
0
0
4463
317
0
0
0
0
929
0
0
0
0
4671
0
4674
0
0
0
0
0
0
276
0
4651
0
0
0
0
701
0
1696
819
4625
0
0
0
0
462
264
0
0
4614
0
0
0
0
0
4724
0
0
0
925
0
4730
0
0
4162
0
0
0
0
0
0
0
1404
637
4658
0
0
0
0
0
0
0
0
4661
0
0
0
0
0
762
0
0
4640
0
0
0
0
0
0
0
4651
4582
0
0
0
0
0
0
0
0
0
241
0
0
0
0
4586
0
0
0
0
0
0
0
4759
1505
4534
0
0
0
0
0
0
0
4550
0
4553
6
0
217
340
0
4754
161
0
748
0
0
0
339
4589
189
4631
0
0
0
1487
0
0
0
0
0
0
0
0
0
0
4639
0
0
0
0
0
0
0
4723
3394
0
0
0
0
4793
0
0
0
0
0
4764
519
0
0
1314
0
0
0
0
4650
0
195
0
0
0
0
188
0
0
0
0
0
0
0
4558
0
0
0
0
0
0
0
0
4574
0
0
628
0
0
0
0
0
0
0
0
0
1234
0
0
0
0
0
0
0
0
0
0
0
0
692
0
0
0
0
0
1486
0
0
0
4666
0
4547
4626
0
0
0
0
0
0
0
4568
0
4567
0
4613
0
0
0
0
4754
0
0
0
4670
0
0
0
0
0
4664
0
0
0
1022
0
135
4723
880
0
0
0
0
0
0
0
4648
0
0
0
4544
0
4627
0
0
0
0
0
4735
0
0
0
4667
333
4605
0
0
0
0
0
0
4639
0
0
4657
0
4646
0
0
0
0
4674
0
4683
0
0
0
0
0
0
0
0
0
0
0
0
0
0
4611
0
0
0
0
0
0
0
0
0
0
0
0
0
0
4672
0
0
0
0
1331
0
0
4634
0
0
0
0
4611
0
0
0
0
313
0
0
0
4619
0
0
4674
0
4642
4668
0
0
0
0
0
0
4723
0
0
0
4609
4655
0
0
0
4541
0
0
0
0
0
0
0
0
0
4645
0
4659
0
0
0
4598
0
1752
0
430
0
0
0
0
0
0
0
4709
0
4681
4596
4660
4605
0
1332
0
0
0
0
0
0
0
0
0
0
0
0
0
0
1184
0
0
0
0
4693
4659
0
38
0
0
0
0
0
0
955
4560
4776
0
4628
0
0
0
0
0
0
0
0
4749
0
0
0
4612
0
1307
0
0
0
4640
0
0
0
0
0
0
0
0
0
999
0
0
0
0
1269
0
0
4501
0
0
0
0
897
0
0
0
889
0
0
0
0
0
0
0
0
0
4716
0
0
4604
1555
0
0
0
0
0
0
357
0
0
0
4619
0
0
0
0
0
0
0
0
0
0
1875
0
1185
0
1387
4731
0
0
4634
0
0
1089
0
0
0
0
0
4507
0
0
0
0
4582
0
175
0
0
0
0
4618
4701
0
4844
0
4574
0
4644
0
0
0
4624
4652
0
0
0
401
0
281
0
4541
0
1578
0
0
0
0
0
0
0
0
0
0
1066
0
0
0
333
0
0
0
0
0
0
0
0
0
4559
0
4523
0
1657
0
256
0
611
4533
0
0
0
0
0
0
4549
0
0
0
0
4668
0
0
1599
0
0
1468
1118
0
0
0
0
4723
0
0
0
0
0
0
0
0
0
552
4762
0
0
0
0
277
0
4503
0
0
0
4615
4562
4761
0
0
4661
0
0
4568
0
0
0
4617
447
0
0
0
3422
0
0
0
1609
0
4619
0
0
4580
0
4682
0
0
4739
1447
0
0
0
0
0
0
0
0
0
0
0
0
0
0
0
0
0
0
0
0
0
1625
0
0
0
0
4677
0
0
0
0
0
197
0
0
0
459
0
0
4624
0
0
0
0
4709
0
0
0
0
0
0
0
0
0
4707
0
0
0
0
0
0
0
378
0
4640
0
2008
1281
0
0
0
4643
0
0
0
0
0
1163
0
0
894
0
341
0
0
0
0
0
4656
0
0
0
410
0
0
0
0
223
0
0
0
0
0
0
0
0
0
1398
0
0
0
0
0
0
0
0
0
33
20
0
4727
0
0
0
0
0
4681
0
4737
0
0
0
0
0
0
0
0
0
1154
0
0
4573
0
0
0
0
4541
0
4598
3114
0
0
0
0
0
0
0
0
0
0
0
0
4524
4607
4637
0
0
0
0
0
4470
0
0
0
0
0
0
0
0
0
384
0
4653
4537
0
4690
1586
4679
4622
0
0
1076
4542
0
0
708
0
0
4639
1295
0
0
0
0
0
0
0
0
0
0
824
0
0
0
0
0
0
0
0
0
0
0
0
0
0
0
4498
4687
0
0
4596
236
0
195
4595
0
0
0
0
0
0
4694
0
0
0
4636
0
4714
0
4618
0
0
4616
1059
0
0
0
4630
653
0
0
0
0
0
4669
0
0
4633
0
0
0
0
0
0
0
0
4689
0
0
4732
0
4644
0
1322
0
0
0
867
997
0
0
0
0
0
4667
0
4734
0
0
0
0
0
0
0
0
1583
0
0
0
0
0
0
1413
0
0
0
0
0
0
0
0
0
0
0
4661
0
0
0
0
0
4597
0
0
0
0
0
0
4644
0
0
0
4556
0
0
0
0
4469
4640
0
0
0
0
0
0
0
0
0
0
0
0
0
0
0
0
4641
0
0
4654
0
0
0
0
0
0
0
980
4680
0
4697
0
0
0
0
0
0
0
4647
406
0
0
4675
4616
0
0
0
0
0
0
0
4617
0
0
0
0
0
0
0
0
14
0
0
0
0
4694
0
4628
1005
0
0
0
0
4542
4603
0
0
0
0
0
0
0
0
0
0
0
0
0
0
0
0
0
0
0
0
0
0
4605
0
0
0
4574
0
0
0
0
0
0
0
0
0
0
918
0
4597
0
0
0
0
4596
0
0
0
0
4724
0
0
1095
0
4577
4776
0
4653
0
4635
0
0
0
0
0
0
0
0
0
4588
4710
0
0
0
1004
0
4732
0
0
0
0
0
0
0
0
0
0
0
994
0
0
0
2
0
0
16
0
377
4604
0
0
0
670
4432
0
0
0
0
0
0
0
0
0
336
0
1319
4720
661
0
0
0
1399
4725
0
0
0
0
0
0
4666
4598
0
0
0
1424
0
0
0
4770
0
0
0
0
0
0
0
4636
0
0
1607
0
0
0
4611
0
0
0
0
0
0
0
0
0
1223
0
4733
0
0
0
1487
1516
0
4595
0
0
0
0
2770
4727
0
4612
4739
0
1637
0
0
0
0
0
0
3178
4570
3088
0
4555
4708
0
0
0
0
0
0
0
0
839
0
0
0
0
15
4696
0
0
0
0
0
0
311
0
0
4697
0
0
0
0
0
0
0
4664
63
0
0
0
0
0
0
0
0
4493
4208
0
663
0
0
0
0
905
4672
0
0
4556
915
0
4578
0
0
0
0
0
4692
235
0
293
934
0
0
0
0
0
132
0
1491
0
0
0
743
0
1418
0
0
0
0
0
0
0
201
0
0
4597
0
0
0
0
26
4624
4637
0
0
44
0
0
0
0
0
4614
0
0
0
0
0
69
1541
4567
0
0
0
4612
0
756
0
4684
0
0
0
0
4656
0
1062
0
0
0
4701
0
0
0
0
4244
0
0
4630
4554
0
0
0
0
0
0
4693
0
0
0
0
1751
0
0
1013
0
0
4551
0
0
0
0
0
0
4636
4689
1135
0
0
0
0
0
1424
0
0
0
0
4609
0
0
0
0
0
0
639
0
0
0
4610
0
0
0
0
0
1508
0
592
0
0
0
0
0
0
0
0
0
4610
0
0
0
1282
1123
4701
0
0
4718
0
0
4563
0
0
0
4626
0
0
0
0
0
0
4584
0
1642
0
0
0
0
0
0
0
0
0
0
1215
0
0
0
0
0
0
0
0
0
0
0
0
0
4649
0
0
1669
4553
0
0
0
0
1086
0
4787
0
0
0
4627
0
0
4747
1474
0
0
4569
0
4669
0
0
0
0
1673
0
0
0
0
4671
4594
0
0
0
0
0
0
0
4532
0
4691
0
490
0
0
4148
0
0
0
0
0
0
0
0
0
0
0
0
0
0
4573
0
4624
248
0
4661
0
0
0
0
0
0
1322
4568
0
0
0
0
0
0
487
0
0
0
812
4488
670
0
0
0
0
1177
0
0
0
0
0
0
0
0
0
4673
0
0
0
0
0
0
0
4662
0
4636
0
1458
0
0
0
0
4686
0
4666
0
0
0
0
4727
0
0
0
0
0
0
0
0
0
0
0
1139
0
4605
0
0
0
0
0
0
0
0
0
4727
0
0
0
0
0
0
4714
0
0
4555
4646
945
0
0
0
0
0
1648
0
0
0
4599
0
4506
0
0
0
0
4516
0
0
4542
0
4549
0
0
0
0
0
0
0
0
0
0
0
0
0
0
0
287
0
1418
4663
0
1074
0
0
0
0
0
0
0
4685
0
0
4511
0
0
0
0
0
0
0
0
0
0
4665
0
4650
0
0
0
0
0
4609
4797
0
0
4608
0
0
0
4506
0
0
0
0
4667
0
0
768
0
0
4540
0
0
0
0
0
0
0
0
0
0
0
0
0
646
656
0
0
4711
295
0
0
4560
4675
0
0
0
0
0
4622
4709
0
245
0
0
0
0
0
0
0
0
0
0
0
0
0
0
0
0
0
4710
0
0
0
0
0
4592
4582
0
0
0
0
0
4573
0
0
0
4650
0
560
0
4571
4148
0
0
0
0
0
0
3253
0
4645
4598
0
0
4749
788
0
582
0
0
4604
0
0
0
0
4556
0
0
0
4647
0
4589
0
0
0
0
0
0
0
0
0
4638
4740
0
0
0
4649
0
0
631
0
0
0
1029
0
0
1280
0
0
150
0
0
4688
0
0
0
0
0
0
0
0
0
0
0
0
0
0
946
0
0
4636
0
0
0
0
0
0
0
0
518
0
289
0
0
0
0
0
4644
765
0
0
0
0
0
0
0
0
0
0
0
0
0
0
0
0
0
0
0
4477
0
0
0
1395
0
212
0
0
4768
0
0
4673
0
4560
0
0
4818
0
4600
4578
0
0
0
961
0
0
0
0
0
0
0
0
0
0
0
1738
0
4628
0
0
0
299
0
0
0
0
699
0
4663
0
0
4669
0
0
0
0
0
0
2824
0
0
0
0
4644
0
0
0
0
1484
0
0
567
0
21
0
0
0
0
0
0
4552
0
4648
0
0
0
0
4652
0
0
0
396
0
0
2634
4694
0
4607
3125
0
0
0
0
0
0
851
0
0
0
0
0
4576
0
0
0
0
0
0
0
418
0
0
0
0
0
0
0
0
4568
0
0
0
4600
0
0
0
0
1513
0
4598
4680
0
0
0
0
0
0
0
0
0
0
4669
0
0
0
0
0
0
0
0
0
0
0
0
0
0
4501
4628
0
226
0
0
0
450
0
4707
0
4657
0
0
0
0
0
0
0
0
1431
0
0
0
0
0
0
0
980
0
0
0
0
0
1549
1566
0
0
0
4666
0
0
0
360
0
780
0
4590
0
541
0
0
1219
4660
0
4652
0
0
0
4732
0
0
4578
0
0
0
0
0
0
0
0
4654
0
0
4680
0
0
0
4629
0
4491
0
0
0
0
0
0
0
0
0
0
0
0
0
222
0
0
0
0
0
0
0
0
0
0
0
0
0
0
0
0
0
0
1073
3084
0
4688
0
0
4610
0
4700
0
0
0
0
0
0
0
4655
4500
0
0
0
4611
0
0
0
4657
4566
0
0
0
0
0
4575
0
0
0
284
0
4695
0
0
4635
0
0
0
0
0
0
0
0
0
0
0
0
0
0
0
4671
4566
4189
0
0
0
0
998
0
0
0
0
0
0
0
0
0
0
0
0
1159
0
0
0
1291
0
4613
0
4583
0
4667
0
0
220
0
0
0
0
0
0
1093
0
0
0
0
4530
0
1387
4546
0
0
0
0
0
4602
4699
0
1406
4606
0
0
4541
0
0
0
1231
4662
0
0
0
0
0
0
0
0
0
0
0
0
0
0
4685
0
0
0
0
0
0
0
4669
0
4778
0
0
595
0
0
0
0
0
0
474
4740
0
4684
523
4697
4667
0
0
0
0
139
0
0
0
0
0
0
0
0
762
0
1196
0
493
0
0
0
4694
0
0
0
0
0
0
4613
0
1150
0
0
0
0
4669
0
0
0
0
0
0
0
0
0
4743
0
0
0
0
4512
4583
0
0
0
0
0
0
0
0
0
0
0
0
0
4554
0
4668
0
0
0
0
0
0
0
0
4619
0
0
0
0
0
0
0
0
0
0
4706
0
0
0
0
0
0
4633
0
4579
0
0
0
0
0
0
0
4557
0
0
1496
0
0
0
4580
0
0
0
4530
0
4805
0
0
0
4589
0
0
0
0
0
0
0
4603
0
0
0
0
0
0
1436
1410
247
0
0
0
0
1535
0
0
0
4592
0
1267
0
0
0
0
1483
0
525
4654
0
4539
0
0
0
0
0
0
4753
0
0
4546
4633
0
0
0
0
0
0
4666
0
0
0
0
0
4597
0
0
0
0
0
0
0
0
4605
4705
0
1596
4634
47
4630
0
0
0
0
4601
0
0
0
0
0
4709
0
0
0
0
315
0
0
0
0
0
4724
4655
0
0
0
0
0
0
4618
0
0
0
0
0
0
0
0
0
0
0
0
0
0
4545
0
0
0
0
4651
0
0
0
0
0
2929
4508
0
0
0
0
0
0
0
0
0
0
0
0
462
0
0
0
0
4610
0
4664
4539
0
0
0
0
0
0
803
0
0
0
0
0
0
0
0
0
0
4744
4734
0
4603
0
0
4636
4695
0
0
0
0
0
0
1020
0
0
4588
0
0
0
0
977
0
0
0
0
4636
0
126
0
4614
0
0
0
0
4763
998
0
1582
0
0
0
0
0
0
0
0
0
4675
1394
0
0
0
0
0
0
0
0
0
0
0
0
0
92
0
0
4614
0
0
0
0
0
0
0
0
4693
0
0
4618
0
0
0
0
4579
0
0
0
4710
445
0
399
0
0
0
0
0
1784
0
0
0
0
0
4537
0
0
0
0
317
0
0
4610
0
0
0
4666
1329
4774
0
0
0
4591
0
0
0
199
4632
4582
0
771
91
4157
0
0
0
0
4660
0
0
693
247
0
0
0
0
0
0
0
1385
0
128
93
0
4682
770
0
0
0
0
0
0
845
0
0
0
0
1406
0
0
0
0
0
0
4698
0
0
0
0
4617
1212
1780
0
0
4623
0
0
0
0
0
0
0
0
0
0
0
0
0
0
0
0
0
0
0
833
0
0
0
0
0
0
0
0
0
0
0
0
0
0
0
0
0
0
0
4768
4685
0
0
0
4678
4579
727
0
0
0
0
0
0
0
0
0
1876
0
4621
0
1698
425
0
0
4711
0
0
231
0
0
0
0
4580
0
0
0
0
0
0
0
0
0
0
4694
0
0
0
0
0
4608
0
0
4564
4570
0
0
4549
0
4570
4514
4722
0
0
4666
0
4504
0
0
4544
0
0
4622
0
0
0
0
0
0
0
0
0
0
0
4620
4676
1016
0
0
0
0
4563
0
0
0
4660
0
0
4790
0
0
0
642
0
4634
0
4589
0
1683
0
4698
0
0
0
0
4547
0
4671
4710
0
0
0
0
4586
0
0
4821
0
4043
0
0
0
207
0
0
0
0
0
0
0
0
4632
0
0
0
0
0
0
0
0
0
0
0
0
0
0
0
0
4607
1490
0
4605
0
0
0
0
0
0
0
0
0
0
4550
0
0
0
0
0
0
0
4485
0
0
0
4478
0
0
0
0
0
4778
0
4609
0
0
4705
4630
0
4511
0
0
0
0
0
0
0
0
504
0
0
0
0
0
0
0
0
0
0
0
4691
0
4641
804
1486
0
0
0
0
0
322
0
0
0
0
0
0
0
0
0
0
0
0
0
0
0
0
4651
0
4660
1176
0
1499
1825
4678
4761
0
0
151
0
0
0
4695
0
0
321
0
4687
0
4576
0
0
0
0
1503
469
436
0
0
0
0
0
0
0
322
0
497
4632
4538
0
0
0
0
1535
0
0
0
0
0
0
0
0
0
0
0
0
0
4720
0
0
0
0
0
0
1339
0
0
4622
0
0
0
0
0
4761
0
0
0
0
0
0
0
4101
0
0
0
4745
4620
4454
0
0
3247
0
1456
0
0
4692
4614
607
0
0
0
0
4136
4761
4591
0
0
0
0
0
1509
0
471
4615
0
0
0
0
4669
398
0
0
0
0
0
828
0
0
0
0
4679
0
0
0
0
0
2458
4669
0
4593
0
0
0
586
0
0
4708
0
4531
0
0
0
0
0
4691
4638
0
0
4698
0
0
0
0
0
0
0
0
4480
0
0
0
0
0
0
0
0
0
0
0
4618
4649
0
0
0
4626
4645
4624
0
0
0
0
0
49
161
0
0
0
0
0
0
0
0
0
0
4658
0
0
0
4659
0
0
0
4679
0
0
4684
0
0
0
0
4655
4806
0
0
4705
0
0
4836
0
0
1700
0
0
4560
0
0
0
4708
0
0
0
45
0
0
1160
4236
0
0
0
0
0
0
0
4571
0
0
0
4631
0
0
0
0
0
0
0
0
0
1787
4651
4704
0
0
0
0
0
0
0
0
4685
0
0
0
0
0
0
0
0
0
0
0
0
0
0
0
0
0
0
0
0
4661
0
0
0
1559
990
1347
0
4647
170
0
0
4585
0
0
4553
0
0
0
0
4735
0
0
1431
0
4529
0
0
0
0
4484
0
0
0
0
0
0
0
0
1534
4652
0
0
0
0
4692
885
0
4546
0
4610
0
0
0
0
1291
4653
0
451
0
0
0
0
0
0
0
4614
0
0
0
0
0
0
0
0
0
0
4594
0
0
0
0
0
0
0
0
0
0
1239
0
0
0
0
0
0
0
0
0
0
0
0
0
0
1575
0
0
0
0
0
1372
212
4522
0
0
4834
0
0
0
0
4607
4628
4775
0
0
0
0
0
4624
0
1731
4644
0
188
0
0
0
0
0
0
0
0
348
0
0
0
0
0
1042
0
0
0
0
0
1308
4518
0
94
0
0
0
0
0
0
0
0
4581
4682
0
0
613
0
0
0
0
0
0
0
0
0
0
0
0
0
61
0
0
0
0
4594
0
4678
0
0
0
0
0
0
4744
0
0
0
0
2982
0
4645
4603
0
0
895
1624
0
663
0
1588
0
0
4692
0
0
0
1596
0
0
0
0
0
4635
0
4513
0
0
4580
0
4623
0
104
0
1217
0
0
0
564
0
0
0
0
0
0
0
0
0
0
0
571
4611
0
0
0
0
0
0
0
0
0
0
0
0
0
877
4554
0
906
0
0
0
0
0
0
0
0
0
0
0
0
0
0
0
0
0
0
0
4654
1535
0
0
4761
0
0
0
1168
4583
278
0
0
0
0
0
0
0
4617
0
0
0
0
4669
0
0
0
132
0
4565
0
4667
0
0
0
0
0
0
1433
0
0
0
192
0
0
0
0
4647
0
0
0
0
0
0
0
0
0
0
0
1553
0
0
0
4605
0
0
0
0
1471
0
0
698
0
0
0
4650
0
0
0
0
0
237
0
1648
0
0
0
4541
0
217
0
0
0
0
0
0
0
0
0
4632
0
0
0
0
0
0
0
0
1480
4556
0
0
4554
0
0
0
1616
4573
0
0
4704
0
0
0
4620
0
0
0
0
0
0
0
0
0
0
0
0
4591
0
0
0
0
149
0
479
0
4608
0
0
0
0
0
4746
0
0
4697
4655
0
0
0
0
0
0
1781
0
267
0
0
0
0
0
0
1619
4622
4495
0
0
0
1106
0
0
2823
0
0
0
4617
0
0
4670
0
730
0
0
0
0
0
0
0
0
0
0
204
0
0
0
0
0
0
0
0
0
0
0
0
0
0
0
0
209
0
1884
0
4643
4283
0
0
0
0
0
0
0
39
0
652
4669
0
0
0
0
0
0
0
0
4582
0
365
0
0
0
0
0
0
0
0
0
0
0
0
0
4606
0
0
0
0
4520
0
0
0
4563
0
0
0
0
0
0
0
4625
0
1402
0
0
0
4683
0
0
0
0
0
4537
0
0
0
107
0
0
0
0
4623
0
0
0
0
0
548
1624
0
0
0
4562
0
0
0
0
1225
0
0
0
0
0
0
0
0
0
0
1690
0
0
0
0
0
0
0
0
0
0
0
2040
0
0
0
0
0
0
0
0
850
0
0
0
0
0
0
430
0
0
1426
0
0
1518
1228
4587
0
4611
0
1553
0
0
107
1553
0
0
0
1092
0
0
0
0
0
0
0
0
0
1103
4750
1638
0
0
0
0
0
0
0
0
0
0
712
0
1149
245
0
0
0
0
4698
0
4518
777
0
0
1435
0
645
0
4676
0
0
0
0
0
0
0
4610
0
0
0
0
4684
0
0
4647
0
4634
4666
0
2434
0
0
0
0
0
0
4628
0
0
0
0
0
938
0
0
0
4660
0
697
0
4513
4665
0
0
0
0
209
0
4618
0
773
0
0
4088
0
0
0
0
1843
1093
0
0
0
0
0
1569
0
0
0
0
4563
0
0
2835
0
4528
0
0
0
0
0
0
0
0
0
0
4618
2134
0
0
0
0
0
0
0
0
0
1630
0
0
0
4703
4541
0
4662
6
1203
80
0
89
0
0
0
4677
0
4778
4563
0
4610
0
0
0
0
4602
0
0
0
4648
0
0
4634
0
0
0
0
0
0
4593
0
0
4593
0
0
293
0
0
782
4763
0
0
0
4599
0
0
0
4747
0
803
0
0
0
4591
0
0
0
4651
0
0
4661
0
0
1485
0
4711
0
0
0
4699
0
4721
0
0
0
0
4640
0
0
0
0
0
4657
256
0
4675
0
4733
0
0
4609
0
4663
0
0
212
0
0
0
0
0
0
0
0
0
0
0
0
0
0
0
0
0
0
4667
0
0
4591
0
0
76
0
0
0
0
0
0
0
4588
0
990
0
0
0
0
0
1429
0
0
0
0
4646
0
0
0
0
0
0
0
0
0
0
0
0
0
4644
0
0
0
0
0
0
1315
0
4672
4635
0
4650
0
0
0
0
2020
0
0
0
0
0
0
0
0
0
1207
0
4586
0
4772
0
0
0
0
0
0
0
0
4696
0
0
4566
0
214
0
0
0
904
0
0
0
0
0
4712
0
0
0
0
1384
0
0
0
31
0
0
0
0
0
0
0
974
0
264
0
0
0
0
0
0
0
0
4726
4654
0
0
4593
0
0
4599
0
0
0
0
0
0
0
0
4726
0
0
4161
4672
0
0
0
0
0
4681
0
0
0
0
0
0
64
0
0
0
0
0
0
0
0
0
0
4698
0
0
0
0
4581
0
542
0
0
0
4578
0
0
4711
0
799
0
0
0
0
0
258
0
67
0
0
0
0
0
4516
4705
0
0
0
4641
0
0
0
4631
0
0
1591
0
386
0
0
716
0
0
0
0
0
0
4592
4693
101
0
0
0
0
0
0
1377
4613
0
0
0
4611
0
0
0
0
0
4711
1038
0
0
0
0
0
4665
0
0
0
0
4638
0
0
0
0
0
0
0
4705
4676
4645
4690
0
0
0
0
4626
0
0
0
0
0
0
159
0
0
4668
0
0
0
0
0
0
0
4623
0
4659
0
396
0
4715
4613
0
0
0
0
4616
0
0
0
0
0
0
4698
0
0
0
0
4661
0
0
0
0
0
4660
0
0
0
1069
0
773
0
4630
0
0
0
0
0
0
0
4639
0
0
0
0
0
0
0
0
4619
0
0
0
4568
0
0
0
0
0
4531
4726
0
0
0
0
0
0
4748
444
0
0
0
0
0
0
1678
0
1629
0
0
0
0
0
0
0
0
0
0
0
0
0
0
0
0
4650
0
0
0
0
0
1595
0
0
0
4649
0
0
4517
4672
0
0
0
4557
0
68
4622
0
0
0
0
1057
4563
0
334
0
0
1147
0
0
0
0
4025
0
0
0
0
1590
237
0
0
4586
4617
0
0
4708
0
0
294
0
0
0
4573
0
4515
0
0
0
0
0
0
0
0
0
4740
0
0
0
0
0
0
7
0
0
0
0
4652
0
0
4651
0
0
0
0
0
0
0
0
0
0
0
0
0
4638
0
4605
0
253
0
0
0
1077
0
0
1674
4507
4585
0
4625
0
4572
0
4720
0
0
0
0
4757
0
4581
0
0
0
0
0
0
151
0
0
0
0
0
0
0
0
4667
0
0
0
1639
0
0
4672
0
0
0
0
0
0
1396
0
4537
88
4625
0
4735
0
0
0
0
0
4551
0
0
0
732
0
0
0
0
0
0
0
0
1546
4596
632
0
0
0
0
4557
0
0
0
0
0
0
0
0
0
0
4485
1746
0
0
0
0
4645
0
4267
0
0
0
0
0
0
4693
0
0
0
0
0
0
4666
4574
0
0
0
300
4730
0
0
0
0
0
0
399
0
4671
4640
0
0
0
0
0
0
4598
0
0
1622
4575
0
4668
4754
4686
0
0
1330
392
0
0
1320
4673
0
0
0
4534
710
0
0
0
70
0
1571
4590
0
0
0
0
0
4644
0
0
4518
4656
0
0
4582
0
4682
0
4646
0
4721
0
0
1552
1320
0
0
0
0
0
0
0
0
0
0
1009
4688
0
0
0
0
0
0
0
0
0
0
0
0
0
0
4656
0
4609
4646
0
194
0
0
4625
4664
0
0
0
4619
1341
0
0
0
0
0
0
4
1228
0
0
0
0
0
0
4605
0
0
0
0
4697
4795
0
0
0
0
1463
334
0
0
0
0
0
0
656
0
0
0
0
0
0
0
0
0
0
0
0
4621
1722
3274
0
0
0
0
0
0
4677
0
4520
2896
0
0
0
0
0
0
1558
0
0
1505
0
0
4656
0
0
4680
0
0
0
0
0
0
0
0
0
0
0
4670
0
0
4564
0
0
4579
0
0
0
0
4629
534
0
0
4670
0
4836
4561
1681
0
0
0
1365
0
0
4574
0
233
0
221
0
0
0
0
1097
0
0
205
0
0
0
0
0
0
0
0
0
4557
180
0
0
0
4690
0
0
0
0
4678
179
0
0
0
4611
0
0
0
0
0
0
0
0
0
0
4544
0
1810
0
0
4724
0
1291
0
4765
245
4680
0
0
0
0
0
0
0
0
4623
0
4643
0
0
0
4682
0
1546
0
0
0
0
0
0
4635
0
4554
0
52
4524
0
0
0
0
0
4639
0
0
0
4779
0
0
4648
0
0
0
0
4707
914
0
0
0
0
0
0
0
0
0
0
0
4646
0
0
668
4680
0
0
0
4591
0
0
807
0
0
0
0
1438
0
0
0
0
0
0
0
0
0
0
0
1089
4660
0
0
0
0
0
0
0
0
0
0
7
0
0
4663
0
0
0
0
0
0
0
0
0
4512
4528
0
0
0
0
4536
0
4692
963
0
0
0
0
2556
4627
0
0
0
0
0
0
0
0
0
0
0
0
0
4599
0
0
0
0
0
0
4587
0
0
0
1626
0
0
0
4657
0
0
0
4035
132
1353
0
0
0
0
0
0
0
0
0
0
0
0
0
0
0
2928
0
4763
0
0
0
0
0
0
0
0
0
0
7
0
0
0
4621
4665
0
0
0
933
0
0
4596
0
0
0
4640
0
0
0
0
0
0
4581
0
0
0
683
4584
0
0
0
1741
0
0
0
0
0
0
0
0
0
0
0
1510
4719
0
4633
0
701
4745
0
0
900
0
0
0
0
0
0
0
0
0
0
0
0
0
0
0
0
0
4588
4653
0
0
0
0
0
966
356
0
0
0
0
0
4692
0
0
0
0
157
221
4628
0
0
0
4700
0
4620
0
0
0
4723
0
0
0
4485
0
4661
0
0
0
0
0
0
39
0
4652
1392
0
4596
0
0
0
0
0
0
0
0
0
0
0
4617
0
0
0
0
0
4632
581
0
0
0
0
0
0
0
0
4662
352
0
1350
0
0
4696
0
0
0
4685
0
0
0
1321
0
4558
806
0
4618
4715
170
0
0
0
1633
0
0
0
0
0
75
0
0
4663
4709
0
0
4642
0
0
0
0
0
3215
0
4685
0
1562
357
0
4735
0
0
0
0
0
0
0
0
0
0
0
0
0
0
0
0
0
0
0
0
4229
2047
0
0
0
4637
0
0
4628
0
4653
0
4642
0
0
0
0
887
4622
0
228
0
0
0
0
0
776
0
1997
1260
708
0
0
0
4633
4642
0
0
0
0
0
0
3491
0
0
4718
0
0
0
0
0
0
1676
0
0
0
0
0
0
4611
566
1273
0
0
0
0
0
4679
0
0
0
4581
0
0
0
354
0
0
0
0
4664
0
0
0
0
0
0
0
0
307
4564
0
0
0
0
4618
0
0
0
0
0
0
0
1574
0
0
0
0
2108
0
0
277
0
0
0
0
0
0
0
0
4558
0
0
0
4621
0
0
0
4709
1469
0
0
813
0
0
4661
0
0
0
0
0
4617
0
4702
0
0
1682
0
0
0
1467
0
0
1314
0
0
0
0
1446
0
0
4108
4539
4755
0
0
4564
0
0
0
0
0
4728
0
0
0
0
4671
0
0
973
4718
0
0
0
4712
0
0
0
0
242
0
0
0
0
4671
4671
0
0
0
0
0
0
0
4706
0
0
395
0
1572
0
0
0
0
0
4735
0
0
0
0
0
4655
0
0
4687
0
0
0
4697
0
0
4711
0
0
0
0
0
0
0
0
0
1568
0
4654
4692
4745
0
0
0
0
1166
3170
0
0
1434
0
0
0
4703
4610
0
0
0
0
0
0
0
4763
0
4540
0
0
477
0
0
4659
0
0
0
0
0
0
0
0
1204
1108
0
0
4687
338
0
1088
0
0
4721
4610
4461
0
0
0
0
4553
0
0
0
0
0
0
4698
4615
1101
4648
0
0
0
2379
0
0
0
0
0
1350
0
0
0
0
0
0
486
0
1568
0
251
0
0
0
0
0
0
0
0
4010
4694
4662
0
0
0
0
4650
0
0
0
0
0
0
0
382
4597
0
0
0
0
0
0
4576
0
1242
0
0
0
0
0
0
0
0
0
0
0
0
0
0
0
1469
0
916
0
0
0
0
0
0
0
0
0
0
0
0
0
4679
0
0
0
0
0
0
4718
0
0
4730
4666
4619
0
0
0
0
0
0
0
0
0
0
0
0
0
4674
0
0
0
4612
461
0
0
4561
0
0
0
162
0
0
0
1227
0
4525
0
34
1646
0
0
0
0
0
0
0
4721
0
0
0
0
0
0
0
0
0
0
0
0
0
0
0
0
0
0
0
0
0
0
0
0
0
0
0
0
1518
0
0
4579
0
0
0
0
4547
0
0
0
0
1299
0
0
0
4715
0
0
0
0
0
4733
0
0
0
0
0
4646
0
0
4732
4646
0
0
0
0
0
142
0
0
0
4626
0
0
0
4687
4635
798
0
0
0
0
0
0
0
0
4587
4619
0
0
0
193
0
0
0
0
4627
0
1779
308
4609
4583
0
4619
236
0
0
0
1288
0
0
0
0
0
0
0
0
0
0
0
0
0
0
0
923
0
0
0
1564
0
0
4659
0
0
0
0
0
0
2037
0
4586
4714
0
0
0
0
0
0
0
0
151
0
4694
4483
1498
0
0
0
0
0
0
0
0
0
0
0
83
4562
4524
0
0
0
0
667
0
0
0
4626
0
0
0
0
0
0
0
0
0
0
0
4604
0
0
0
0
0
0
0
4694
0
0
0
0
0
0
0
0
4552
0
0
0
0
0
0
0
4671
0
0
0
222
0
0
0
4701
0
0
140
0
0
0
0
4605
4
0
0
0
0
4588
0
1216
4537
0
0
0
0
0
0
0
4662
0
0
0
0
4537
0
0
4657
0
0
0
0
0
0
4694
0
0
0
0
574
0
0
0
0
144
0
0
583
222
4641
0
1084
0
1245
0
0
0
4583
0
0
0
0
0
0
0
0
0
0
0
0
0
0
0
0
3748
0
0
0
1514
0
4641
0
0
0
4709
184
0
0
0
0
0
33
0
0
0
0
4621
0
0
1465
0
0
0
0
0
0
0
0
0
4553
0
0
0
390
0
0
0
4631
0
4742
424
0
0
0
0
0
0
0
0
0
0
1448
0
0
0
4561
0
0
4598
706
389
0
0
552
1074
0
0
0
0
0
0
0
4710
0
0
1662
0
0
0
0
0
0
0
0
0
0
0
0
0
0
0
0
0
0
4646
0
817
0
0
0
4735
4522
0
0
4750
0
0
0
0
0
0
4604
4652
0
0
0
0
4662
0
0
0
0
0
0
4534
0
0
0
0
1529
0
0
0
1052
761
0
0
0
0
4486
4698
0
0
0
0
0
0
0
0
0
0
0
0
4721
0
0
0
0
0
0
0
0
4607
0
0
0
4661
0
0
0
4670
0
0
0
0
0
0
841
4631
0
0
0
0
0
0
0
0
0
607
0
0
0
0
0
0
4616
0
0
0
0
0
0
0
0
736
0
0
1280
4578
4683
0
0
0
4661
0
0
0
736
0
0
1728
0
4672
0
0
0
0
0
0
0
0
0
0
0
0
4523
0
0
0
0
0
0
0
0
0
4608
4694
0
0
0
0
0
1277
374
0
4787
0
0
4556
4647
0
4569
4699
0
0
4604
0
0
1669
0
0
1374
0
0
0
0
0
1185
4191
0
242
0
0
0
0
0
0
0
0
0
0
0
0
0
0
0
1942
0
0
0
4452
0
0
0
0
0
0
0
4635
0
4726
0
0
4563
0
1622
1568
0
0
0
0
0
4783
4526
0
0
1503
0
0
478
0
1339
4629
0
0
0
4615
4573
0
0
0
0
0
0
0
0
0
4603
1188
0
0
0
0
0
0
0
0
0
0
138
0
0
0
0
0
4619
0
0
0
0
0
4185
0
139
1738
0
0
770
4707
4695
1580
4754
0
0
0
4701
0
4636
0
0
0
0
4566
4544
0
0
0
0
0
0
0
0
0
0
0
0
0
0
799
0
575
0
0
0
4640
0
0
0
0
0
0
4578
0
8
0
0
0
0
4583
0
0
0
0
0
4690
0
0
0
0
0
0
233
0
4696
0
4530
0
0
0
0
0
100
0
0
4659
4662
0
841
0
0
0
4618
0
4217
0
0
4561
4593
0
4658
0
0
0
4752
0
0
0
0
0
0
0
0
0
0
506
327
0
0
0
4629
0
0
0
0
0
0
0
0
0
4789
4635
0
0
4442
0
0
0
1071
0
0
0
0
0
0
403
0
0
0
0
0
247
1739
0
0
1193
0
0
0
0
0
0
0
0
4606
0
0
0
0
0
0
0
0
0
0
119
0
0
0
0
0
0
0
0
167
0
0
0
0
4732
0
4714
422
0
0
0
0
0
4631
0
0
0
4683
395
0
234
0
0
0
0
0
0
98
0
0
0
0
0
0
0
0
0
0
0
4664
0
0
4647
0
0
272
1444
0
0
0
0
0
0
4536
0
0
0
0
0
0
0
0
0
0
4629
865
0
0
0
4655
0
0
0
0
0
0
0
0
609
0
0
0
4631
4561
0
0
0
0
0
0
1535
0
0
0
1457
0
0
0
1551
0
1196
0
4644
0
0
0
0
4536
4639
4603
0
676
0
0
0
0
4553
1569
0
0
0
0
0
0
0
0
0
0
0
0
0
4657
0
455
0
0
0
675
0
0
63
0
0
4647
0
0
0
0
4736
0
0
0
0
0
3437
0
4667
101
0
0
0
0
0
0
4731
0
0
0
0
0
4770
0
0
0
0
4688
0
0
0
4104
0
0
0
4657
0
0
4620
0
0
0
0
0
0
0
0
0
0
0
0
0
0
0
4628
0
3349
4502
0
0
0
0
0
0
4654
0
0
0
161
0
0
0
4663
0
0
4631
0
0
0
0
4757
0
0
0
0
0
0
0
0
0
0
0
0
0
0
0
0
0
0
0
0
0
0
0
4641
0
0
0
0
0
0
0
0
0
408
0
0
0
0
0
0
0
0
4680
0
4648
0
0
0
0
0
4581
0
0
0
4516
0
4574
0
4726
0
0
0
0
0
0
0
0
0
4463
0
0
0
4680
0
0
0
0
0
0
0
0
0
145
0
0
0
0
0
546
0
0
0
0
0
0
0
0
1795
0
0
0
0
0
0
0
0
0
4670
0
0
303
0
0
0
0
0
0
4551
0
0
4176
0
0
0
0
4726
0
0
0
0
0
0
0
0
0
0
0
0
3005
0
0
4624
0
0
0
178
0
0
0
0
4698
0
0
0
208
0
0
0
0
0
0
0
0
430
0
0
0
4762
0
4564
0
0
0
0
0
4614
0
4548
0
0
0
4583
0
4617
0
0
0
0
0
0
0
0
0
1467
0
0
0
4571
4582
0
0
0
0
0
4657
4701
0
1645
0
82
0
0
0
0
0
0
0
0
0
4561
4562
1431
0
0
4657
0
0
0
4599
0
0
0
0
0
0
0
0
0
912
0
0
0
0
0
0
0
0
0
0
0
0
4661
4503
0
0
0
4682
4515
1407
0
0
0
0
0
0
1093
4711
0
0
0
0
0
0
0
0
369
0
1330
0
699
0
0
164
0
4638
0
0
0
0
1470
4696
0
4623
0
0
0
0
0
0
0
0
0
0
1241
0
4677
4188
0
0
4644
0
0
0
0
476
0
4636
4532
0
0
0
0
423
0
0
0
0
0
0
0
0
0
0
0
0
0
0
0
0
0
0
0
0
4680
0
69
0
296
4666
0
0
0
0
0
4593
0
0
0
0
0
0
0
0
0
0
0
4636
0
541
0
0
0
0
0
0
0
0
0
0
774
0
0
0
0
4620
1198
0
0
0
0
4727
0
0
0
0
4716
0
0
0
0
0
4629
0
0
0
0
0
4696
0
0
0
0
0
0
0
0
446
0
4654
0
0
0
0
0
0
0
0
0
0
0
0
0
543
239
4617
0
0
0
0
0
0
1685
0
1206
0
0
4642
0
0
0
0
0
0
0
0
0
0
0
4568
0
0
0
0
520
0
0
0
0
1330
0
0
0
0
0
0
0
0
0
0
4729
0
0
0
0
0
0
0
1761
0
0
0
0
0
0
0
0
0
0
0
0
0
0
0
0
0
0
318
4661
0
0
0
0
0
0
0
0
492
1400
4605
0
0
4641
0
1155
0
0
0
1591
4623
0
0
4704
0
0
0
547
0
0
0
0
0
4645
0
143
0
0
0
0
0
0
321
0
4671
796
4620
0
0
0
0
674
1405
0
0
0
0
0
4728
0
0
0
608
0
0
4517
0
0
0
0
0
0
0
73
0
0
0
0
0
0
0
0
0
0
0
0
0
0
83
0
0
0
0
0
0
0
0
4636
0
0
983
0
0
0
4650
0
0
0
0
4526
0
0
0
190
1692
0
4588
0
0
0
1491
0
0
0
4636
0
0
4604
0
0
4638
0
0
0
0
0
0
0
0
0
0
0
4650
4686
0
0
0
0
0
4590
0
0
4593
0
1652
0
0
4586
4634
0
4636
0
0
0
0
0
1289
0
922
4650
0
4661
655
4675
1602
0
0
0
4647
0
926
0
0
1982
0
50
4541
0
0
0
0
724
0
4103
0
0
0
0
0
0
0
4678
0
0
0
0
0
0
0
0
0
0
4716
586
196
0
0
4581
0
0
0
0
0
0
0
0
4628
0
0
0
0
0
0
0
0
0
0
0
0
0
0
0
0
0
0
4626
0
4615
0
0
0
0
4549
0
813
0
24
0
246
0
0
4598
0
0
4616
0
0
0
0
0
0
0
0
0
0
0
0
0
0
0
4558
0
0
0
0
0
0
0
0
136
0
4551
0
0
0
0
0
4714
0
4758
4477
0
0
0
4092
0
0
4543
4584
0
0
1139
0
0
1405
0
0
2062
0
0
4583
0
0
0
0
0
0
200
0
0
2284
0
344
0
0
0
1272
1492
4842
0
0
0
0
1645
0
0
0
0
0
4545
1573
0
0
4665
620
0
0
0
0
0
681
0
0
0
0
0
560
0
0
4755
0
0
0
0
0
0
0
4477
0
4679
4660
0
0
0
0
0
0
0
0
0
0
0
0
0
0
0
0
0
0
0
0
0
0
4722
0
0
0
0
0
0
0
0
0
0
1275
4657
0
4681
0
0
0
4673
0
0
0
0
0
4490
251
0
924
0
0
0
0
4712
4498
0
4561
0
0
4560
0
0
0
0
4662
0
0
0
0
4618
1407
0
0
0
518
4712
0
0
0
0
4723
0
0
0
0
0
164
0
0
0
4549
132
4635
0
0
0
0
0
0
0
0
4520
0
0
0
579
0
0
0
0
0
0
0
0
4519
0
656
1878
0
553
4649
0
0
4641
0
0
0
0
4696
672
1550
0
0
4637
4736
4675
0
0
0
671
0
0
0
1116
1046
0
0
0
0
0
0
0
1227
0
0
0
0
0
4646
0
0
4198
0
0
0
439
0
0
0
4667
4701
0
4575
0
1589
0
4640
0
0
0
0
0
43
0
4673
1274
0
0
0
1352
0
0
0
0
4630
0
0
0
0
0
4784
0
0
0
0
0
4566
0
4661
0
0
941
97
0
0
0
0
0
0
0
0
0
0
0
4562
0
0
4518
1251
4553
4668
0
0
4482
0
0
4794
0
0
0
84
0
0
0
0
0
0
0
0
4665
0
0
0
0
0
0
0
0
0
1599
0
0
0
0
0
4596
0
0
0
167
0
4592
1270
0
135
0
0
0
0
1396
0
0
0
0
0
0
0
0
0
0
0
0
0
4671
4641
0
0
0
728
0
0
0
0
0
4636
0
0
0
4650
0
691
0
4668
472
0
0
0
371
1224
0
0
4692
1644
0
0
0
0
1105
0
4699
0
0
0
0
0
4597
1544
4690
0
0
4653
0
0
4726
0
0
0
0
1275
4609
432
0
0
0
0
0
0
4687
0
0
1387
4679
0
4159
0
0
0
0
4713
4756
0
0
0
0
0
0
0
4647
0
0
0
0
0
0
0
0
781
0
0
0
0
0
0
0
0
0
0
2950
0
0
0
0
0
948
0
1486
0
0
0
0
0
0
0
0
0
0
1301
0
0
0
0
0
0
0
0
0
4694
0
0
0
760
0
4674
970
0
0
1065
0
0
4616
0
0
4722
0
4674
0
0
0
0
0
0
0
0
1435
0
0
515
4637
0
0
0
0
0
0
134
0
0
665
0
0
0
0
0
0
0
0
0
4640
107
0
651
0
0
0
0
4554
0
0
0
0
0
0
1436
105
4721
0
897
0
0
0
0
0
0
0
0
0
4615
0
0
0
0
0
0
0
0
0
0
0
0
0
0
0
0
0
1341
0
2971
0
0
0
0
0
0
0
0
0
0
0
0
0
0
0
0
0
0
0
0
0
4667
0
0
0
0
4503
22
0
0
611
4614
0
0
923
0
0
0
0
0
4822
0
0
4646
4710
0
0
0
0
0
4691
0
0
0
4689
0
0
0
0
4642
0
0
0
0
0
4582
0
0
0
4699
4571
0
0
0
0
0
0
0
1078
0
0
0
0
0
0
0
0
0
4628
392
0
35
0
0
0
0
0
0
0
0
0
4545
0
0
0
0
0
0
0
0
0
0
0
0
0
4592
3222
0
0
0
0
0
0
0
0
0
0
4763
0
0
0
0
0
0
0
4808
0
0
4519
0
648
0
0
0
0
0
0
4667
0
1781
0
0
4621
0
0
0
0
0
0
0
4659
0
0
0
0
0
0
0
0
0
0
1668
0
0
0
0
0
4586
0
4490
0
0
4664
1472
0
790
0
0
0
0
0
4771
4675
4653
2314
0
4654
0
0
0
0
0
232
0
0
0
0
0
0
0
4749
0
4636
0
4662
0
0
0
0
0
0
697
0
4536
4731
0
0
0
0
607
0
141
0
0
0
0
0
0
4608
0
0
0
0
0
0
0
0
0
0
0
4657
0
0
0
0
0
0
0
0
0
0
0
4654
0
1031
1623
0
0
4539
0
0
0
0
0
4155
4609
0
0
0
4640
4725
0
0
0
4656
0
0
4533
1661
241
0
0
4797
0
0
0
0
0
0
0
0
0
0
0
4654
0
0
0
0
0
0
4614
4569
0
0
0
0
0
0
0
4606
0
0
0
0
4659
4752
1513
0
0
0
0
0
0
195
4716
0
0
0
0
0
0
109
0
0
0
0
0
0
4625
0
435
0
0
0
705
0
0
0
0
0
877
0
565
0
0
0
0
4687
1538
0
4595
4863
0
4582
0
0
0
0
0
247
0
0
0
0
0
0
0
0
0
0
0
656
0
0
4760
0
833
0
0
0
0
4590
0
0
0
0
0
0
0
0
0
0
513
4614
821
0
0
0
0
0
4637
0
0
0
0
22
0
0
0
4666
0
0
0
0
0
905
0
0
1197
556
0
0
0
0
0
4680
616
0
0
0
0
0
515
0
0
0
0
0
0
0
0
1565
4651
0
0
0
0
0
0
4564
0
4671
0
0
0
88
0
0
0
0
0
0
0
0
0
432
1474
0
4670
0
4641
0
0
0
0
0
4578
0
4623
385
0
4666
848
0
912
0
0
0
1775
0
0
0
0
0
0
0
0
0
0
0
0
252
0
1533
0
1565
0
0
0
4775
0
0
0
0
0
0
0
0
0
0
4704
0
0
0
0
0
0
0
4703
0
0
4743
0
0
4620
0
0
0
1445
4648
0
4587
0
0
0
0
4639
0
0
0
0
4565
4561
0
0
1616
0
0
0
0
0
0
4659
4584
0
4646
0
0
0
0
0
0
0
0
1414
0
0
0
4679
0
0
4541
0
0
0
0
0
1078
0
0
4694
0
0
0
0
0
1078
0
0
0
518
4564
0
0
0
0
0
0
4640
950
1007
1621
0
0
0
0
0
0
0
410
0
0
4692
0
0
0
0
4732
0
4524
0
0
4682
0
0
0
0
0
0
0
0
0
0
0
0
0
0
0
0
1185
0
0
0
4657
4756
0
0
0
0
0
737
4718
4634
4743
887
0
868
4689
0
0
0
4791
0
0
0
0
4763
0
0
0
0
0
4537
0
4550
0
0
0
4678
0
0
0
0
1510
4672
0
0
0
0
0
0
0
0
0
0
0
0
0
0
0
0
0
0
0
0
0
4705
0
0
4703
0
0
4669
1746
0
0
0
0
0
4694
0
0
0
0
0
0
0
4659
4671
0
0
0
0
0
0
0
0
0
4646
0
0
0
0
0
0
0
0
4728
1405
0
0
275
0
0
0
0
4567
0
1262
0
0
0
0
0
0
0
0
0
0
4772
0
0
0
0
0
0
0
0
4731
0
498
0
0
0
0
391
0
0
0
0
48
4684
0
0
0
0
1502
0
0
0
0
0
0
0
4714
0
1207
0
0
0
0
0
0
0
0
0
0
537
0
0
0
4593
0
0
0
4660
0
1607
0
4621
4735
0
4619
0
0
0
0
0
1408
0
4614
0
0
0
1615
0
0
4082
0
0
0
0
0
0
0
0
0
1564
0
0
4649
4610
0
0
0
0
0
0
0
0
0
4635
0
1677
0
4781
0
4717
0
0
447
0
0
0
0
0
0
1133
0
0
0
4717
0
0
0
0
0
0
0
518
0
0
177
0
0
0
0
0
855
0
0
0
0
0
0
1080
4762
0
0
0
0
0
0
1374
0
0
0
0
0
0
0
0
0
0
0
0
0
0
0
4641
0
4697
0
0
0
0
0
0
0
0
0
0
4658
0
0
4642
4732
0
0
0
0
0
0
0
0
0
0
0
0
0
4534
0
0
0
0
0
0
0
774
0
0
0
0
1321
0
0
0
4684
4596
0
4696
0
0
0
0
0
0
0
0
0
0
0
0
320
0
0
979
4691
0
0
0
0
0
0
0
4714
4544
0
0
0
0
1539
0
0
0
0
0
0
0
0
0
2688
0
0
0
4563
4663
0
0
4544
0
1549
0
0
0
0
0
0
0
1369
4647
1480
0
0
0
0
0
0
674
0
172
0
0
0
0
0
0
0
0
0
0
0
0
0
0
0
0
0
0
0
4572
4655
0
0
0
518
0
0
0
0
226
0
0
0
0
0
0
4092
438
0
4827
0
0
563
0
0
4642
4695
0
0
0
0
0
0
0
4623
0
0
0
0
0
0
0
0
0
0
4245
0
4681
0
0
0
0
50
0
0
0
0
0
0
0
0
4492
4605
0
0
0
0
0
0
0
0
0
0
0
0
0
0
0
0
0
0
0
0
0
0
0
4636
0
0
0
0
0
0
0
0
0
0
117
4577
0
0
0
4536
0
0
0
1071
0
0
0
0
0
0
1521
0
0
1639
0
0
0
838
0
0
0
4511
625
0
0
0
0
0
4499
0
0
0
0
0
0
0
4642
0
0
0
4602
0
0
0
0
0
0
0
0
0
0
0
4636
298
0
0
0
0
0
0
0
0
897
0
0
0
0
3198
0
0
0
878
4678
0
0
4698
0
0
0
615
0
0
4729
4630
4609
0
0
389
0
0
0
0
0
0
4654
0
0
4606
0
4678
0
4741
4719
0
0
0
0
0
4645
0
0
0
0
0
0
0
4645
4652
0
0
1883
0
0
4633
0
0
0
0
0
0
494
0
4659
0
0
0
0
0
1193
0
0
344
0
4690
0
0
0
4655
0
4642
0
4550
0
0
1530
0
1221
1511
4727
0
0
0
0
0
4727
0
0
684
0
0
4571
4499
4635
0
0
0
4647
0
0
0
0
0
4619
0
0
4531
4609
0
4646
954
1098
4706
4533
0
0
0
0
0
0
0
0
0
0
0
1703
0
1477
4734
0
0
0
0
0
0
194
0
0
0
0
0
0
0
0
0
0
0
0
0
1458
0
4636
4643
0
0
1325
0
0
0
0
0
0
0
4706
4658
0
0
0
4629
1488
0
0
0
0
0
0
0
4668
4602
0
4654
4701
0
0
0
0
1627
0
0
0
0
0
4597
0
0
0
0
0
0
0
0
0
0
0
0
0
0
0
0
4623
0
0
0
0
1859
0
0
0
4603
170
0
0
0
0
0
132
952
803
4624
0
0
0
0
0
0
0
0
0
0
0
0
1679
0
0
0
0
0
0
0
0
0
684
0
0
0
0
4738
0
0
0
0
0
0
0
4635
0
0
0
4697
0
0
0
0
0
0
0
0
0
0
0
130
4697
4711
4684
0
0
0
0
0
0
4738
0
4663
0
0
0
0
0
0
4631
0
0
411
0
88
0
0
4623
1080
0
0
0
0
0
0
4647
0
0
558
4624
4497
1407
0
0
0
0
0
0
397
0
0
332
0
0
0
389
4628
0
0
1410
0
0
0
4614
0
0
0
0
0
0
4675
0
0
0
0
0
4597
0
0
0
0
0
0
0
0
0
0
0
4600
0
0
0
0
0
0
0
0
0
0
0
0
0
4547
4705
0
1419
0
0
0
0
0
0
0
0
0
0
0
0
0
0
0
0
0
0
0
0
4561
892
0
0
0
198
388
0
0
0
0
0
0
0
4552
1505
4600
0
0
0
0
0
4610
0
4684
0
0
0
0
0
0
0
0
4576
0
4504
0
4690
0
0
0
0
1772
0
0
0
0
0
0
4676
0
0
0
0
0
0
1469
4515
0
0
0
0
0
4612
197
0
4687
0
0
0
0
4599
4593
0
4604
4180
0
4678
0
0
0
0
0
0
0
0
4594
0
0
0
149
0
0
0
0
0
0
0
1081
0
0
0
0
0
4684
0
1216
4681
4550
0
0
0
0
0
105
0
0
4645
0
0
4661
4621
0
0
0
1512
0
0
0
0
0
4681
0
0
0
0
0
0
0
4551
0
0
0
320
4524
0
0
0
4651
0
0
0
960
0
958
0
0
0
0
0
4656
0
4660
0
0
0
0
0
755
0
0
0
0
4716
0
0
0
0
0
0
4549
1645
1704
3078
83
0
0
0
0
0
0
4610
0
0
0
0
0
0
0
0
0
0
1237
0
0
0
0
0
1552
4573
4715
0
4539
4723
1299
0
0
0
0
4531
4747
0
0
4588
4762
0
0
0
0
0
4667
4507
0
0
0
9
1687
4619
0
4654
0
0
0
4697
0
0
4690
0
0
0
0
0
4626
0
0
0
956
0
0
0
4502
4647
0
0
4544
0
1470
0
0
4687
4688
796
0
0
0
0
0
0
0
0
0
0
128
0
0
0
4672
0
0
0
0
0
0
0
0
0
0
0
0
0
0
0
0
0
0
1050
0
0
0
0
0
0
0
0
0
0
0
0
0
0
0
0
0
4556
0
0
0
0
0
4680
0
4602
0
4658
4524
0
0
0
0
0
1388
0
0
0
0
4736
0
1133
4604
4621
0
0
4737
0
1096
4737
0
0
798
0
0
0
0
0
0
880
0
0
0
1243
0
0
0
0
0
0
0
0
0
4743
4647
0
4738
0
0
0
0
0
0
0
1270
4554
4605
0
4584
0
0
4592
0
0
0
0
0
0
0
0
0
0
745
4581
0
4683
0
0
4581
1848
0
0
0
0
593
0
0
0
0
0
0
0
0
0
0
0
0
0
0
4639
0
346
0
0
0
0
0
0
0
1747
0
194
0
4659
0
0
0
4726
0
0
484
0
0
0
1473
0
0
0
4510
845
0
4700
0
0
0
0
0
0
0
4661
0
0
0
0
0
4648
0
0
107
208
0
0
0
0
0
0
0
0
54
0
0
0
54
0
0
4677
0
0
0
0
0
344
0
0
0
0
0
0
0
0
0
0
4525
0
0
4628
1307
0
0
0
308
0
423
0
0
0
4611
0
0
0
4669
0
4631
0
267
0
0
0
4695
0
1381
4720
0
1456
0
0
0
0
563
0
0
0
0
0
0
0
4597
4569
51
0
71
4583
4656
0
0
0
114
4614
4556
0
4628
0
0
3039
0
0
0
0
0
0
0
0
0
4668
0
0
0
4666
0
4674
0
0
0
0
0
0
0
0
0
0
1484
4707
0
0
0
0
0
0
4550
0
0
559
0
0
0
0
0
0
0
0
4582
317
0
0
0
0
1744
0
0
0
0
0
0
0
4566
0
0
325
0
0
0
0
4684
175
302
0
4607
0
4656
4817
0
0
0
0
2876
154
0
0
766
0
0
0
4603
0
0
0
0
4546
4517
0
0
4721
0
0
0
211
809
1561
0
0
3160
0
0
0
0
1643
811
4686
0
0
0
0
1369
310
0
0
0
4748
303
0
4778
0
4698
479
0
0
0
0
0
0
0
0
0
4742
0
0
0
2502
0
0
0
0
0
0
635
0
0
0
0
0
0
0
0
4627
0
0
0
0
0
90
0
0
0
0
0
4734
0
0
4578
0
1438
0
0
0
0
4486
0
0
0
0
0
0
0
0
1534
4633
0
0
0
0
1210
4666
0
0
0
0
0
4573
0
0
4552
0
4646
0
0
1329
0
0
0
92
0
0
0
0
0
0
0
0
0
0
0
0
0
46
0
0
0
0
0
0
0
0
0
0
0
0
0
0
4691
4657
0
0
0
0
0
0
0
4695
4666
598
0
0
24
0
0
590
0
0
0
1662
0
0
0
0
0
968
4105
0
0
4719
0
0
0
2910
0
0
0
0
2069
0
0
0
0
0
0
0
0
0
0
0
0
4588
0
0
0
0
0
0
424
0
0
0
0
0
0
0
1311
4606
0
0
0
0
0
0
0
0
1446
0
0
0
4677
4678
0
0
0
563
0
1619
813
0
0
0
4520
0
0
4668
0
4571
0
0
0
0
0
0
0
0
0
0
0
0
0
4682
0
0
0
0
4527
0
0
0
0
0
0
765
0
1422
0
0
0
0
0
90
0
0
0
0
0
0
1012
0
0
0
0
0
0
4673
0
0
0
0
0
0
0
0
0
0
0
0
0
1185
0
0
0
0
0
0
0
0
0
0
0
1752
0
0
0
4698
0
0
66
1107
0
0
0
4651
0
0
0
0
1649
4644
0
0
1378
4715
0
0
0
0
0
0
0
4531
0
0
4717
4719
550
0
4593
0
0
0
0
4502
0
0
0
0
0
0
0
4560
0
0
0
0
0
0
0
0
0
0
0
0
4595
0
4670
0
0
0
0
0
4652
0
4629
0
0
0
4752
0
0
4549
0
0
0
0
0
0
0
0
4733
4695
4623
148
0
0
0
0
0
386
0
0
0
0
0
0
0
0
0
4602
0
4647
0
0
0
75
0
0
0
371
0
0
0
0
0
4571
0
4647
0
4823
0
0
0
0
0
0
0
245
4616
0
808
0
0
0
0
4716
0
0
0
0
349
566
0
0
0
0
0
712
0
0
0
1450
0
0
0
0
0
4677
0
0
4610
0
0
1237
0
0
0
0
0
0
0
0
4604
0
0
0
0
891
4644
0
396
0
4660
0
0
0
0
45
0
0
0
0
0
0
0
0
0
4658
0
0
1641
4683
0
0
0
4668
0
0
0
0
506
0
0
0
0
0
4665
4700
4724
4505
0
4589
0
0
0
0
0
4676
4482
0
0
170
0
0
0
0
0
0
4642
0
0
4761
4127
0
1118
4578
4743
349
0
0
0
0
0
472
0
0
0
1310
0
4678
0
0
0
0
4574
4656
0
4628
1810
0
0
2106
0
0
0
0
0
0
0
1613
0
0
0
0
0
0
0
0
0
0
0
0
0
93
0
4642
1316
0
0
0
0
1293
0
0
4508
4659
0
0
0
0
0
4619
0
0
4593
0
0
0
0
0
4554
0
0
0
0
0
0
0
0
916
0
0
0
4771
0
0
0
0
0
0
399
0
0
0
0
0
0
0
0
0
0
4576
0
4578
0
0
0
0
0
0
0
0
0
0
0
887
4579
0
4747
4780
1315
4637
0
0
456
0
0
0
0
0
0
4628
4648
0
0
4661
660
0
0
0
4251
0
0
0
0
4531
0
0
4656
0
0
0
0
0
0
0
0
0
0
4608
0
4518
4670
0
4709
4644
1406
4628
0
0
0
0
0
0
1748
0
0
908
4710
0
0
0
0
0
0
0
1180
0
0
0
0
0
0
0
0
0
0
0
0
0
0
4630
0
4611
0
0
0
0
0
0
0
0
4596
0
4559
0
0
4694
0
0
0
0
0
0
0
1326
0
0
0
0
0
0
0
0
0
0
0
403
0
0
0
0
0
0
4646
4633
4265
4836
4296
0
0
0
0
0
0
811
4581
1389
0
0
0
0
0
0
0
4650
0
0
0
0
1499
0
0
0
0
0
0
0
0
0
0
0
4638
0
0
0
0
4733
0
0
4713
523
0
0
278
2944
0
0
1592
0
0
0
0
4751
1320
0
732
0
0
0
0
337
0
0
0
0
4673
0
0
0
542
0
0
0
4655
0
0
0
1548
0
0
0
0
0
0
0
0
0
0
0
0
0
0
0
0
0
0
0
0
0
0
0
0
0
0
0
0
1426
4640
4647
0
0
0
0
0
0
4679
0
0
0
0
0
0
0
0
4572
762
0
0
0
0
4730
4641
0
0
0
0
1532
4801
0
0
0
0
4631
0
1657
0
0
4607
0
0
0
0
0
0
0
0
1425
0
1631
0
4540
0
0
1011
0
0
0
4652
1280
4702
0
0
0
0
0
0
0
0
0
0
1817
0
0
0
4657
0
4695
0
0
0
4535
1380
0
0
0
1123
0
0
432
0
0
4612
0
4595
0
0
0
99
4614
0
0
0
0
0
0
4611
0
0
0
0
0
2089
0
0
4601
0
0
0
0
0
1644
4630
0
4791
0
0
0
0
0
82
0
0
4634
0
0
0
0
0
0
0
0
0
1143
0
0
0
0
0
0
0
8
0
4662
0
0
0
0
0
4534
0
0
4591
0
4757
0
0
803
0
0
0
1394
0
0
2203
1020
0
0
0
1252
4670
36
0
4575
398
0
4669
0
0
0
0
0
0
0
4652
0
0
4751
1647
0
0
0
0
4576
4610
4791
4709
0
0
0
162
0
4694
0
0
0
0
0
0
0
0
0
0
276
502
0
0
0
4671
0
0
0
0
4555
0
0
632
4176
1328
1152
0
4587
0
0
0
0
4588
0
49
0
0
0
0
0
4681
0
0
0
0
0
0
0
0
63
0
0
4608
347
0
0
0
1173
0
0
0
0
0
115
0
4810
0
0
0
0
220
0
0
0
4713
0
4746
0
0
0
643
0
0
0
0
0
0
0
0
0
0
0
0
0
0
0
0
0
0
4077
0
4188
0
4765
4769
0
0
0
0
4622
0
4565
0
0
0
0
0
0
4794
0
0
4607
4671
0
0
1257
0
0
0
0
0
4621
0
4538
0
41
0
0
0
0
4645
4576
0
0
0
0
0
0
0
0
0
0
4624
4578
0
4753
0
0
0
0
0
0
0
4751
457
4655
4562
4658
0
4655
0
4784
0
543
185
0
0
159
0
0
0
2838
0
4710
0
0
4601
0
0
4742
0
74
0
0
0
0
0
0
0
4671
0
1375
0
0
0
0
4568
4564
4597
0
0
0
0
0
0
464
4600
4655
0
4706
0
0
1401
0
913
4693
0
0
0
0
0
679
0
0
0
0
0
0
0
350
0
0
0
0
0
4684
0
0
0
0
4484
4469
0
4627
0
4499
0
199
0
4637
0
0
0
0
0
398
0
0
0
1536
0
0
0
0
0
0
0
0
0
0
23
0
0
817
0
0
0
0
0
0
1372
0
963
0
0
0
0
4537
0
4122
0
4686
0
0
0
263
0
0
0
0
317
4216
4680
0
0
4629
0
0
0
4589
0
0
0
4758
0
0
0
0
0
0
1047
4730
0
0
0
0
0
0
0
0
0
4708
0
4655
0
0
0
1572
0
0
0
0
0
0
0
0
0
4530
0
0
0
0
0
0
0
0
0
4740
0
0
4694
0
0
292
0
0
0
0
0
0
0
0
1870
0
0
0
0
0
0
0
508
0
4647
0
0
0
0
4577
0
4666
0
0
4645
4691
0
0
0
171
0
0
0
0
0
0
0
0
305
0
0
1433
0
4580
0
480
0
0
4568
0
0
0
0
0
0
0
4653
0
4665
0
0
366
0
0
4585
0
924
898
0
0
4564
0
0
330
0
0
0
0
0
0
0
0
0
4619
4635
4551
0
0
0
0
0
0
0
408
0
0
0
0
0
0
0
0
0
0
0
0
0
0
0
4597
0
0
4731
0
0
0
0
4635
0
4586
4761
815
0
0
4643
4586
0
0
4641
0
0
0
4540
0
0
0
0
4659
0
4620
0
1282
0
0
1136
0
0
1222
0
4475
0
0
0
0
372
0
0
0
0
0
0
0
4739
0
4620
0
1062
0
878
0
0
4674
0
0
0
0
0
0
0
0
0
0
4563
0
4640
4585
0
0
0
0
311
0
0
0
0
0
4631
4628
0
0
0
0
0
0
4572
0
0
4692
482
4708
0
0
0
0
306
0
0
0
0
4687
0
0
4727
0
0
0
0
0
0
0
0
0
4550
4696
0
1025
4565
0
668
0
0
0
0
0
0
0
0
0
0
0
0
0
0
0
0
0
0
863
0
0
0
0
0
0
4534
0
0
0
1355
0
0
0
0
4702
0
0
0
0
0
127
0
0
0
0
0
4030
0
226
0
718
0
0
0
0
4630
0
0
0
3398
0
0
0
0
0
0
0
0
0
0
0
594
0
0
0
0
0
1134
0
0
0
0
339
0
0
0
4658
1918
0
0
0
0
4629
0
13
0
0
461
0
0
4697
4580
0
0
0
0
0
0
4580
0
0
0
0
4632
4671
4694
4556
4634
0
0
0
0
4656
730
0
0
4627
470
0
0
0
0
0
4693
4655
0
4730
4590
1375
4587
0
0
0
0
0
0
0
0
4650
4604
0
0
0
0
0
0
0
28
156
0
0
0
0
0
0
0
0
0
0
0
14
4689
0
2903
0
0
0
0
0
4688
0
1298
0
4784
0
0
0
0
0
908
0
0
0
0
0
4685
0
0
0
0
0
4513
0
0
1021
0
4675
0
0
0
0
0
4608
0
0
0
4627
0
0
0
0
0
0
0
0
0
0
0
0
790
0
4819
0
0
0
0
0
4668
0
0
0
0
0
0
0
1214
0
0
237
0
0
0
0
0
4570
0
0
1470
0
0
0
0
0
4306
0
0
4671
0
0
0
0
0
0
923
0
0
0
0
4626
4675
0
0
0
0
4637
0
0
0
0
0
0
4522
0
0
0
0
20
0
0
561
0
4631
4635
0
1876
4698
0
0
4713
19
0
0
1032
0
0
0
0
0
0
0
1225
4715
0
0
4658
0
4787
0
4572
0
0
0
217
4722
0
0
4707
0
0
0
0
62
4671
0
0
0
0
4637
1502
0
0
0
4642
4631
4562
0
1013
0
0
4667
0
0
0
0
264
0
1269
0
0
0
0
0
0
0
0
0
0
0
0
4533
0
0
0
0
0
0
0
4663
4720
0
4739
0
0
4072
4464
0
0
0
0
504
0
0
0
0
4670
592
0
0
0
0
0
1759
4657
0
0
0
0
0
0
1433
0
0
4632
0
0
0
4619
0
0
0
0
0
0
0
0
0
221
0
0
0
0
0
0
153
0
0
0
0
0
0
0
0
0
0
0
0
0
0
0
0
0
0
4664
0
0
0
0
0
4629
0
0
857
345
0
4697
0
0
0
0
4756
0
0
0
0
4291
0
0
0
0
0
0
0
4585
0
0
1529
0
0
0
0
0
0
0
0
0
0
0
0
0
4696
0
0
0
4585
0
0
4604
0
0
0
0
0
0
930
0
0
0
0
4671
0
0
0
0
0
0
0
0
0
0
0
602
0
4664
4686
0
0
0
4568
0
0
0
0
0
0
1517
0
1674
0
4665
0
0
0
0
4716
26
0
4635
0
514
0
0
0
0
0
0
0
0
4625
0
0
4592
0
0
1345
0
0
0
0
4674
0
0
0
0
0
0
0
1139
0
0
0
0
0
4560
0
0
0
0
0
0
0
4632
4713
0
0
0
4661
0
0
0
0
0
0
0
0
0
994
4597
0
4679
0
0
0
0
4801
0
4582
0
712
1470
0
4626
0
4699
0
0
1915
0
0
0
0
0
0
0
0
0
4639
0
0
0
0
0
0
3278
0
0
0
0
1241
0
0
0
0
4699
0
227
0
0
0
673
0
0
0
0
0
0
0
0
1236
4595
0
0
4619
0
0
0
0
0
0
0
4536
4814
0
0
0
0
0
0
0
0
0
0
116
0
0
153
4734
0
0
0
0
4735
0
0
0
4671
367
0
4691
0
548
0
0
0
1559
0
4609
0
1509
0
0
0
0
4623
0
0
10
0
4567
0
0
0
0
0
0
0
3106
4518
0
0
0
77
0
0
0
1698
0
0
1422
0
4732
0
0
0
0
0
0
0
0
0
0
0
0
0
0
0
0
0
1410
0
0
0
580
0
0
0
0
0
0
0
0
0
0
0
4728
0
0
0
0
4593
0
0
4592
0
0
0
4721
0
0
0
0
0
4636
0
2996
0
0
0
0
0
0
0
0
0
0
4624
0
0
4659
0
0
0
0
0
0
0
0
0
0
0
0
907
0
0
0
37
0
0
0
0
0
4698
0
0
953
0
4668
0
0
4579
0
0
0
0
0
0
0
0
0
0
0
4620
4215
0
0
2525
0
0
4631
4730
0
0
0
0
4766
0
0
0
4755
0
0
0
0
476
0
0
0
0
0
974
0
0
0
0
0
247
1581
4618
0
0
4567
0
4718
961
0
0
0
0
0
0
0
0
0
0
588
0
0
0
4528
0
0
0
0
0
0
4558
0
0
0
4606
0
0
0
0
0
259
0
0
1108
0
4694
0
0
0
0
0
0
4688
0
0
0
0
0
0
3145
0
0
0
4725
1455
0
363
0
606
4563
0
0
0
0
0
0
0
0
4572
4697
0
0
4729
476
0
0
0
0
0
0
4735
0
0
0
0
4721
0
0
0
1469
4678
0
0
0
0
0
0
0
0
0
945
0
1056
0
0
0
0
0
0
0
0
0
0
0
0
4611
0
0
0
0
0
226
0
0
1704
0
0
0
755
0
0
0
1558
0
0
0
0
0
4703
4669
0
0
0
0
0
4642
0
0
0
0
0
0
0
4507
0
0
4672
0
4631
0
0
0
0
0
4676
0
0
0
4675
0
0
370
0
0
0
0
0
0
0
0
0
0
0
0
4636
0
0
0
0
0
207
0
0
0
0
0
0
0
1547
173
0
0
0
0
0
0
0
0
0
2860
0
200
0
0
0
0
0
0
949
4771
0
0
0
0
0
4655
0
0
43
0
0
0
0
0
0
0
0
860
0
0
1571
4634
0
0
0
0
295
0
0
361
4635
360
0
0
1296
0
0
0
0
4639
0
4755
0
4593
0
0
4674
0
0
0
0
0
0
4697
0
0
0
0
1526
0
0
0
0
241
0
0
4680
0
0
3228
0
0
0
4650
0
0
0
0
0
1522
0
4627
0
0
0
4702
0
0
0
1445
0
0
0
0
0
0
0
0
4641
0
0
0
0
0
0
0
0
4656
0
4681
0
4132
0
0
0
0
0
0
0
0
716
1416
0
1532
0
0
0
1891
0
0
0
4591
969
0
0
4632
4668
0
0
0
0
0
0
0
0
0
0
4592
0
772
74
0
0
0
0
0
0
0
4689
0
0
0
0
0
425
0
0
0
0
0
0
0
0
0
0
0
0
0
0
4482
0
0
108
4639
0
4636
0
0
4643
1349
0
0
0
736
31
0
466
0
0
0
0
1353
0
0
0
0
0
0
0
0
1521
0
4587
0
698
0
4628
0
0
0
0
0
1758
0
0
0
0
0
0
669
0
0
0
0
0
0
0
3231
0
0
4603
0
0
0
0
0
0
0
0
0
0
4694
0
0
0
0
0
0
0
0
0
0
0
451
0
0
0
0
0
0
0
0
0
0
0
0
0
0
112
0
0
0
0
0
0
0
339
0
4631
0
4578
0
203
0
0
0
0
0
4704
0
0
0
0
0
4645
0
0
0
0
0
4608
0
0
0
0
0
0
0
0
4726
0
0
0
4662
0
0
0
0
0
0
0
0
0
0
1088
0
4613
0
0
0
186
0
1225
0
0
0
0
725
0
0
0
4532
0
0
1534
0
0
0
1495
0
336
0
4669
0
4717
4694
0
0
0
0
0
0
0
0
0
0
0
0
0
0
0
0
0
0
0
0
0
0
4729
0
0
0
0
57
0
0
0
0
0
0
0
0
0
0
0
4690
0
0
0
0
0
0
0
0
0
0
0
1531
0
113
0
1067
0
0
0
0
0
0
0
4655
0
1355
0
0
0
4602
0
4764
0
4637
0
0
0
4650
4580
4735
4652
0
0
0
0
0
0
4668
0
0
0
0
0
0
808
0
0
257
0
0
0
23
0
0
0
0
468
0
0
0
0
4723
4657
0
4731
0
0
360
0
0
0
0
4675
0
0
0
4644
0
0
0
4706
0
0
0
4732
0
0
0
4672
4821
0
0
0
0
0
0
0
0
0
0
0
0
0
0
0
0
4634
0
0
0
0
0
0
0
110
0
0
0
0
0
0
4638
0
0
978
1361
0
0
0
876
0
0
0
0
0
0
0
0
0
0
0
1458
0
0
0
4707
4591
0
4490
0
0
0
0
0
0
0
0
0
0
0
1463
0
0
0
1495
0
0
0
0
0
0
0
0
4781
4691
301
0
0
33
0
0
916
0
0
0
495
0
1516
0
0
0
0
4663
0
0
4712
4575
0
0
0
0
0
0
4637
0
4603
0
1113
0
4592
0
0
0
0
0
0
4624
0
0
0
3139
0
0
0
0
600
0
0
0
0
0
0
0
0
0
0
0
0
4667
0
4606
0
0
0
0
4646
911
0
0
0
0
0
0
0
0
1341
0
0
0
0
4720
0
0
0
4667
0
0
1519
0
0
0
0
0
0
376
0
0
0
0
0
0
4672
0
4632
0
0
0
4642
0
0
0
4637
4696
4609
0
0
0
0
4632
0
0
0
0
1147
0
0
4724
0
0
0
0
228
0
0
0
0
0
0
0
0
1261
0
0
0
0
0
0
0
4526
0
0
4634
1242
0
0
0
0
0
0
0
1210
0
924
0
0
0
0
0
0
0
0
4694
0
0
0
0
1872
0
0
0
0
0
0
465
0
0
0
1623
0
4784
0
0
0
0
4560
0
0
427
0
0
0
0
0
73
4630
0
0
0
0
0
0
0
0
0
0
0
0
0
1141
0
4714
0
0
77
0
4629
0
0
0
0
0
0
0
1546
0
0
0
0
0
0
4624
4690
98
4675
0
0
0
0
0
0
0
4661
4774
0
0
0
0
0
1154
0
0
4658
0
4687
0
4529
0
4440
0
0
0
0
305
4684
1514
0
0
0
0
0
0
0
0
4624
0
0
0
0
0
0
0
4596
4704
0
0
0
0
0
4660
0
0
0
0
0
0
0
0
0
0
0
0
0
4704
0
1105
4652
1538
0
0
0
0
4625
0
435
0
0
1184
0
0
0
0
4681
0
0
0
0
0
4697
0
0
0
0
0
0
0
0
4580
0
0
0
0
4585
0
0
369
0
0
4634
0
0
4568
0
4691
4576
1487
0
778
0
0
0
0
0
0
0
0
0
0
0
0
0
0
0
0
0
0
0
0
4656
0
0
0
4647
0
0
4651
0
0
0
0
0
4580
61
0
0
922
4555
0
0
4678
1195
0
0
0
4582
0
0
0
4631
0
0
0
0
0
4705
0
0
0
0
0
0
0
0
4695
0
0
0
0
0
0
4544
0
0
0
0
0
0
4650
4072
4590
0
4480
0
4549
0
0
4690
0
0
0
0
0
1350
4686
0
4618
0
0
0
0
0
0
4634
0
0
0
0
0
0
0
0
0
0
0
434
4673
0
1817
256
0
0
0
0
0
0
0
0
0
0
0
0
4713
0
0
0
4630
0
0
986
0
0
0
0
4638
720
4618
4653
0
0
0
0
0
0
4661
0
0
4672
0
0
0
0
0
0
0
0
0
0
0
0
0
0
0
1602
0
0
0
0
0
0
4680
0
4615
0
0
0
0
0
0
4662
4785
0
0
4605
0
0
0
0
0
0
0
4684
0
0
0
0
0
0
0
0
4680
4773
399
0
0
4638
0
515
0
3232
393
0
0
0
0
0
0
0
0
0
0
0
0
0
4537
0
0
0
0
0
0
0
0
0
4661
0
0
0
1741
4649
0
4647
0
0
4660
0
0
0
0
0
0
0
1760
0
0
0
0
0
0
4598
0
0
4593
0
73
4586
0
0
0
0
0
0
0
0
4603
0
0
0
0
0
0
0
0
4700
0
0
0
0
0
0
0
531
0
0
0
0
0
447
0
0
0
0
0
0
0
0
0
0
0
0
4639
0
0
4626
0
0
0
0
0
837
0
0
0
4732
0
0
0
0
0
0
0
4711
0
0
4716
0
4567
4680
0
0
4662
0
0
0
0
0
965
0
0
21
0
0
223
0
0
510
0
0
0
4661
0
0
4737
0
0
0
384
4688
4746
0
0
0
0
0
0
0
4652
0
0
0
0
0
0
0
0
0
0
0
0
0
0
0
0
0
0
0
0
1571
4599
0
0
0
4698
4579
0
0
0
0
0
0
4758
0
0
0
0
62
190
0
0
4468
0
0
0
4617
0
0
94
0
0
0
0
0
0
0
4697
0
0
0
0
4585
0
0
126
0
0
0
4668
0
0
4656
0
0
819
0
0
0
4727
4616
0
0
0
0
0
0
0
0
0
4642
0
0
0
0
0
0
0
0
0
2002
963
0
0
0
0
0
0
0
0
0
4542
0
0
0
4659
0
4690
0
0
0
0
0
0
4124
0
0
0
0
0
0
0
0
0
4529
0
0
0
0
0
0
697
0
0
0
0
4564
0
0
1482
0
0
0
4642
0
4661
0
0
0
0
0
1536
0
0
0
0
0
0
0
1666
0
1149
0
4717
0
0
0
4633
4669
0
0
0
0
0
0
0
4514
4587
0
0
0
0
0
0
564
0
0
0
0
903
0
0
0
4623
0
1057
0
0
4557
0
296
0
0
0
1068
0
0
4680
0
0
0
0
0
3028
4542
0
0
0
0
0
4718
23
0
0
0
4620
0
0
4724
4562
0
0
0
0
0
0
0
4732
0
0
0
0
0
0
0
1296
0
0
0
0
0
0
0
0
2982
0
4608
0
0
0
4564
1299
1220
0
1493
0
4613
0
4275
0
73
0
0
0
0
756
839
0
0
0
0
4522
2257
0
0
0
0
0
1224
0
0
4644
0
0
0
0
0
0
0
0
1601
0
0
4687
0
549
0
0
0
4690
0
0
0
4626
0
4812
0
4611
0
0
0
0
0
0
0
0
0
281
0
0
0
0
0
0
0
0
0
0
0
1228
0
0
1320
624
0
1025
4683
0
0
4651
0
4653
0
0
0
0
0
4693
0
0
4644
0
0
0
0
4697
0
0
4724
0
1110
1090
0
0
0
0
0
0
0
0
0
0
0
0
0
0
0
594
0
4593
4675
0
0
0
4679
2392
0
0
0
0
0
4607
0
0
4696
0
0
0
0
0
0
0
129
0
4563
0
4767
0
0
0
0
0
0
0
4570
0
0
0
0
0
0
0
0
0
0
0
0
0
4644
0
0
0
0
0
1535
0
0
0
0
537
1486
0
0
0
0
0
0
0
4680
0
0
0
0
0
0
0
0
0
0
0
0
0
1572
0
0
0
0
0
0
0
0
0
0
0
0
0
0
0
0
4615
0
0
0
0
0
0
3285
0
0
0
0
0
0
0
0
0
1597
0
0
0
68
0
0
4690
0
0
0
0
0
0
0
4698
0
0
0
326
0
0
4717
0
0
0
0
0
0
4528
0
4544
4650
0
4700
0
0
0
0
0
0
0
0
0
4712
0
0
0
0
0
4613
0
0
422
4518
0
0
0
4641
0
0
0
4629
4255
0
0
0
4553
0
0
0
0
0
0
0
0
0
0
0
0
0
658
0
0
0
4653
0
147
0
4680
0
0
0
0
0
0
0
0
0
0
0
0
0
0
0
0
0
4694
0
0
1758
0
0
278
4761
4697
0
4628
4455
0
4707
0
0
0
0
0
542
4714
0
0
4722
0
0
0
0
0
0
4578
0
0
0
0
0
0
0
0
246
0
818
0
183
0
0
0
1631
0
0
392
0
0
0
0
0
4535
0
589
4520
417
0
0
254
0
0
19
0
0
0
0
0
0
0
4671
0
0
4650
4686
4690
0
0
0
0
0
0
0
348
0
0
0
0
4618
0
4610
0
4740
0
0
0
0
0
0
0
0
0
0
4690
0
0
0
0
0
0
1431
0
0
0
0
0
4693
395
0
0
0
4587
0
0
0
0
103
0
0
0
0
0
0
0
0
4742
1706
0
0
0
0
0
0
0
0
0
0
727
4693
4559
0
0
0
4565
395
0
448
0
4636
4590
0
0
1873
0
0
0
0
0
0
1630
0
4717
0
0
0
0
0
1439
0
0
0
0
4613
0
0
4556
564
3284
0
0
529
1589
979
0
0
4605
0
0
4527
4628
0
0
4619
0
0
0
0
0
0
0
0
4703
0
0
0
0
4604
0
0
0
4669
0
0
0
0
4662
0
0
0
413
0
4603
4611
0
0
0
0
4664
0
0
0
0
0
4626
0
0
0
0
0
4124
0
0
4622
4616
0
0
0
0
0
0
4612
0
0
0
0
0
0
0
4623
0
4558
0
0
0
0
0
127
0
0
0
4630
0
0
0
0
0
0
0
0
0
2105
0
0
0
0
0
4725
0
619
4662
0
0
0
0
4599
0
0
0
0
0
0
0
0
0
4521
0
4662
0
0
0
0
0
635
0
0
0
381
0
0
4692
0
0
0
0
1386
0
0
0
0
0
4639
0
0
731
1303
0
4677
0
0
179
0
0
0
0
0
0
0
0
0
0
0
0
0
0
0
4775
4587
0
0
1515
4796
0
0
0
0
0
481
0
0
4704
4650
259
731
0
0
0
0
0
0
0
0
1075
0
0
0
0
0
0
0
4626
0
0
0
0
0
0
0
0
0
0
0
4629
0
0
1223
1157
0
0
4537
0
0
0
1609
0
0
0
0
0
3088
0
0
0
0
0
4670
0
0
0
0
0
0
0
0
4759
0
0
0
0
0
0
0
4556
0
0
0
0
0
0
0
0
0
0
0
0
0
0
0
52
4644
0
0
4686
4656
0
0
0
0
0
0
0
213
4701
4573
3422
4653
0
0
0
0
0
0
0
0
4605
0
0
0
0
0
0
0
0
0
4230
4701
0
0
0
4667
0
4639
0
0
0
0
1369
0
0
0
0
0
0
0
0
0
4675
0
0
0
0
0
0
0
4613
0
0
0
0
0
0
4729
0
0
0
4574
0
0
0
4589
4629
0
0
0
0
0
682
0
0
290
0
0
0
0
0
0
0
0
0
0
0
0
4552
0
0
0
0
4830
880
0
0
4649
0
0
0
205
0
0
0
0
0
0
0
1287
0
4706
0
0
0
0
0
0
0
0
0
0
0
0
4606
4604
0
0
0
0
0
4513
0
0
0
0
0
0
0
0
4595
0
0
0
0
0
471
1593
0
0
0
0
0
4618
373
0
4629
0
0
0
0
0
0
4477
0
4168
4704
0
0
0
0
0
0
0
0
0
0
0
0
0
0
0
0
0
0
1461
0
4519
0
0
0
0
0
0
0
0
4600
4657
4712
0
0
4539
0
0
0
4641
0
0
0
0
0
0
4618
0
0
0
0
0
0
0
0
0
0
0
0
0
4174
0
0
0
0
0
0
4705
4685
0
0
0
0
0
0
4645
0
0
0
944
0
4745
0
0
0
0
0
0
0
4667
0
0
0
0
0
4726
0
0
0
0
0
0
4735
0
0
0
0
0
0
4633
0
4636
0
0
4716
0
0
0
0
0
0
835
4722
3360
0
0
0
0
0
0
0
0
0
0
0
0
655
4597
488
0
95
777
0
4588
0
4592
4196
0
0
0
0
0
0
0
0
0
1130
0
1540
4701
0
0
0
0
0
3161
0
4591
0
0
0
0
0
0
0
0
0
0
0
0
0
0
0
0
0
0
0
0
0
0
0
0
0
0
0
0
0
0
0
0
0
0
0
4576
0
0
1392
4606
0
296
0
4636
0
0
0
0
0
4547
0
0
0
0
0
4503
0
0
0
0
0
78
0
0
0
0
0
228
0
0
0
0
0
0
0
0
4557
0
4632
0
0
0
0
0
0
4723
0
0
0
0
0
0
4634
0
0
111
4614
0
0
0
0
0
4742
4510
0
0
0
0
0
0
0
0
4612
278
438
1017
0
0
0
0
0
0
0
0
0
0
0
0
0
0
4693
0
0
0
0
0
0
0
0
0
995
1020
0
0
0
0
352
0
102
214
0
0
392
0
0
0
4688
0
4619
0
4570
0
0
4717
0
0
0
0
0
4616
0
0
1444
0
0
4640
0
0
0
0
0
4150
191
0
0
4612
0
0
0
0
0
0
4739
0
0
4582
575
0
0
397
4680
0
0
0
1605
0
0
0
4742
0
4706
0
0
4167
0
0
0
193
1566
704
0
0
4563
0
0
0
4621
0
4600
0
0
0
0
0
0
4596
0
0
0
0
0
0
770
0
0
0
0
0
0
0
0
0
1457
0
0
0
0
0
0
1361
0
0
0
0
0
0
261
4690
0
0
4609
0
0
0
4585
0
0
0
0
4646
4716
0
4552
0
0
0
0
4613
0
4626
0
0
0
0
623
0
0
4552
1204
0
4742
0
4682
0
0
4683
4483
0
4154
0
985
0
0
627
0
0
0
4629
0
1711
0
0
0
0
0
0
0
0
0
0
0
0
0
0
0
0
4648
0
0
4614
0
0
4560
0
0
0
0
0
4537
4606
4573
0
4513
0
0
0
0
0
0
0
0
0
0
4621
4639
0
1593
0
0
0
12
0
0
0
0
0
0
0
0
0
0
0
0
0
0
413
4591
0
0
0
0
0
0
0
37
0
0
4737
4620
0
394
0
599
0
0
0
0
4781
730
4703
0
0
0
1031
0
1689
0
0
0
4669
0
0
0
0
0
0
0
4666
0
0
0
271
0
4622
1612
3287
0
4581
0
0
0
0
0
0
0
0
0
0
0
0
4674
0
0
627
1413
0
4700
0
0
0
0
4629
0
0
0
0
0
0
4565
0
4651
0
0
4621
0
0
0
0
0
1152
4616
0
0
0
0
0
0
0
1479
0
0
0
0
0
0
0
80
0
0
0
0
0
0
0
3573
0
0
4684
0
0
0
0
0
0
0
4558
0
0
0
0
0
0
0
4588
0
0
4731
0
0
0
0
1445
0
4611
4700
0
0
0
501
0
0
0
0
0
0
0
3471
0
0
0
0
0
0
0
0
2596
0
0
4672
0
0
936
0
0
0
4601
0
56
0
0
0
4586
0
0
4555
0
0
4626
0
0
0
4614
0
0
0
0
1421
1352
0
0
0
0
0
4725
4719
0
0
0
0
0
4775
4676
0
0
0
0
0
0
0
0
0
1005
0
0
0
0
0
470
0
0
0
0
0
0
4604
0
0
0
0
0
0
4566
0
757
0
0
0
0
0
0
4563
0
4532
0
0
264
0
0
0
0
0
697
0
0
4580
0
809
215
0
0
0
0
0
0
4688
0
0
991
4656
0
0
0
0
4626
0
4825
4484
0
0
0
0
0
0
4170
4194
0
0
0
4747
0
0
0
863
0
0
0
0
0
0
0
0
0
1532
0
0
0
0
0
0
0
0
0
0
0
0
0
0
0
689
4640
0
348
0
0
0
0
0
0
0
0
0
0
0
1540
0
0
4628
0
0
0
0
4582
0
0
0
0
0
4736
4516
0
0
0
4544
0
615
0
0
0
4480
0
0
0
0
4639
0
0
0
0
0
0
0
0
4625
645
4557
0
0
4738
4583
268
4655
0
161
0
0
0
0
0
0
0
0
0
0
0
0
0
806
0
1237
0
4647
0
0
0
0
577
0
0
0
730
4647
0
0
4570
0
718
0
0
0
0
0
580
0
0
0
0
0
0
0
0
0
255
0
36
0
0
0
0
4538
0
0
0
0
0
0
0
0
0
0
4576
0
0
0
1236
298
4574
0
0
0
0
0
0
0
0
761
4538
0
0
0
4568
1873
611
0
0
0
0
0
0
0
0
0
0
4648
4489
0
0
0
4702
0
0
0
0
1064
124
4570
0
0
0
0
0
871
0
0
4533
0
0
4662
0
4683
0
0
4633
0
4777
0
0
4598
0
0
4691
0
0
4624
4720
0
0
0
0
0
4639
0
0
4694
0
0
606
0
0
0
0
154
0
1220
4573
4609
0
4516
0
0
4670
0
0
0
1567
0
0
0
0
0
0
0
238
0
0
0
0
0
0
0
0
0
0
4696
1373
0
4626
0
0
0
4632
0
0
0
0
0
0
0
0
0
1644
0
0
0
0
0
0
1090
4637
0
0
0
0
0
4689
0
0
0
4734
1062
0
0
0
0
0
0
0
4691
4569
4567
0
100
0
0
4691
0
0
0
0
0
0
0
4468
0
0
0
0
0
4516
0
0
0
4625
0
4614
0
0
0
0
0
0
0
4603
0
0
4511
0
1221
4684
0
4679
77
0
0
0
4663
1071
4636
0
4551
0
0
0
0
0
0
4626
4602
0
0
0
0
4676
0
4739
0
0
4738
0
335
0
0
521
4697
0
0
4686
0
0
0
4655
0
4767
0
0
0
0
0
0
287
2860
0
0
0
0
4619
0
1095
1662
4802
0
0
4615
0
0
4629
0
0
0
0
4642
0
4688
0
0
4603
0
0
0
4589
4707
0
0
0
370
4671
0
0
0
0
0
0
4647
0
0
0
0
0
0
0
0
0
0
0
0
0
339
0
0
0
360
0
0
0
4625
0
4578
0
4626
0
0
0
0
0
4656
4648
951
4720
368
0
0
4613
528
0
0
0
0
0
978
0
4592
4698
0
0
0
4546
0
0
679
0
0
0
0
0
462
0
0
0
0
0
0
0
0
0
0
0
0
0
0
0
4704
1439
0
0
0
0
4857
0
0
0
0
0
0
0
0
0
0
0
1210
0
0
1205
0
0
1159
4516
0
0
16
0
0
4687
537
4698
0
1370
1169
0
3151
0
4660
0
0
69
0
0
0
1400
26
0
0
0
0
0
0
4663
4537
0
4602
1296
0
0
0
0
0
0
0
0
0
0
0
0
0
4467
4694
0
0
1671
0
3157
0
1081
4654
0
0
0
0
4521
0
4675
0
0
0
0
0
0
0
0
0
0
4727
4713
0
0
4639
0
0
732
0
0
4578
0
0
0
597
0
1407
0
0
0
1185
0
0
0
0
0
0
0
0
0
0
0
0
4709
0
1483
0
0
59
4648
0
0
48
0
0
0
0
0
0
0
165
0
0
0
0
0
0
0
0
0
0
0
4720
0
0
0
100
0
0
0
0
0
0
71
0
0
0
4693
0
0
0
4749
0
0
0
569
4700
4722
0
4563
4737
0
0
0
0
0
4645
0
0
0
0
0
0
4589
0
0
0
0
0
0
0
0
0
0
0
4638
0
4068
4666
0
0
0
0
0
0
0
0
0
0
375
4711
0
0
0
566
0
0
0
0
0
0
0
0
0
0
0
0
0
1440
0
0
0
0
0
0
0
0
0
1631
0
4568
0
0
0
0
0
0
0
0
0
0
4516
0
4712
0
0
0
0
0
0
0
0
0
0
4722
0
0
0
0
4527
0
0
0
3059
0
0
0
0
0
0
0
0
0
1398
0
0
0
4553
0
0
0
0
4621
0
0
1547
0
0
0
0
4690
4806
0
0
0
0
0
0
0
0
0
0
1632
0
4587
0
427
0
0
0
4665
0
0
4568
4626
0
0
0
0
0
0
4763
0
70
0
0
0
4630
0
0
0
4595
0
0
4583
4505
0
0
0
0
749
0
566
0
1628
1667
4771
4633
4702
1308
0
0
0
0
4607
0
1440
4724
0
0
0
0
0
0
0
0
0
0
1852
0
4539
0
4637
0
0
0
0
0
4712
0
821
0
0
0
0
0
0
0
0
0
0
0
0
0
0
0
0
0
4575
4661
669
0
0
0
4565
0
0
0
0
0
116
4735
1026
0
0
0
0
1425
0
0
0
0
0
4645
0
0
4570
4599
0
0
0
0
0
0
1333
0
0
0
0
0
0
0
0
0
0
0
0
0
0
0
0
0
0
0
0
0
0
0
0
0
0
1023
0
0
415
0
4723
0
0
0
0
4631
0
0
1101
52
0
4612
0
0
0
0
0
0
0
0
0
519
0
0
4631
0
0
0
0
451
0
0
0
0
0
0
0
0
0
0
0
0
0
0
0
4847
0
0
4686
0
0
4654
0
265
1048
0
0
252
0
0
0
4693
0
0
0
0
0
4621
0
0
4677
0
0
0
447
0
0
0
0
0
1067
0
22
4736
0
0
1270
0
0
4603
4660
0
0
0
0
0
4715
0
0
0
0
0
0
0
4666
0
4550
4621
0
0
0
0
0
0
0
290
0
0
0
0
0
0
0
0
0
0
0
0
0
0
0
0
0
4496
4649
0
288
0
0
4612
1003
0
58
0
0
0
0
0
0
4535
4632
0
0
0
0
0
0
0
0
4769
0
0
0
0
0
0
1623
4482
0
0
0
4623
0
0
0
0
0
0
0
0
100
0
0
0
1622
0
0
0
0
0
0
0
0
0
0
0
0
4696
0
0
0
0
0
0
0
0
0
1027
4664
0
4614
0
0
4638
0
0
0
4667
622
0
4321
0
0
0
0
0
4590
0
0
0
0
0
0
4535
0
4792
0
0
52
0
0
0
0
0
0
0
4599
0
0
0
0
4642
0
0
0
426
0
0
4598
4731
0
0
0
0
0
0
0
0
0
0
0
0
0
4661
1506
0
1144
4577
4690
0
0
0
0
0
463
0
0
4655
4713
0
4608
1356
0
0
0
0
1593
4434
4604
4615
0
0
0
0
0
0
326
0
4591
0
4680
0
0
0
0
0
0
0
0
0
4506
1539
4534
4694
0
4664
0
4653
0
0
165
0
0
1593
0
0
0
0
0
0
0
0
0
0
0
0
508
4790
0
0
0
0
0
0
0
0
4686
154
0
1503
0
0
0
0
4105
0
0
0
0
0
0
0
0
0
0
0
0
0
0
0
0
0
0
0
0
4571
4601
4558
0
4571
0
0
0
0
0
0
0
0
0
0
0
0
0
0
0
0
0
4523
0
0
0
164
0
0
1600
0
0
1600
0
0
1645
798
0
0
0
0
0
0
1320
0
0
0
0
0
0
1008
0
0
4581
0
0
4667
0
2029
1804
0
0
0
0
0
0
0
4684
0
0
0
0
0
0
4541
0
1162
0
0
0
0
0
0
0
4578
4670
0
0
0
0
0
0
0
0
4766
0
369
3198
0
0
142
0
656
0
0
4576
0
0
0
570
4588
1523
1427
0
0
4737
0
4621
0
0
0
1242
4
0
4627
0
0
0
0
0
0
0
4661
0
356
0
0
0
0
0
0
0
0
4732
0
0
0
0
0
0
0
0
0
4640
0
4602
0
669
1010
4665
0
0
0
0
0
0
0
0
631
0
0
0
0
4559
0
0
785
0
0
0
0
1279
434
4731
0
0
1324
0
0
0
4621
0
4692
0
4622
0
0
4608
0
0
1745
0
0
0
0
0
0
0
4639
0
0
0
0
0
0
0
0
0
94
4564
0
0
0
0
0
4593
4706
0
0
0
0
0
0
4617
0
0
0
0
1060
0
4488
4675
4738
0
0
0
372
0
0
0
1523
4564
4691
0
4639
4626
0
0
4550
183
0
4598
0
4702
0
4647
0
4561
0
0
0
0
0
0
4641
0
0
1750
0
0
0
0
4586
0
4532
0
0
0
0
0
0
0
0
2003
0
0
0
0
0
0
0
0
4534
0
0
0
0
0
4737
0
0
0
4673
0
0
4591
0
4564
0
0
4653
0
4221
0
0
0
0
0
4613
0
0
0
0
0
0
0
0
70
0
0
0
4665
0
0
4759
0
0
4631
0
0
4745
0
0
0
0
0
0
0
0
0
0
0
0
0
0
0
0
0
0
0
0
4731
0
4525
4705
0
0
0
0
0
4588
0
0
0
0
4660
0
0
4744
0
1654
0
404
4564
0
844
0
0
305
0
0
0
0
4744
0
0
0
0
0
0
0
0
0
0
0
4680
0
0
0
1360
0
4535
0
0
0
0
4653
0
4668
0
0
0
0
0
4635
0
4626
0
0
0
0
4630
0
0
0
4677
0
3099
0
0
0
4591
972
0
0
4537
0
0
0
0
0
0
0
530
0
0
0
0
0
4620
0
4653
209
0
0
0
0
0
4718
0
0
0
0
0
2780
1666
0
0
0
4710
0
0
0
0
0
0
4626
0
0
0
0
0
0
180
0
0
0
0
0
0
0
4697
0
0
478
0
0
0
0
0
4680
4628
0
0
0
632
0
0
0
1684
0
0
4782
0
0
0
0
0
0
0
0
0
0
0
1560
0
0
0
0
0
0
4631
0
4675
0
0
0
0
511
0
0
0
0
4735
0
0
0
0
1609
0
4628
0
4626
0
832
191
4610
0
0
0
0
0
207
0
0
1059
0
0
3
0
0
0
0
0
0
0
147
4620
0
0
0
0
0
0
0
1205
0
0
0
4699
126
0
0
0
0
0
0
0
4621
4699
0
0
822
0
4604
0
1970
0
0
0
0
0
0
253
0
0
4573
0
0
0
1203
0
0
4585
0
4657
0
0
0
4660
0
0
4754
0
0
0
0
853
0
4747
0
4679
0
0
0
916
0
1450
1146
0
793
0
0
0
4596
0
0
166
0
0
0
0
0
0
0
4582
0
992
0
0
4617
0
0
0
0
136
0
0
642
4614
0
0
0
439
0
0
0
0
0
0
302
0
0
0
0
0
0
0
4633
4581
0
4511
0
1346
0
4747
0
0
0
0
0
0
1487
4537
0
0
0
4709
0
0
4557
4731
0
0
4646
0
4757
0
28
0
0
0
0
0
0
0
4625
0
0
0
4662
0
0
706
0
0
0
4660
0
4610
0
4551
0
4617
801
0
0
895
0
303
0
4660
0
4625
0
0
0
0
0
0
0
0
0
0
0
0
0
0
0
0
0
4722
0
1039
0
0
0
0
0
4688
0
4589
0
0
0
0
0
0
0
0
0
4559
0
0
0
0
0
754
0
0
0
0
116
0
0
0
0
4614
0
0
438
0
0
0
0
0
4604
1110
0
0
11
220
0
0
0
0
3203
0
0
0
0
365
0
0
0
0
0
4711
4609
0
1332
0
0
4605
0
0
1616
0
0
0
0
4633
0
4194
0
0
0
0
0
0
0
4685
0
0
0
0
1302
0
4704
0
24
0
0
0
0
0
0
0
0
4567
0
4399
4660
4620
0
4538
0
0
0
0
4647
0
0
0
678
0
0
0
0
0
0
4661
0
278
0
4619
4694
0
0
860
0
0
0
0
0
4660
4704
0
0
0
0
0
4771
1523
127
1862
0
0
0
0
4563
0
1781
1110
0
0
0
0
0
0
0
529
4424
0
0
605
0
0
0
0
1682
0
4575
0
0
0
747
4617
4082
0
0
0
4578
0
636
0
0
0
0
0
4709
0
0
0
0
1315
0
0
0
0
180
0
0
0
0
0
0
0
0
0
381
0
0
0
0
0
4594
0
4527
0
0
0
4656
4691
0
4617
0
0
0
0
0
0
0
0
0
0
0
0
0
0
0
0
1598
4672
0
4724
0
0
214
577
0
0
4619
605
0
0
218
0
0
0
4459
0
0
0
0
4657
4595
1190
0
0
76
0
0
0
0
0
0
4537
0
0
0
0
0
4573
0
0
0
0
1190
0
0
0
1006
4641
0
0
130
0
0
0
0
0
0
0
0
0
90
0
0
0
0
4600
0
0
1516
4592
0
4720
0
0
0
0
0
0
4765
371
4582
0
0
0
0
0
0
4614
0
0
4633
0
0
1645
0
0
0
0
543
0
0
4194
0
0
0
0
4642
4799
0
0
2625
4693
0
0
0
0
0
0
0
0
0
0
0
0
0
0
4314
0
0
0
0
0
0
4679
0
0
0
0
4612
0
0
4604
0
0
4634
967
101
0
0
0
0
0
0
4647
0
990
4766
4661
4668
0
4035
4590
0
0
0
0
0
0
4580
0
1594
0
0
4606
0
0
4771
0
0
0
328
0
0
0
0
4578
0
0
777
4675
0
0
0
4096
0
0
0
0
0
0
0
0
174
0
0
0
0
0
0
0
0
0
4673
0
0
0
4510
0
0
0
1074
4644
0
0
0
0
0
0
0
4669
704
0
0
0
0
0
0
0
0
4544
285
0
0
0
1449
4517
272
0
0
0
0
0
0
0
0
0
0
0
0
0
713
0
0
0
0
0
4620
4571
0
0
4605
0
0
0
4619
0
0
0
0
4535
4664
0
0
0
0
0
1539
0
0
0
1105
0
0
0
0
0
0
0
0
0
0
4520
0
0
18
0
0
4712
0
0
0
0
233
4719
0
4678
0
0
0
0
0
494
0
0
0
0
4709
0
0
209
0
0
0
283
1183
520
0
0
875
4489
0
0
278
4671
4601
845
4641
0
0
0
0
4648
0
0
0
0
0
0
281
0
0
4152
0
0
0
0
0
0
0
0
0
0
4528
4625
0
0
0
4679
4536
0
0
0
0
0
4608
4750
0
