1022
903
970
899
0
792
872
851
0
931
0
781
0
814
897
885
858
758
0
0
912
858
864
891
0
899
830
873
536
907
952
799
929
926
848
684
953
0
0
876
909
754
853
941
838
901
682
902
0
950
0
905
729
909
853
0
825
0
739
0
822
921
928
880
693
923
687
808
865
758
0
0
897
952
890
0
892
825
843
876
0
956
0
759
819
923
0
914
863
830
809
883
958
776
812
0
904
749
886
733
690
913
863
821
932
844
777
781
0
826
0
874
900
822
865
949
0
868
714
750
826
803
0
886
870
104
807
725
877
840
820
696
913
741
892
768
986
0
889
843
988
692
735
875
938
825
774
778
748
766
797
924
883
877
790
889
810
969
789
866
810
998
808
791
837
959
798
949
1027
984
897
690
764
742
869
891
818
0
806
675
745
813
888
832
857
823
892
867
950
848
900
858
707
841
863
859
863
478
743
882
916
922
796
0
200
122
953
545
0
824
944
880
767
0
911
739
843
843
0
898
755
869
885
810
0
944
753
868
933
939
807
897
919
921
880
762
867
853
913
771
937
827
865
0
854
833
948
765
694
798
739
826
950
763
0
920
888
713
0
631
804
846
914
853
914
933
793
668
902
924
878
969
929
0
777
910
860
919
872
976
841
877
924
879
794
895
990
920
981
0
903
0
862
834
833
945
911
808
888
867
751
14
957
766
771
674
827
0
871
864
685
719
617
735
892
852
959
922
919
870
921
885
952
864
774
814
41
904
0
915
0
642
904
871
765
947
935
690
0
747
925
699
0
0
757
860
803
972
988
0
835
871
703
847
0
927
763
885
879
792
1010
847
870
890
828
763
864
787
0
860
694
896
888
890
0
939
867
839
891
0
922
948
678
722
0
816
971
0
893
934
833
794
867
886
910
804
951
796
943
938
926
947
917
848
0
849
860
764
854
758
901
0
857
922
808
929
781
906
705
883
717
747
917
873
824
961
873
859
897
913
766
843
10
890
0
954
926
921
785
873
888
789
847
877
837
938
946
0
843
955
913
793
942
960
842
703
769
749
857
0
875
949
831
747
826
841
715
763
799
893
0
928
778
850
910
872
971
735
820
772
923
841
935
899
727
816
914
866
884
721
824
787
847
904
854
918
865
723
975
723
919
831
837
977
962
929
0
863
134
908
911
869
0
824
787
897
900
837
879
890
0
0
928
821
0
931
823
870
0
874
789
886
915
741
874
677
854
826
868
710
835
870
936
0
827
861
940
646
818
742
938
879
884
904
695
962
911
772
864
823
881
950
817
869
0
745
869
726
805
882
844
904
871
0
0
935
856
916
858
79
223
872
871
809
886
0
829
911
867
739
841
0
897
917
0
761
862
797
828
773
875
825
857
734
840
882
921
826
854
726
854
891
856
49
834
0
891
852
754
953
0
762
819
923
837
772
810
783
788
754
919
921
781
852
889
720
867
786
723
879
991
829
875
0
801
899
863
839
821
682
778
760
0
848
911
681
761
727
518
954
42
861
760
939
921
749
1006
797
853
790
778
715
804
888
0
878
982
870
0
678
845
946
945
848
0
947
790
854
790
899
837
931
824
0
674
758
861
917
873
908
838
869
0
780
1024
723
838
854
786
893
172
0
795
796
897
881
723
826
908
903
0
867
859
847
929
919
941
819
0
944
915
0
806
942
955
874
763
960
881
873
807
940
839
685
907
895
896
0
767
850
783
807
0
885
0
868
906
929
805
786
827
888
889
766
895
909
942
0
0
861
0
747
791
846
873
878
0
691
748
779
0
819
913
860
861
918
793
0
875
768
804
866
670
764
918
901
858
0
934
0
919
964
0
0
910
896
945
853
852
988
0
986
682
953
656
859
926
0
852
874
883
781
0
798
901
887
0
814
894
0
850
883
795
809
956
830
935
798
775
705
879
901
816
929
0
956
816
826
964
741
885
46
0
917
969
795
817
711
810
853
905
900
934
881
0
829
730
913
812
778
880
0
720
803
918
707
947
785
717
782
850
933
897
864
874
0
710
840
904
685
908
898
770
860
912
901
876
126
0
0
819
712
736
787
815
0
883
947
0
900
806
863
780
0
908
904
925
854
814
840
881
729
754
752
897
934
924
901
863
874
781
971
811
677
52
868
791
917
812
758
886
690
0
0
892
753
854
871
818
981
832
884
728
939
0
676
0
955
0
807
864
809
887
0
890
818
0
884
815
759
870
874
828
687
682
860
779
907
841
921
882
692
854
890
0
807
820
909
845
0
729
871
883
915
862
854
892
879
918
0
815
817
856
783
903
984
902
0
819
956
917
813
871
0
937
905
926
942
878
877
969
904
937
887
138
929
769
957
967
951
811
866
706
973
14
783
903
809
947
932
692
835
894
869
878
808
814
901
848
827
843
909
839
869
689
791
894
709
775
804
805
860
965
796
918
904
96
0
751
829
805
885
907
947
0
861
811
853
859
889
729
929
750
917
891
805
872
848
897
736
0
836
657
849
837
0
857
802
898
836
832
944
696
915
872
939
947
931
921
903
924
878
736
943
813
887
144
796
740
723
807
938
739
932
885
937
795
889
975
890
927
704
935
848
915
961
923
806
889
881
737
869
850
794
934
798
871
925
0
797
980
736
860
952
0
931
0
859
0
777
781
916
927
846
0
0
835
879
788
897
678
833
831
803
754
946
978
835
852
0
807
876
719
808
803
853
867
0
900
826
845
943
977
876
938
852
887
733
876
0
1005
919
0
869
0
930
869
919
822
852
836
955
852
884
857
0
799
878
823
672
872
863
733
0
902
888
940
895
53
965
797
750
973
788
169
819
738
659
909
686
854
865
979
810
0
820
852
925
939
708
921
746
758
769
939
804
943
0
892
916
662
872
945
922
889
724
723
847
798
841
855
901
878
858
832
7
798
900
895
889
908
778
719
850
796
839
806
953
841
920
784
836
928
788
902
760
990
836
808
852
919
865
841
720
926
849
879
714
791
899
794
945
897
796
770
952
899
792
839
725
894
872
881
0
970
808
0
938
888
769
946
329
873
974
853
787
944
802
663
1001
719
881
901
0
105
931
909
926
807
772
847
888
696
935
666
706
0
799
998
914
905
0
913
840
928
900
692
922
0
881
946
834
784
823
0
884
724
0
802
800
701
0
919
903
983
802
977
818
823
846
807
891
662
978
0
838
913
946
759
812
782
824
808
0
869
872
881
899
933
906
1008
909
785
797
928
778
818
0
810
943
899
893
908
844
929
946
0
865
849
793
751
0
876
760
0
862
819
766
852
923
901
0
838
752
811
861
859
910
0
873
822
938
507
855
831
891
874
711
0
917
904
931
890
769
794
929
792
0
639
909
708
850
0
789
915
873
0
786
831
796
860
886
829
0
998
916
926
830
0
956
894
897
844
765
1001
878
868
877
819
869
0
821
861
878
879
912
200
906
0
0
834
930
892
946
0
935
0
801
907
826
847
1006
916
0
0
942
787
898
816
717
935
837
797
910
750
679
859
816
814
789
0
15
884
771
765
786
0
956
902
887
866
759
782
970
867
910
827
949
752
845
904
899
786
890
946
948
0
753
759
0
758
968
942
748
914
710
839
938
723
947
827
918
803
678
860
709
0
1003
777
786
927
863
804
739
935
847
918
818
891
0
906
898
880
744
831
789
796
0
916
841
934
917
902
822
789
846
0
882
846
846
969
857
850
953
842
687
913
873
856
721
888
970
836
955
842
708
920
892
703
934
0
0
881
836
973
736
0
709
893
888
882
895
0
882
819
928
935
846
720
805
922
956
794
831
809
889
843
0
850
898
681
818
758
841
861
864
862
965
919
894
902
825
729
827
815
698
0
823
0
747
648
879
839
698
948
731
801
967
0
870
0
750
831
880
742
828
738
723
662
0
786
895
0
864
885
791
881
815
751
901
933
768
0
726
132
859
762
880
742
0
928
822
925
854
931
764
0
863
0
852
753
0
735
835
836
725
0
0
703
930
718
838
814
855
0
845
0
753
758
771
923
885
960
909
0
1011
0
865
918
0
0
854
738
931
896
716
0
842
882
779
870
0
863
0
919
841
940
802
0
0
922
957
799
770
863
899
940
872
767
0
967
859
874
881
837
0
928
715
614
926
855
855
956
828
711
932
815
904
820
734
0
887
781
853
894
745
737
984
10
878
815
874
832
884
134
804
0
700
928
802
0
0
856
716
50
0
923
0
942
843
851
849
1030
979
574
894
776
778
0
865
741
581
793
699
788
892
966
740
0
832
857
806
0
684
950
898
939
887
0
828
891
0
866
877
12
1016
908
874
831
791
900
896
795
0
0
912
957
755
704
0
776
889
645
0
886
1014
864
754
800
678
824
935
969
0
0
764
841
0
942
786
905
931
810
865
0
903
748
810
793
0
642
857
833
764
969
948
870
839
899
0
858
0
812
897
0
897
770
928
831
0
934
853
0
824
0
855
710
673
808
796
797
0
821
932
818
0
922
941
874
668
784
883
945
807
841
964
858
803
0
805
967
903
950
798
933
909
799
801
754
893
916
949
811
905
0
672
812
700
0
808
796
0
886
882
805
0
0
886
911
885
0
6
886
252
839
766
919
786
890
862
855
921
929
718
748
652
898
737
920
0
893
888
901
0
864
901
928
955
0
836
840
925
831
750
789
733
964
642
887
992
0
0
954
745
966
825
0
879
865
962
857
656
908
674
895
946
525
835
762
957
850
821
803
882
803
866
816
877
872
921
882
810
726
816
811
975
856
883
743
0
862
888
689
787
900
756
918
794
922
0
933
848
899
817
643
592
930
988
930
939
927
880
877
823
922
0
854
728
705
846
0
0
940
867
860
941
885
773
903
824
982
0
848
0
762
561
945
812
929
944
937
0
890
954
0
841
804
906
0
547
67
886
930
0
822
733
831
768
0
875
889
793
0
953
920
782
884
881
882
781
860
821
956
905
714
783
937
894
914
844
800
0
929
785
769
788
730
876
776
87
868
915
945
667
866
946
920
778
951
881
0
952
0
828
923
783
862
835
832
935
804
919
741
915
0
896
741
815
841
794
919
902
878
0
871
935
0
955
685
742
0
740
0
857
922
896
0
854
757
0
0
931
894
790
769
0
946
0
910
974
954
870
848
783
850
789
754
817
886
788
929
0
974
978
939
956
869
901
956
0
939
836
778
735
974
804
739
837
888
820
934
941
747
713
808
860
780
818
685
935
777
925
890
946
897
773
919
922
892
834
751
880
894
0
51
807
0
944
889
930
922
717
846
666
0
801
707
877
931
704
918
0
57
799
946
878
963
827
840
644
897
932
951
905
782
0
893
928
799
936
675
900
744
776
958
830
0
982
692
945
804
796
860
902
829
920
0
786
787
731
907
855
955
948
752
912
105
860
0
892
881
3
806
953
0
993
778
956
852
844
842
966
953
951
669
877
776
937
813
817
863
966
870
0
850
735
862
926
851
856
0
712
910
885
714
824
885
812
756
871
680
853
847
874
919
893
900
850
13
875
788
887
940
873
721
0
860
841
0
859
804
702
815
766
0
0
0
855
0
918
902
629
795
899
707
754
0
957
0
753
880
767
871
927
864
881
798
0
883
308
952
843
941
828
844
737
816
882
760
926
795
862
920
659
728
0
780
879
951
0
891
0
742
794
952
878
900
892
903
0
927
0
845
939
868
849
802
834
882
846
982
906
705
675
862
637
870
895
892
850
749
834
940
861
853
786
883
891
831
0
928
948
893
599
0
970
893
923
979
903
966
849
940
886
859
797
558
0
0
60
0
743
848
560
893
551
885
0
882
841
818
710
789
859
841
771
860
771
919
871
658
766
851
868
0
726
828
0
920
878
900
0
845
930
760
865
849
785
965
840
653
883
805
885
717
868
972
744
979
720
831
871
663
738
0
853
797
735
866
714
710
903
976
701
741
210
0
882
827
864
608
818
0
828
859
951
0
0
0
863
687
0
900
903
784
968
909
795
924
707
0
339
804
942
906
865
736
747
907
983
872
707
849
699
864
695
727
741
1005
800
877
914
714
838
769
874
776
0
871
954
921
851
812
796
865
0
797
811
855
70
873
823
853
774
0
786
805
826
908
0
802
843
764
727
709
914
891
948
707
882
840
0
758
854
730
932
930
906
777
893
904
876
819
664
896
933
789
843
746
814
699
692
0
675
824
674
858
937
960
811
861
954
859
880
858
0
817
181
892
890
906
875
841
864
911
0
787
774
937
858
638
862
972
929
919
648
801
889
908
943
894
823
846
926
889
865
874
772
892
824
688
820
911
946
757
0
795
921
701
0
132
843
894
668
850
892
913
951
768
922
765
0
497
953
821
924
821
757
911
794
0
0
917
925
953
810
868
811
849
815
806
931
841
786
0
797
696
807
878
788
0
159
829
0
918
744
854
123
0
868
915
0
891
937
820
843
907
812
0
0
879
798
944
515
871
863
881
969
797
886
873
936
850
867
654
853
946
882
674
914
951
16
892
835
761
873
0
790
757
834
819
825
877
883
955
956
943
893
980
913
754
0
0
901
862
983
674
768
908
759
874
788
804
254
931
912
0
948
819
723
884
876
862
766
847
963
0
736
773
961
817
0
870
764
842
742
910
832
812
855
902
924
944
733
940
777
954
905
885
873
88
942
688
960
907
765
933
841
828
0
707
858
967
814
0
869
0
940
902
842
0
785
740
870
0
950
721
818
816
845
901
926
907
868
780
678
838
828
638
956
818
681
824
800
0
850
863
768
758
905
855
856
879
883
816
747
886
762
862
896
666
909
923
876
932
931
868
959
1011
847
774
780
939
886
889
915
922
815
800
878
840
921
724
0
862
913
827
0
827
811
881
849
747
757
0
1012
888
746
724
776
787
857
867
0
683
717
0
776
864
869
829
895
0
732
867
0
0
967
871
769
951
697
889
869
112
814
878
970
926
719
923
779
0
828
883
795
897
855
781
0
0
830
890
915
853
869
818
853
898
709
974
810
526
887
885
915
0
749
679
930
882
719
735
893
733
865
858
689
969
915
923
822
866
0
813
712
686
852
732
870
853
928
905
941
905
0
909
790
960
976
911
928
814
922
668
873
741
927
911
890
944
891
906
943
810
918
0
879
805
871
895
879
873
959
899
0
783
0
665
948
753
896
939
0
909
0
697
912
843
943
804
856
890
171
866
867
819
781
940
931
908
912
940
856
775
941
866
805
714
958
858
720
821
0
840
904
0
743
0
922
898
646
731
906
828
891
898
847
745
856
885
931
862
0
766
681
870
780
0
931
761
722
792
894
860
693
921
888
911
843
832
878
870
724
860
909
922
846
810
707
0
638
0
889
685
835
905
0
0
928
847
840
766
712
0
858
0
787
858
878
895
882
0
882
910
867
794
724
841
851
0
0
819
851
964
874
829
833
797
834
750
732
864
883
868
512
811
859
850
924
761
919
836
864
0
876
896
746
972
959
849
0
813
846
891
922
0
821
945
947
850
133
939
897
892
920
852
0
715
884
699
887
0
883
773
886
686
936
0
872
919
824
0
801
946
959
0
777
969
6
850
984
898
899
843
856
941
960
698
868
953
951
853
864
891
887
902
799
919
922
830
845
837
858
847
835
0
875
868
859
780
845
874
883
0
759
896
887
828
862
911
873
845
910
753
907
938
802
825
877
923
949
817
880
803
868
911
144
902
0
844
6
836
0
0
873
0
0
0
894
937
918
834
847
814
0
923
793
935
0
897
829
0
910
887
880
907
644
706
743
855
835
816
928
855
842
848
966
927
848
788
808
999
827
861
888
0
922
819
861
881
723
0
751
925
0
907
674
731
947
0
0
973
853
827
876
848
865
709
915
882
915
872
0
918
913
804
0
777
746
793
717
947
1037
0
864
839
699
791
839
961
0
0
855
843
811
0
816
822
749
931
801
852
0
0
953
749
926
775
942
759
781
701
844
948
959
801
0
956
891
906
973
827
878
930
744
0
838
899
941
881
0
952
976
0
874
937
60
646
956
934
891
802
996
825
739
858
932
0
878
828
928
0
739
0
905
832
743
0
814
785
829
0
857
758
797
868
826
788
872
821
0
825
679
914
765
822
927
800
642
907
873
0
864
847
0
800
869
878
892
860
827
975
819
868
742
927
934
896
907
851
854
822
898
815
873
890
874
800
949
833
927
808
966
895
928
908
838
901
0
721
922
0
0
0
0
848
810
880
903
886
850
0
872
509
876
831
803
0
0
796
846
930
0
0
846
168
936
863
849
785
4
837
885
0
869
718
775
868
933
779
729
913
899
736
855
936
811
884
808
782
680
0
926
0
914
977
893
868
881
0
0
876
778
791
0
920
859
884
853
892
825
872
848
0
797
842
877
933
805
957
864
800
912
856
868
710
890
695
941
835
826
926
710
893
877
869
954
869
0
887
656
933
862
916
127
841
908
971
894
909
0
908
754
964
844
870
996
848
912
746
802
873
751
759
955
781
745
917
919
0
845
942
772
918
970
780
906
880
916
915
854
791
877
750
904
793
768
817
798
875
835
888
871
801
924
938
943
804
721
983
761
838
939
860
708
842
62
901
854
72
0
824
975
910
826
913
773
887
847
967
836
909
808
949
911
760
834
871
956
854
890
860
902
900
800
844
818
0
931
818
930
840
901
893
826
872
0
830
1004
0
830
790
907
907
921
741
933
0
0
584
569
765
947
852
825
896
804
0
157
891
765
918
957
0
760
906
889
894
718
721
738
0
74
888
827
730
750
728
883
770
0
793
898
866
835
785
0
887
906
890
856
888
0
893
0
934
901
886
826
926
924
0
964
891
691
863
876
931
740
839
764
0
879
812
909
930
749
0
948
675
861
0
896
738
912
939
886
928
0
878
856
920
821
906
849
904
885
897
0
0
936
0
847
930
932
880
699
0
738
858
922
899
865
910
728
903
0
737
797
763
0
372
935
981
823
0
909
727
807
926
0
718
857
879
812
932
47
705
852
738
600
844
836
759
156
963
836
920
871
0
781
749
957
0
825
945
722
941
957
803
896
859
849
966
867
891
869
810
818
812
900
884
823
698
856
651
929
798
886
912
808
0
769
865
844
885
932
815
785
849
852
810
795
883
884
798
791
845
845
752
1005
928
840
617
788
875
0
0
908
805
918
733
744
730
835
796
854
950
749
682
939
864
924
957
882
907
184
879
957
731
926
907
20
928
874
798
893
882
0
765
888
0
679
813
0
724
799
0
961
739
759
824
831
0
828
0
919
870
799
708
866
904
0
832
774
921
902
883
0
866
939
936
847
893
904
870
919
878
943
690
769
689
929
907
852
733
0
824
884
835
811
823
884
0
833
676
914
713
954
836
0
779
0
922
816
0
874
894
803
898
831
832
834
810
0
897
0
660
0
904
873
0
898
886
915
994
850
723
0
714
883
930
798
824
945
0
991
0
956
776
854
883
841
851
0
903
938
652
855
788
0
837
876
847
760
903
875
836
870
762
886
865
954
744
824
17
937
842
826
931
797
783
869
747
831
850
984
668
964
887
947
940
859
955
0
808
872
880
795
832
812
903
727
838
753
836
934
932
971
890
900
798
824
875
476
897
920
878
894
929
747
802
851
840
862
754
815
794
789
28
0
0
793
765
0
847
897
793
856
915
706
847
727
888
821
870
932
888
870
493
844
816
893
818
888
634
761
0
829
828
793
885
816
166
939
0
710
845
831
917
733
0
934
0
0
923
0
813
946
745
826
776
876
818
914
862
825
812
706
0
903
858
0
679
963
845
861
894
932
877
815
947
828
807
828
871
0
761
823
927
865
850
867
893
809
854
923
888
704
953
873
694
806
161
960
942
907
875
789
960
873
878
824
840
923
861
826
949
879
850
920
881
914
861
889
963
907
715
844
885
987
145
866
899
0
0
900
860
954
820
833
805
818
832
875
801
923
946
853
926
818
759
875
838
858
0
724
915
0
924
903
949
0
784
0
978
737
757
663
840
910
875
920
803
861
842
932
826
864
953
727
889
957
772
893
736
831
853
969
910
895
967
756
927
678
731
868
764
821
922
905
910
946
0
736
723
900
820
921
877
837
686
707
841
887
871
0
845
120
852
850
900
953
806
904
832
877
789
0
982
760
931
0
782
941
851
966
921
829
776
827
916
851
876
848
848
942
920
915
675
858
910
809
897
764
911
858
868
906
879
903
770
908
983
788
946
825
877
862
38
846
957
0
774
796
663
855
872
803
939
853
0
935
805
890
981
835
911
868
0
784
841
663
833
823
939
648
879
866
851
0
811
891
781
0
828
884
824
693
804
885
862
896
0
505
950
803
875
0
982
928
0
847
0
829
949
815
0
799
861
850
859
944
908
755
0
890
649
904
797
872
875
741
721
948
701
0
930
882
822
918
878
940
814
848
914
977
1004
936
0
809
856
845
865
840
781
793
729
914
866
902
889
898
892
753
817
0
712
0
837
788
838
717
737
803
837
0
749
783
910
882
776
0
844
893
0
851
890
880
872
885
801
0
0
797
903
757
768
785
829
800
834
917
867
935
0
799
24
949
848
912
0
909
947
936
1002
857
0
9
928
909
0
875
0
933
751
774
157
936
805
902
807
0
898
302
882
918
894
927
839
735
873
934
776
881
789
859
849
759
795
892
883
883
854
756
903
919
792
850
825
835
703
795
863
0
888
0
973
894
806
948
728
882
786
897
884
669
852
877
659
889
846
824
814
855
0
845
855
823
705
928
831
0
910
740
0
928
751
923
901
724
599
840
875
846
936
942
647
929
730
623
876
0
869
913
931
862
0
734
684
886
981
150
0
743
879
942
764
834
860
892
953
0
818
886
0
773
660
909
862
917
907
808
0
969
949
783
763
697
862
773
904
958
869
45
782
879
788
0
924
787
912
0
928
782
896
816
901
942
774
774
838
763
932
803
803
832
0
946
853
814
0
51
895
0
171
819
873
0
849
763
691
846
740
794
0
845
834
770
0
871
867
5
0
906
871
803
829
873
928
922
0
0
940
670
754
952
992
796
765
945
722
879
920
904
823
873
894
923
821
910
928
0
29
838
883
819
870
838
879
796
846
876
857
858
867
696
778
0
0
701
685
720
892
933
852
945
873
711
0
894
782
816
0
979
851
887
953
963
727
844
0
750
884
828
924
741
951
886
719
943
921
798
54
930
872
804
956
810
897
862
896
857
822
0
888
816
0
803
745
817
0
919
872
933
838
0
675
0
851
768
667
670
952
973
0
0
860
772
877
799
822
963
811
955
853
864
824
6
924
765
907
844
872
789
886
836
0
0
0
797
0
944
863
0
782
870
953
865
985
841
828
0
850
867
783
950
877
874
716
869
753
0
907
0
793
793
0
0
893
870
798
808
760
778
703
856
490
726
918
851
0
728
805
692
836
782
728
902
830
701
0
0
819
749
903
888
750
910
939
877
962
795
724
872
896
940
743
827
927
978
919
873
0
854
757
0
773
896
0
899
128
897
714
802
765
849
783
927
770
0
697
0
771
852
838
881
859
944
642
923
898
694
784
813
794
965
851
908
805
950
0
893
869
785
832
824
951
855
873
824
805
897
885
880
869
943
890
0
780
887
0
907
907
834
899
936
944
938
876
669
923
908
851
754
895
838
0
919
833
838
851
0
881
0
820
729
853
842
104
836
804
817
912
0
919
861
853
940
919
920
746
687
946
835
839
0
857
859
939
902
841
929
887
818
814
853
917
877
847
785
878
808
0
937
784
118
0
0
0
937
0
863
856
830
898
901
830
836
746
773
985
933
0
787
971
908
923
964
796
808
957
824
713
0
945
699
895
845
928
846
911
850
812
865
910
863
760
880
870
848
915
818
756
904
914
0
844
818
179
695
0
902
533
849
879
715
920
699
927
748
873
808
897
956
0
963
925
776
0
856
875
0
877
843
814
907
965
944
743
874
849
912
747
0
915
774
871
944
908
862
840
831
0
602
903
845
928
770
869
904
897
848
797
0
810
907
956
844
714
832
0
939
928
97
908
725
824
845
849
926
958
812
909
957
892
678
875
843
0
810
736
0
922
727
954
726
970
883
808
694
0
871
0
982
724
919
869
734
870
919
702
747
917
841
847
838
966
1000
870
655
878
898
786
761
808
0
729
850
835
0
860
893
969
781
0
800
903
775
798
869
721
822
888
856
877
845
811
892
823
0
867
0
690
940
286
726
855
893
886
901
0
809
910
867
884
917
664
815
0
851
796
813
680
917
872
809
912
953
836
900
834
897
864
858
850
634
891
739
858
922
50
790
960
713
893
0
693
807
845
906
878
0
114
810
731
928
895
896
855
937
892
697
820
880
761
711
994
923
842
140
822
974
863
760
755
776
796
839
944
845
833
725
762
834
881
0
803
839
856
819
977
0
900
936
812
672
713
877
874
959
889
761
794
721
0
882
761
852
871
733
775
0
977
0
760
900
819
944
871
848
864
833
0
828
847
0
838
720
925
902
907
870
928
917
848
780
886
860
751
863
862
875
163
891
732
891
830
793
958
787
860
846
791
963
938
844
885
895
822
897
887
843
960
874
885
0
922
24
969
980
814
869
818
0
765
895
914
982
794
771
788
784
0
0
0
900
811
0
959
831
953
742
838
852
0
818
917
882
736
667
821
888
817
772
889
928
725
732
0
0
821
825
888
0
803
765
934
930
841
841
0
820
939
992
762
840
0
981
685
801
753
858
632
935
841
0
769
924
744
882
924
881
685
766
0
0
754
894
0
0
963
881
965
853
917
750
745
966
835
946
884
745
611
971
0
0
898
0
779
840
889
803
885
918
938
0
688
0
0
938
828
900
857
0
962
831
836
917
736
693
830
826
916
884
823
979
0
961
893
823
859
0
925
954
840
925
740
897
708
806
716
891
817
716
935
907
891
936
911
901
844
848
696
825
899
860
763
795
871
751
690
945
964
857
770
918
917
729
801
936
922
972
985
898
0
976
856
879
774
957
0
665
764
725
0
894
680
872
841
745
811
0
896
982
719
807
823
0
0
875
879
851
905
668
0
884
904
0
806
851
0
0
795
892
810
763
911
898
917
0
815
0
749
0
823
841
868
918
0
54
987
742
695
955
776
855
817
913
872
862
798
867
843
822
773
845
882
925
887
767
754
805
0
849
953
906
732
893
0
773
124
0
968
955
908
809
880
721
861
898
869
0
826
978
714
139
718
906
882
0
836
0
802
926
837
873
792
923
848
769
0
88
913
861
898
830
918
946
962
876
886
866
798
759
891
695
851
942
910
924
900
856
0
892
880
853
817
0
850
913
799
850
748
946
808
866
802
874
907
947
762
809
0
697
778
905
826
845
812
892
695
929
781
817
0
940
773
844
760
881
682
653
860
715
817
0
931
918
926
867
839
870
935
901
853
960
833
796
0
793
981
0
925
821
0
0
834
917
938
864
940
792
0
0
845
0
741
689
724
847
715
856
872
815
825
891
936
785
857
918
752
1020
0
809
905
809
824
851
932
646
676
807
792
923
835
0
724
982
898
911
814
894
742
834
0
747
0
873
900
937
925
902
917
869
924
750
702
870
84
885
805
969
0
785
950
761
817
0
723
907
993
801
0
677
0
776
874
803
928
0
825
963
854
677
839
917
886
0
898
828
732
905
829
734
853
759
662
928
872
779
766
793
836
0
810
943
830
901
796
823
0
940
922
1005
631
936
852
758
890
778
813
0
840
964
926
958
949
0
873
981
0
891
828
922
979
860
761
859
0
825
715
926
828
906
0
817
771
848
11
787
935
647
935
840
885
960
801
822
801
859
915
871
681
722
912
638
0
865
802
699
943
859
946
835
883
723
802
129
0
821
826
970
936
938
874
852
852
860
930
911
815
910
825
750
655
951
907
909
763
813
914
904
973
918
517
904
875
795
836
876
0
819
977
851
840
821
919
822
902
0
934
0
909
912
714
920
14
795
958
943
951
826
870
856
870
925
807
0
904
824
969
828
906
0
872
773
701
856
882
870
795
845
867
881
804
914
879
808
815
918
929
791
0
918
877
934
803
874
783
765
985
796
868
930
886
0
923
885
889
886
729
0
0
815
840
722
0
863
1000
947
0
932
891
956
940
846
909
0
961
941
872
0
0
943
779
731
920
993
855
845
725
781
713
509
631
823
844
796
762
903
0
0
655
0
914
0
886
770
845
816
826
927
865
913
944
833
848
0
867
870
831
741
891
793
925
832
772
944
973
902
782
508
792
858
851
787
0
815
774
902
897
728
872
827
919
805
851
933
0
795
894
879
931
0
933
919
700
828
905
873
903
898
789
827
0
923
857
939
759
933
0
865
928
929
885
0
899
948
683
851
879
825
722
902
825
908
733
900
727
781
0
771
786
855
955
909
945
899
896
853
669
0
771
755
840
892
870
919
942
950
701
863
901
959
706
899
0
628
850
882
936
944
989
851
892
894
709
813
712
780
0
882
941
692
947
889
881
972
734
783
857
751
813
902
949
918
0
687
960
837
841
824
987
775
0
163
824
903
874
910
840
879
0
855
874
884
896
889
879
942
0
895
1005
0
906
671
827
815
705
828
802
0
766
743
804
973
925
806
900
752
905
882
797
595
887
0
939
0
674
832
712
902
923
761
974
715
964
805
956
931
898
0
864
971
813
876
879
699
895
817
677
874
171
941
858
783
972
841
0
951
906
906
894
885
895
0
818
969
941
784
921
854
909
705
852
926
888
945
0
0
838
746
920
0
0
829
811
881
835
934
0
889
839
397
979
749
885
784
864
892
899
861
879
0
752
973
0
879
959
876
955
761
907
909
901
842
839
715
537
0
667
954
837
243
970
0
820
0
0
1030
867
80
738
883
756
952
757
681
0
0
897
867
919
0
619
828
776
650
746
800
0
941
799
698
694
873
909
795
816
821
842
914
963
872
931
869
950
783
723
764
832
684
938
880
0
0
758
808
940
905
925
836
851
830
901
693
702
861
814
0
883
929
921
0
912
788
861
838
808
748
0
750
881
810
834
926
938
688
801
837
873
0
848
913
768
947
898
718
932
0
0
880
0
893
891
949
876
0
895
958
865
932
865
869
870
917
0
858
854
780
890
907
880
846
900
881
886
0
734
851
923
873
920
814
0
938
817
747
933
811
769
806
979
875
761
891
885
0
918
0
822
937
930
799
701
933
865
823
767
958
757
729
845
0
889
907
911
850
804
0
702
887
937
0
0
869
938
884
799
850
919
0
836
798
879
0
718
865
934
964
883
0
0
0
751
991
975
902
900
938
887
887
0
0
833
0
735
772
797
837
0
793
845
1009
864
690
906
902
862
0
708
828
874
807
891
694
856
945
794
916
805
760
968
743
836
706
827
788
799
0
768
0
860
899
798
818
142
946
833
819
793
906
877
735
808
966
0
787
835
754
808
922
0
899
980
899
971
880
915
900
767
956
866
837
759
856
794
778
982
867
794
123
881
895
920
951
905
777
939
951
0
850
1014
889
810
691
889
822
776
745
924
865
879
795
0
663
895
874
757
953
715
797
804
737
702
787
848
843
876
994
728
975
799
878
827
0
893
888
938
927
909
889
774
874
764
828
810
958
926
900
0
910
884
947
771
138
816
900
837
866
845
123
887
880
932
861
890
908
800
812
968
908
934
798
907
873
0
837
772
913
807
869
901
833
928
875
953
0
686
837
827
894
903
964
888
870
0
974
4
770
917
929
901
743
883
802
0
956
795
926
867
771
0
929
830
802
96
707
0
0
822
756
855
990
857
0
830
910
859
899
864
944
941
876
896
877
891
728
770
771
835
849
0
890
947
879
745
867
847
788
939
690
822
835
0
0
920
0
885
715
918
789
835
852
734
646
893
852
873
825
0
794
826
919
756
0
790
0
0
797
0
750
914
788
891
829
832
945
928
900
837
810
996
721
875
896
938
822
874
0
859
0
933
844
813
880
662
732
881
840
679
921
752
959
710
739
884
930
0
915
878
805
789
39
0
855
0
825
832
812
825
926
845
937
0
786
722
852
924
816
960
0
923
860
928
962
909
0
775
968
920
0
137
0
809
941
893
0
822
861
953
785
843
893
0
851
920
0
941
987
0
825
737
894
835
865
0
897
802
940
827
0
767
841
768
917
789
849
921
765
0
0
840
851
920
0
896
0
768
765
758
849
817
0
816
951
845
0
896
888
687
0
760
941
959
882
928
754
872
871
127
0
811
765
884
754
0
830
937
881
0
825
960
800
848
922
865
829
0
904
971
926
917
822
709
871
932
914
887
822
0
930
920
950
827
887
933
899
924
717
750
0
956
0
822
0
675
824
960
960
747
892
832
905
824
915
905
801
878
0
774
879
725
979
810
872
808
924
901
0
296
870
742
882
802
831
798
758
839
723
837
694
0
0
942
999
787
972
884
0
0
766
796
867
0
854
883
769
852
951
825
704
876
866
827
813
838
891
0
899
761
873
924
916
145
958
659
880
853
806
886
713
901
921
926
886
974
890
787
0
679
921
942
0
824
962
687
871
942
526
0
0
774
60
742
788
831
879
853
686
792
897
891
0
832
708
737
868
814
0
812
855
914
830
899
847
845
840
841
913
768
926
0
695
798
861
822
849
638
824
959
894
908
0
836
889
1
0
0
738
863
899
953
0
707
938
767
838
985
876
743
894
569
862
773
920
864
0
848
888
0
902
880
697
915
134
844
0
735
794
951
862
898
1024
767
887
849
973
717
897
892
807
894
945
883
860
876
819
785
751
961
992
810
847
939
0
914
0
891
810
829
943
793
945
875
819
828
860
866
724
954
936
931
996
746
0
686
870
807
723
670
736
746
908
740
703
846
807
915
832
0
0
866
880
0
874
899
948
932
923
806
884
959
796
0
863
937
900
822
832
946
0
781
823
766
786
834
752
718
815
953
799
831
790
888
955
867
858
775
879
0
840
719
828
751
726
886
742
891
952
810
893
815
794
962
739
864
860
787
975
785
776
953
886
919
904
752
0
907
833
929
0
0
790
809
880
934
784
741
908
778
0
796
0
817
830
873
930
740
821
993
893
778
834
681
1000
965
838
850
915
774
756
932
676
968
845
892
916
850
958
920
877
972
795
906
779
888
864
812
837
895
731
792
895
0
892
852
801
833
812
897
946
675
764
929
819
850
735
870
853
895
903
665
1015
838
943
781
707
0
0
0
930
740
0
851
811
900
876
920
863
932
814
719
745
869
717
699
911
765
842
637
942
931
779
816
876
787
985
830
740
899
857
802
945
977
808
816
1019
898
729
891
761
949
672
798
884
0
897
1020
816
878
912
945
829
984
925
869
951
953
793
920
784
0
748
786
916
0
907
881
744
0
834
0
792
844
916
845
0
0
803
964
888
0
940
895
884
874
0
942
788
838
942
822
0
798
862
966
855
963
0
886
0
841
0
847
764
841
832
608
829
844
928
938
0
907
938
841
897
0
0
890
0
821
864
897
700
914
838
0
0
76
753
734
867
0
851
876
937
826
0
843
875
812
960
911
783
924
763
824
873
918
867
802
677
794
920
934
976
0
771
836
795
840
902
873
842
0
864
783
74
0
880
779
628
950
857
0
887
817
848
0
910
815
877
825
0
453
900
783
879
0
923
790
0
814
0
862
927
775
905
0
790
862
0
0
134
905
0
717
0
907
801
612
752
932
817
0
827
929
771
917
887
0
934
927
773
816
795
971
769
787
932
939
0
780
699
919
0
66
819
891
881
722
939
917
904
825
679
679
817
0
0
852
841
839
821
798
805
877
999
848
938
862
928
850
886
905
961
893
767
848
821
824
745
879
848
0
876
978
853
909
921
828
884
822
963
833
707
939
977
932
785
843
802
895
865
855
889
796
885
823
737
949
675
911
922
879
985
840
0
951
755
963
771
929
889
903
786
910
852
945
756
0
0
890
0
855
990
800
877
879
853
873
0
931
986
854
915
898
824
865
898
745
844
914
879
931
821
877
907
780
878
0
881
929
772
930
812
0
882
875
926
900
834
880
891
647
0
818
764
730
931
931
591
0
866
822
0
713
654
917
0
920
685
821
821
789
890
855
899
947
854
893
0
890
917
70
0
908
898
0
878
946
813
854
896
847
927
0
881
967
916
0
661
0
0
933
876
0
828
854
850
0
820
917
883
0
968
753
729
872
856
0
828
806
971
812
751
928
857
743
0
782
885
849
7
787
873
840
920
807
718
866
925
0
775
0
940
845
919
690
926
862
776
955
870
798
721
896
737
855
792
863
0
855
922
910
912
803
826
832
0
811
696
722
0
959
797
857
928
825
726
0
841
829
923
694
848
0
0
792
909
859
851
898
0
820
805
953
0
0
728
925
0
0
904
0
796
862
751
934
876
909
743
842
0
788
855
868
838
906
803
58
911
557
815
934
688
855
852
644
859
944
0
805
804
689
888
890
921
913
0
716
814
652
799
845
815
776
0
812
997
957
0
820
904
713
917
865
903
896
706
813
942
879
776
797
856
941
789
0
0
0
973
904
830
939
687
893
0
880
861
718
979
859
878
923
807
934
856
687
841
807
732
794
925
744
758
892
822
991
928
887
830
782
794
753
797
952
720
926
1001
865
915
819
828
704
880
869
871
855
918
930
882
837
805
760
708
812
849
0
945
945
0
848
727
0
766
771
882
865
964
831
0
0
692
808
0
843
928
702
847
757
818
946
930
831
793
887
875
938
897
0
0
925
0
874
836
0
956
785
957
743
0
883
822
728
0
826
0
907
868
894
861
976
747
857
0
0
913
756
841
848
862
998
958
839
787
926
866
200
819
856
935
907
942
846
829
908
760
818
905
936
857
871
929
0
715
874
930
0
813
0
765
0
863
852
944
819
596
848
862
964
927
830
0
890
0
801
902
31
702
774
940
870
856
824
812
0
884
806
916
715
0
918
875
0
929
863
55
932
829
968
885
936
0
786
816
840
700
949
801
848
0
0
745
829
791
908
898
654
929
846
0
0
802
666
924
894
958
897
822
789
902
900
747
918
848
793
853
881
950
822
886
937
0
896
956
798
872
869
756
0
0
913
756
910
732
727
777
883
821
931
905
779
170
4
913
920
816
808
954
675
914
847
853
861
887
801
611
827
959
937
870
944
898
107
890
876
0
780
122
914
917
856
909
884
825
854
100
0
772
0
965
921
726
853
823
855
852
900
0
886
948
693
960
0
981
811
733
968
766
803
722
841
901
815
692
886
867
0
746
876
850
849
907
853
900
0
0
845
945
780
807
947
799
0
842
827
917
879
943
693
881
137
779
935
759
0
985
898
962
708
893
0
0
0
871
942
928
833
845
0
597
900
902
953
886
871
886
704
825
897
769
748
857
869
770
788
784
930
720
0
0
847
718
870
864
812
925
929
0
822
952
845
512
927
745
923
795
781
870
958
872
889
923
802
902
805
761
901
866
984
677
937
0
831
0
843
998
925
866
846
0
761
822
905
921
909
858
869
924
0
728
897
828
818
885
918
787
852
946
839
869
0
840
805
918
952
0
925
721
0
649
878
851
764
803
982
783
747
918
739
893
886
766
840
945
0
832
814
499
798
875
810
880
853
958
854
927
913
919
823
903
944
783
744
914
831
918
904
857
808
759
0
772
944
862
0
934
767
0
885
784
977
826
0
951
941
777
711
914
942
774
884
880
731
902
897
0
911
736
904
855
994
854
0
850
904
974
821
857
809
904
0
901
916
0
810
911
696
790
916
886
835
926
881
693
962
0
946
723
829
762
818
881
0
831
856
873
732
745
933
845
952
849
713
0
0
853
960
0
851
830
814
920
842
933
892
953
802
907
0
707
850
876
804
863
824
55
903
916
899
844
820
701
944
984
866
937
780
850
740
979
796
861
838
906
763
771
888
846
761
0
889
859
993
880
825
824
839
0
865
711
975
836
917
0
0
903
879
885
928
736
0
991
790
0
676
995
889
783
893
0
940
814
865
840
864
903
0
722
912
0
837
955
777
947
920
870
907
824
907
0
760
941
883
819
854
952
917
685
826
981
904
0
750
0
832
800
0
924
948
839
944
864
859
962
857
929
629
0
745
938
878
768
952
784
867
874
751
802
927
878
844
696
855
835
899
802
685
692
741
820
754
880
913
889
750
893
890
683
838
0
898
800
949
878
918
825
897
833
0
0
852
802
0
776
727
925
863
847
765
682
837
715
836
791
881
834
929
938
812
919
927
822
844
733
815
819
962
729
809
886
0
808
0
0
859
839
0
125
705
0
733
0
866
981
49
0
841
848
842
952
850
815
684
858
792
0
931
939
783
843
776
914
645
0
901
815
0
833
760
949
944
850
858
727
791
915
791
759
741
904
880
905
0
0
987
805
815
850
895
1022
868
0
772
804
890
819
846
840
0
859
823
88
933
880
783
750
131
903
831
879
0
923
841
0
778
0
846
877
780
798
0
830
920
768
816
716
913
806
798
948
834
771
830
888
871
866
912
730
957
0
658
0
721
0
846
0
954
894
896
965
807
0
868
0
881
732
891
0
0
882
830
791
0
957
841
637
840
858
35
866
831
0
907
793
722
983
763
0
960
894
0
931
780
843
0
0
0
941
756
837
0
884
913
687
708
916
889
0
884
880
0
900
0
837
724
136
879
902
935
819
844
737
914
891
846
919
795
865
882
115
914
878
922
783
0
828
757
856
843
947
0
774
866
874
855
696
831
972
0
0
767
0
884
821
814
904
794
729
823
913
944
867
861
823
890
0
972
97
808
712
878
923
825
0
868
958
844
686
889
882
878
858
727
899
907
0
83
903
825
826
0
912
918
0
711
834
808
921
869
750
708
932
832
801
912
845
859
0
725
880
878
749
0
887
702
886
780
905
792
752
890
780
793
843
843
779
890
862
698
0
891
937
830
896
896
764
0
901
977
762
883
867
862
795
888
793
0
845
855
850
0
943
978
846
900
736
786
922
0
0
774
850
844
0
967
886
845
0
0
0
959
862
0
127
710
836
897
835
685
670
887
984
880
0
832
0
0
856
874
958
960
794
859
674
801
792
820
774
748
781
0
891
839
866
859
685
827
957
897
0
0
0
702
950
982
856
892
937
774
880
0
719
665
850
837
885
802
982
785
834
913
915
0
795
836
0
760
904
870
996
950
921
925
904
0
844
667
771
930
0
0
816
753
822
0
927
850
864
928
862
853
838
674
874
954
886
940
807
977
791
901
954
906
862
866
851
793
662
0
828
864
850
732
904
760
889
955
853
826
716
140
895
872
942
793
881
735
798
980
850
882
1034
901
817
905
972
890
885
710
699
980
0
787
694
916
829
893
0
771
913
0
824
0
849
873
950
836
809
815
912
0
0
817
844
0
834
888
848
772
889
763
835
919
0
814
786
872
867
906
799
831
687
0
901
780
0
879
795
765
945
897
960
924
836
790
922
850
0
872
832
864
784
895
929
880
774
867
868
0
891
935
762
0
865
839
857
867
947
801
827
968
939
987
867
864
778
719
835
972
938
713
877
0
933
809
918
770
828
868
897
642
115
807
0
893
784
865
761
864
731
759
891
784
642
912
870
916
805
835
866
874
890
766
974
847
893
764
0
643
851
893
699
911
858
776
782
911
939
770
811
777
831
851
842
89
0
689
807
842
878
762
940
872
0
926
886
963
0
974
0
848
912
938
805
936
718
744
853
0
865
0
927
892
977
897
863
863
867
0
763
939
0
0
912
789
861
836
787
896
864
834
842
892
840
0
888
821
963
905
823
769
745
796
970
0
924
0
0
528
783
870
253
0
872
862
895
966
844
826
875
798
876
755
940
865
692
848
837
911
870
681
872
829
744
827
829
923
880
0
846
689
830
897
822
954
686
905
966
833
0
746
940
0
882
944
914
870
973
751
888
957
934
912
744
895
894
966
842
0
810
894
0
897
905
779
805
836
918
799
825
719
848
811
0
838
781
802
813
853
819
691
725
653
964
832
956
765
832
870
914
678
1004
838
931
971
104
882
703
800
917
942
903
891
912
896
734
995
830
718
0
805
999
861
876
789
922
898
824
765
908
827
797
856
924
919
907
769
802
0
911
773
901
888
777
967
939
855
667
910
0
822
0
926
888
831
775
889
0
892
762
932
876
0
887
829
168
801
0
982
888
892
867
868
0
883
891
780
150
0
803
891
850
702
813
983
826
873
876
799
726
836
915
0
904
825
703
890
721
0
0
862
861
0
755
953
910
0
920
819
916
892
850
874
0
928
836
666
886
0
0
939
791
805
847
758
944
1011
0
882
756
0
34
815
0
845
669
918
768
943
0
818
802
899
774
827
0
993
0
839
877
691
844
641
753
781
912
845
914
921
829
827
886
794
931
842
907
917
948
927
773
836
945
0
882
932
0
954
757
802
776
776
871
774
789
0
878
795
941
0
835
847
936
886
813
887
917
725
901
854
950
957
0
817
805
0
902
685
889
808
650
827
934
812
723
865
949
736
890
885
749
803
833
803
901
817
951
956
865
911
834
927
825
872
818
688
812
948
123
917
805
926
946
707
800
909
775
841
799
692
857
889
768
878
918
875
754
834
731
853
994
915
879
666
766
1004
782
876
868
824
897
692
0
820
837
859
699
740
849
940
943
960
848
65
712
861
724
878
877
912
931
777
810
864
848
0
827
745
703
924
1
42
957
957
741
816
781
832
949
870
912
849
948
846
932
733
955
771
0
861
806
833
853
966
923
