0.520102
0.458608
0.497436
0.483593
0.425349
0.464571
0.445317
0.486416
0.424687
0.410076
0.479423
0.49469
0.457112
0.403621
0.45283
0.43865
0.462527
0.460942
0.486472
0.434783
0.454924
0.378264
0.492935
0.509636
0.415065
0.469904
0.492815
0.453961
0.37686
0.506376
0.47454
0.490821
0.410005
0.431244
0.480347
0.447889
0.462288
0.50295
0.478769
0.491718
0.483182
0.512658
0.480952
0.44824
0.433071
0.394344
0.44918
0.470138
0.46563
0.479564
0.491489
0.490696
0.456478
0.426385
0.45913
0.402977
0.473101
0.482514
0.474667
0.46531
0.449591
0.427268
0.485857
0.501574
0.397799
0.420863
0.478734
0.468718
0.42914
0.429162
0.434246
0.473205
0.518679
0.409283
0.430769
0.474043
0.408843
0.489773
0.40319
0.372771
0.473793
0.452069
0.430294
0.493383
0.438669
0.418417
0.411486
0.447939
0.447517
0.461538
0.422405
0.473195
0.503715
0.449275
0.501757
0.398301
0.430657
0.411795
0.472785
0.461294
0.477064
0.43109
0.383395
0.464513
0.454545
0.434322
0.5
0.482303
0.393103
0.474216
0.405491
0.500254
0.478214
0.437695
0.503311
0.350557
0.3958
0.453368
0.492906
0.437898
0.398558
0.425137
0.387967
0.406582
0.416405
0.458561
0.463761
0.464021
0.416667
0.474133
0.435016
0.50627
0.411795
0.46162
0.43154
0.509704
0.421272
0.40234
0.44545
0.49484
0.423118
0.506674
0.5135
0.49848
0.471857
0.489362
0.4
0.379346
0.451898
0.453204
0.436267
0.430326
0.476023
0.388021
0.424765
0.478448
0.430642
0.453439
0.441524
0.488232
0.452505
0.506667
0.441437
0.46875
0.460054
0.366701
0.43711
0.461744
0.456915
0.446225
0.344629
0.390641
0.4689
0.470951
0.467309
0.425441
0.45045
0.450185
0.486224
0.385431
0.428943
0.4871
0.451977
0.399271
0.473247
0.386709
0.437695
0.456169
0.462648
0.402882
0.444047
0.458312
0.445055
0.495278
0.398624
0.445357
0.499197
0.506199
0.445119
0.478145
0.479395
0.478193
0.453842
0.403816
0.458973
0.444502
0.471104
0.416532
0.486753
0.451666
0.466056
0.450185
0.441441
0.491701
0.412177
0.369542
0.417364
0.387317
0.428646
0.496084
0.409774
0.477426
0.460581
0.481757
0.343869
0.443954
0.453133
0.488509
0.456883
0.475052
0.49496
0.413667
0.358177
0.48836
0.495442
0.475108
0.500517
0.496261
0.413958
0.483015
0.47175
0.485473
0.461864
0.502316
0.449252
0.472522
0.494118
0.474622
0.412039
0.467852
0.499244
0.493033
0.5
0.460949
0.460224
0.42378
0.434987
0.495283
0.471532
0.41887
0.46082
0.459703
0.403113
0.424242
0.494318
0.419956
0.404512
0.496684
0.445822
0.466524
0.456901
0.490336
0.383671
0.391746
0.413386
0.496936
0.426
0.500261
0.499729
0.497564
0.439394
0.490938
0.467512
0.478152
0.470588
0.393893
0.425287
0.465909
0.46526
0.465175
0.460215
0.464781
0.466025
0.412399
0.489153
0.474378
0.35975
0.386646
0.494388
0.374197
0.400741
0.46841
0.426901
0.497187
0.510067
0.456284
0.448276
0.376137
0.44673
0.492823
0.419461
0.486264
0.451464
0.411215
0.515569
0.45685
0.461294
0.457584
0.452706
0.391684
0.461046
0.434807
0.459893
0.379028
0.465696
0.45122
0.474667
0.485021
0.459216
0.444857
0.472428
0.490426
0.494265
0.464384
0.369688
0.437065
0.503892
0.464137
0.497868
0.440741
0.414189
0.448758
0.465092
0.486891
0.407295
0.485452
0.423179
0.479167
0.484004
0.48054
0.491183
0.484929
0.447022
0.438533
0.441478
0.403805
0.431749
0.412854
0.485976
0.454642
0.482975
0.425711
0.484106
0.41062
0.47609
0.374403
0.462304
0.393956
0.384655
0.470981
0.447463
0.432546
0.494342
0.445181
0.472497
0.468407
0.489544
0.401678
0.43815
0.384615
0.47492
0.482305
0.475603
0.480438
0.411426
0.466346
0.455385
0.421474
0.451493
0.459403
0.452922
0.48601
0.502657
0.45008
0.490498
0.470134
0.406875
0.48783
0.48048
0.445738
0.489214
0.398859
0.391327
0.454401
0.465426
0.492987
0.412407
0.393987
0.43983
0.453369
0.358216
0.408896
0.420526
0.468029
0.479339
0.43031
0.451407
0.474453
0.477024
0.497184
0.382813
0.449069
0.410857
0.486558
0.42712
0.485714
0.484375
0.382833
0.425221
0.486429
0.43365
0.457794
0.38701
0.429838
0.405879
0.448623
0.487858
0.47313
0.483667
0.452643
0.388501
0.516967
0.490502
0.480649
0.437138
0.440758
0.5
0.501826
0.477144
0.438739
0.378531
0.468524
0.471044
0.457609
0.42939
0.421758
0.473601
0.480513
0.438679
0.46045
0.466213
0.487395
0.444986
0.487179
0.421835
0.44938
0.468382
0.405031
0.459305
0.472624
0.388161
0.475776
0.366144
0.461622
0.427315
0.46244
0.482337
0.432642
0.455259
0.495763
0.457412
0.451969
0.475949
0.467777
0.43557
0.402604
0.492647
0.464342
0.456376
0.455186
0.371062
0.47671
0.45848
0.411733
0.454498
0.432702
0.454124
0.515464
0.433882
0.44587
0.399036
0.452133
0.392432
0.428647
0.469649
0.440271
0.462878
0.47337
0.482456
0.468784
0.478579
0.464789
0.475904
0.491189
0.470081
0.451062
0.419388
0.456466
0.44379
0.476464
0.471196
0.39018
0.461834
0.460472
0.490899
0.410243
0.453207
0.416841
0.425051
0.400726
0.472462
0.434668
0.453919
0.404408
0.448
0.462507
0.49225
0.428201
0.444098
0.388443
0.421312
0.471179
0.455561
0.510417
0.436878
0.472178
0.436475
0.405376
0.486224
0.41056
0.446322
0.477991
0.429892
0.408682
0.427666
0.414725
0.417152
0.400425
0.490133
0.461423
0.424457
0.45271
0.472119
0.378151
0.451798
0.409588
0.382337
0.471061
0.486023
0.420599
0.468165
0.433442
0.45496
0.451124
0.451804
0.418878
0.36142
0.405208
0.413493
0.436214
0.473001
0.35212
0.405218
0.370352
0.358478
0.498433
0.318182
0.4592
0.407725
0.482528
0.489373
0.393589
0.510142
0.414672
0.439691
0.416887
0.404787
0.38113
0.409786
0.454452
0.452111
0.510926
0.461294
0.349665
0.436467
0.478745
0.496845
0.46619
0.502654
0.439622
0.449947
0.414263
0.481779
0.424227
0.478663
0.435288
0.36551
0.391731
0.454114
0.472194
0.452332
0.462793
0.432182
0.442239
0.401441
0.523517
0.384984
0.433299
0.457663
0.410016
0.474495
0.521212
0.425361
0.419831
0.473101
0.47188
0.380727
0.437268
0.47639
0.471787
0.450156
0.469143
0.43886
0.489979
0.48883
0.485302
0.426119
0.494241
0.480567
0.443833
0.500797
0.488741
0.464894
0.399059
0.494336
0.481158
0.459958
0.417918
0.481557
0.43812
0.365333
0.465606
0.479122
0.477357
0.404536
0.451407
0.421421
0.427436
0.469995
0.469951
0.491857
0.484106
0.438214
0.4192
0.432758
0.465409
0.465201
0.399166
0.48248
0.456784
0.474082
0.444272
0.393987
0.409632
0.461538
0.445408
0.461134
0.518769
0.407407
0.428965
0.434944
0.487193
0.45769
0.453397
0.494612
0.41693
0.464191
0.401254
0.422935
0.467603
0.345896
0.41886
0.485457
0.459225
0.44898
0.482189
0.475427
0.498707
0.474948
0.473573
0.49763
0.460086
0.450317
0.506148
0.515421
0.365488
0.5
0.447476
0.451393
0.492815
0.441222
0.459275
0.453751
0.391283
0.418458
0.456203
0.475094
0.442391
0.470774
0.450928
0.465227
0.432535
0.411286
0.512326
0.430052
0.475343
0.43346
0.395812
0.369885
0.473089
0.467566
0.442037
0.4931
0.498696
0.427449
0.442895
0.498965
0.407367
0.473515
0.505495
0.501916
0.502593
0.417761
0.422222
0.362016
0.419472
0.453723
0.481639
0.481799
0.474835
0.452956
0.430426
0.386243
0.479265
0.436794
0.398566
0.474138
0.379947
0.4233
0.469806
0.37447
0.485641
0.419338
0.366377
0.415736
0.440871
0.486191
0.473601
0.444902
0.457592
0.373488
0.44586
0.464781
0.493161
0.479662
0.462887
0.408488
0.444674
0.467932
0.479001
0.471475
0.466667
0.433104
0.50318
0.386555
0.404627
0.446086
0.448451
0.509414
0.474183
0.431247
0.461744
0.411392
0.484009
0.468637
0.489418
0.455224
0.437399
0.416254
0.473147
0.521086
0.402348
0.381532
0.472852
0.471956
0.495442
0.470988
0.439409
0.464153
0.419441
0.489909
0.409389
0.480483
0.571429
0.471996
0.405225
0.470498
0.426695
0.397692
0.453893
0.365466
0.478541
0.395899
0.448529
0.468028
0.407371
0.490745
0.427324
0.45732
0.386207
0.497879
0.359574
0.487743
0.422071
0.458112
0.422675
0.464885
0.465725
0.428048
0.481219
0.426925
0.409385
0.464495
0.456159
0.430801
0.50146
0.360465
0.450262
0.404255
0.485027
0.445681
0.487044
0.463722
0.510324
0.444792
0.466213
0.426758
0.423992
0.472945
0.428065
0.373463
0.463298
0.449364
0.484127
0.43382
0.45305
0.466771
0.445514
0.471253
0.422937
0.415988
0.459227
0.422102
0.480064
0.496218
0.4588
0.417644
0.495594
0.478352
0.431987
0.445069
0.480513
0.483957
0.483804
0.482582
0.460168
0.469235
0.49464
0.497523
0.496555
0.456746
0.474227
0.478866
0.416576
0.497143
0.505753
0.475976
0.447325
0.456992
0.368668
0.509158
0.358974
0.408664
0.472775
0.425342
0.491437
0.490785
0.365557
0.433992
0.463693
0.443141
0.454451
0.41974
0.427297
0.469027
0.456651
0.409812
0.445796
0.474426
0.435392
0.472026
0.363014
0.43847
0.458697
0.355567
0.406184
0.417229
0.432563
0.440123
0.491845
0.432844
0.49568
0.48576
0.492308
0.397775
0.443079
0.438931
0.469745
0.491599
0.483904
0.450549
0.410633
0.464344
0.453059
0.465689
0.400329
0.477635
0.391236
0.477107
0.473181
0.438692
0.459431
0.439151
0.469388
0.399566
0.430041
0.473684
0.457189
0.423369
0.44198
0.420776
0.46942
0.43519
0.432882
0.47461
0.360435
0.48464
0.458947
0.474003
0.493743
0.486416
0.488076
0.479045
0.490446
0.465042
0.377049
0.480632
0.42767
0.463912
0.448598
0.426352
0.385819
0.37913
0.418135
0.488542
0.392251
0.499197
0.454079
0.488275
0.416885
0.471618
0.4858
0.463783
0.481809
0.368008
0.492884
0.454205
0.498095
0.505258
0.493847
0.432868
0.458957
0.443159
0.376597
0.463714
0.433452
0.414838
0.513751
0.416275
0.452703
0.469782
0.428956
0.487805
0.391698
0.468665
0.499213
0.478417
0.449974
0.426454
0.413446
0.492473
0.477835
0.443396
0.453558
0.479803
0.415174
0.476115
0.366091
0.468768
0.434623
0.441451
0.403856
0.465551
0.516095
0.438781
0.445374
0.425409
0.476864
0.384492
0.41714
0.42781
0.45276
0.463389
0.483611
0.445523
0.45357
0.482847
0.502572
0.462025
0.496559
0.450555
0.465373
0.377446
0.463492
0.524257
0.480146
0.457368
0.47546
0.454498
0.484705
0.426791
0.426
0.44682
0.486996
0.448421
0.457084
0.44682
0.430032
0.470525
0.427532
0.355556
0.455352
0.464978
0.374936
0.474987
0.460581
0.486794
0.450201
0.481818
0.506828
0.435281
0.391441
0.49567
0.408079
0.52322
0.441986
0.383775
0.353351
0.466632
0.368619
0.450422
0.455024
0.494944
0.426316
0.435475
0.448657
0.469305
0.472572
0.370875
0.493569
0.388137
0.409951
0.394561
0.486781
0.429947
0.494753
0.471459
0.482868
0.487482
0.46162
0.488625
0.469211
0.465689
0.389038
0.502083
0.438406
0.420221
0.436656
0.486072
0.48311
0.461134
0.459561
0.428424
0.466667
0.410072
0.462012
0.468341
0.477957
0.466838
0.419181
0.490785
0.449023
0.43027
0.441347
0.422211
0.508538
0.442399
0.486772
0.4197
0.432488
0.50108
0.396777
0.470527
0.393171
0.497238
0.431595
0.421712
0.448185
0.485473
0.464305
0.444503
0.378947
0.49334
0.436953
0.454029
0.382022
0.406893
0.482296
0.409912
0.493215
0.485915
0.408624
0.405904
0.503437
0.458673
0.41293
0.453269
0.389575
0.469291
0.475983
0.463684
0.501811
0.42661
0.499468
0.469345
0.415227
0.48488
0.50229
0.445863
0.508882
0.46208
0.413558
0.499735
0.422105
0.340349
0.496282
0.384904
0.435707
0.465393
0.504808
0.498394
0.483511
0.479296
0.419875
0.411514
0.434805
0.475375
0.375
0.488251
0.346875
0.487233
0.428418
0.508665
0.48411
0.453634
0.490333
0.452342
0.492047
0.469484
0.364402
0.466599
0.46787
0.495029
0.426598
0.418356
0.43089
0.448503
0.37513
0.420115
0.415369
0.379946
0.455627
0.479809
0.499238
0.438012
0.499234
0.431207
0.420112
0.435409
0.432244
0.466004
0.361157
0.504384
0.449089
0.450864
0.489902
0.387047
0.437264
0.401437
0.42606
0.425039
0.452604
0.472629
0.46787
0.479979
0.465105
0.46557
0.496063
0.485577
0.419562
0.418153
0.470588
0.429123
0.421867
0.427441
0.479654
0.471668
0.482964
0.484784
0.418236
0.494939
0.497633
0.44726
0.441039
0.421584
0.397354
0.464721
0.396246
0.470011
0.43128
0.403583
0.446541
0.481733
0.473214
0.440589
0.400213
0.443412
0.470235
0.456429
0.487152
0.451396
0.419602
0.504572
0.52322
0.448348
0.432587
0.472679
0.459516
0.381233
0.479603
0.465499
0.484139
0.471898
0.527435
0.412253
0.483351
0.423529
0.350906
0.468557
0.369327
0.444096
0.413956
0.469954
0.46986
0.40102
0.445099
0.422057
0.448852
0.458118
0.450788
0.508665
0.48984
0.490986
0.444563
0.504219
0.483766
0.46
0.444211
0.408
0.51202
0.46727
0.452791
0.460851
0.432647
0.474863
0.425389
0.45628
0.473315
0.454734
0.462709
0.539084
0.46701
0.441971
0.493631
0.447118
0.50239
0.498401
0.420693
0.456008
0.432461
0.428861
0.514315
0.481852
0.48783
0.422664
0.459805
0.409228
0.503158
0.47127
0.43662
0.419695
0.477941
0.400427
0.502963
0.449268
0.418462
0.435294
0.426486
0.576923
0.458269
0.405363
0.393721
0.413032
0.49508
0.472499
0.457216
0.431705
0.401587
0.406023
0.492636
0.448294
0.470771
0.433211
0.48567
0.518621
0.441253
0.481107
0.457506
0.415653
0.471648
0.490664
0.482197
0.393006
0.389231
0.415115
0.504692
0.500797
0.391623
0.480547
0.372313
0.425025
0.489562
0.389968
0.509688
0.435722
0.474664
0.434759
0.481534
0.451207
0.48297
0.511213
0.413298
0.424635
0.488666
0.457825
0.416796
0.382703
0.485967
0.429731
0.473929
0.433033
0.467226
0.474097
0.479957
0.469333
0.379205
0.450407
0.437119
0.428187
0.492208
0.445917
0.498399
0.48086
0.469792
0.435381
0.435671
0.448806
0.481178
0.455328
0.455328
0.489641
0.443123
0.469873
0.497131
0.445738
0.376645
0.457186
0.454214
0.449816
0.387218
0.466387
0.495403
0.432265
0.487494
0.43246
0.374603
0.484976
0.46775
0.487179
0.478484
0.460774
0.419258
0.496682
0.406855
0.392146
0.46705
0.48078
0.47779
0.466632
0.454405
0.427453
0.487139
0.493143
0.441315
0.384205
0.419489
0.490948
0.490508
0.420774
0.456343
0.433084
0.457069
0.442752
0.461957
0.49071
0.5
0.429396
0.4
0.449733
0.456038
0.4333
0.441598
0.490595
0.4684
0.467573
0.486778
0.429464
0.390466
0.44367
0.435829
0.498571
0.442235
0.399893
0.344681
0.451464
0.449866
0.358316
0.493236
0.371632
0.418933
0.511911
0.490694
0.403226
0.432812
0.465362
0.409041
0.433508
0.400651
0.375975
0.35194
0.411518
0.472296
0.449532
0.457128
0.436053
0.456477
0.437466
0.396725
0.470251
0.478707
0.396899
0.378717
0.44898
0.45163
0.4
0.45082
0.388075
0.49732
0.464145
0.492021
0.460377
0.482383
0.390993
0.449245
0.430956
0.405711
0.375
0.445809
0.442094
0.374677
0.368063
0.488445
0.369532
0.44765
0.422857
0.458691
0.445675
0.401386
0.401058
0.406217
0.479481
0.474785
0.495612
0.47001
0.510864
0.454307
0.506064
0.453532
0.387809
0.484643
0.446437
0.503516
0.444327
0.480392
0.405941
0.469762
0.44393
0.480146
0.426687
0.502674
0.4069
0.474036
0.501572
0.422975
0.397727
0.453972
0.482038
0.498409
0.452517
0.408849
0.504697
0.441645
0.46713
0.474166
0.437533
0.477121
0.379512
0.458551
0.496515
0.465686
0.450474
0.495851
0.437864
0.495125
0.488726
0.411824
0.470343
0.436402
0.386316
0.461739
0.403201
0.429507
0.485606
0.410242
0.404501
0.502041
0.37037
0.460651
0.416454
0.462434
0.440212
0.479133
0.471831
0.437432
0.483425
0.485356
0.426596
0.466739
0.366053
0.423729
0.484514
0.489097
0.452982
0.46376
0.448021
0.521519
0.52381
0.400558
0.471519
0.41698
0.408399
0.454545
0.505802
0.40069
0.422483
0.501435
0.422974
0.467016
0.494624
0.39551
0.432882
0.446122
0.431709
0.36114
0.482478
0.474881
0.483771
0.457688
0.429016
0.47093
0.451748
0.479497
0.342857
0.511324
0.464926
0.450748
0.4214
0.394121
0.487805
0.462571
0.416885
0.468895
0.496369
0.39591
0.373871
0.395112
0.468388
0.432886
0.463874
0.524845
0.472131
0.399788
0.419727
0.35628
0.443966
0.492105
0.503638
0.410753
0.434625
0.498941
0.407254
0.464341
0.484643
0.421655
0.460842
0.476517
0.397238
0.427666
0.410243
0.341126
0.45416
0.419859
0.397296
0.50495
0.492468
0.463259
0.453269
0.476418
0.447574
0.415558
0.471361
0.479167
0.416441
0.488678
0.431017
0.48194
0.447299
0.42584
0.444156
0.385241
0.495217
0.430933
0.407578
0.432682
0.441161
0.479424
0.422085
0.476979
0.512248
0.471922
0.494083
0.419251
0.454218
0.488625
0.4304
0.443799
0.518837
0.454209
0.425543
0.424802
0.492112
0.466426
0.495308
0.420886
0.490794
0.491883
0.432828
0.406187
0.387064
0.489852
0.473875
0.494528
0.417826
0.466735
0.353498
0.412392
0.365154
0.418653
0.424081
0.460738
0.439243
0.431867
0.456937
0.481247
0.471748
0.375
0.472785
0.484615
0.44042
0.422039
0.482922
0.414557
0.469657
0.453684
0.436447
0.490677
0.4666
0.386437
0.413488
0.339407
0.451483
0.380289
0.46748
0.479592
0.47009
0.46087
0.438134
0.473961
0.480083
0.484526
0.425013
0.443506
0.477296
0.422686
0.416667
0.441029
0.400328
0.499741
0.464881
0.462702
0.493778
0.481818
0.382444
0.492606
0.419847
0.458768
0.447723
0.492576
0.473742
0.345992
0.490281
0.360235
0.476825
0.490155
0.49435
0.464922
0.405751
0.501047
0.468578
0.433017
0.416926
0.453005
0.418884
0.478982
0.422142
0.448593
0.464077
0.489894
0.453704
0.420343
0.378519
0.433812
0.430467
0.497703
0.456777
0.480675
0.399248
0.441146
0.477163
0.474845
0.398078
0.477454
0.392727
0.470046
0.412468
0.499729
0.494436
0.439606
0.487527
0.431135
0.347005
0.329805
0.479134
0.515658
0.508753
0.491109
0.485849
0.462185
0.47689
0.437999
0.480208
0.450898
0.365462
0.369885
0.457545
0.486039
0.480332
0.450734
0.497357
0.463108
0.400934
0.458841
0.428497
0.493219
0.436438
0.401899
0.389313
0.496063
0.435856
0.492316
0.482864
0.479775
0.443448
0.488479
0.440314
0.417445
0.475591
0.402798
0.325243
0.459782
0.497326
0.435151
0.389894
0.437829
0.421515
0.458836
0.479504
0.417588
0.473894
0.480669
0.412447
0.469214
0.464908
0.463235
0.417201
0.451681
0.431878
0.496108
0.468184
0.372263
0.418493
0.470854
0.482461
0.477285
0.433933
0.432666
0.468482
0.41229
0.41167
0.433682
0.375514
0.434739
0.420596
0.505814
0.474317
0.459107
0.497368
0.490802
0.465591
0.502657
0.471795
0.397547
0.484957
0.469116
0.503704
0.423746
0.487071
0.4076
0.472847
0.422144
0.443733
0.489785
0.433423
0.477899
0.418881
0.457271
0.473323
0.401191
0.418593
0.449973
0.409067
0.491707
0.48573
0.443883
0.454356
0.480226
0.500262
0.480028
0.392593
0.387638
0.473481
0.489384
0.485111
0.447355
0.378689
0.470916
0.474522
0.405752
0.401776
0.471585
0.491361
0.511555
0.494045
0.451479
0.451304
0.407813
0.445493
0.406701
0.422409
0.438305
0.466316
0.411703
0.45741
0.499743
0.503864
0.487286
0.503688
0.476164
0.470251
0.49508
0.499734
0.445629
0.405208
0.396868
0.500514
0.420942
0.377812
0.470754
0.455385
0.439914
0.478484
0.488071
0.384062
0.371935
0.432086
0.442615
0.402062
0.446995
0.488936
0.482705
0.4375
0.489936
0.479526
0.493479
0.47561
0.406201
0.495418
0.47921
0.463617
0.44887
0.398408
0.460974
0.465383
0.472222
0.432244
0.501062
0.475401
0.484627
0.472578
0.495851
0.447146
0.350896
0.432505
0.377671
0.474567
0.488971
0.369554
0.485714
0.413043
0.428189
0.489648
0.459445
0.49208
0.431628
0.466667
0.34943
0.475862
0.479671
0.496347
0.479852
0.404762
0.487445
0.478104
0.409534
0.483471
0.477369
0.469974
0.506122
0.407992
0.497404
0.432742
0.509072
0.370648
0.503195
0.426299
0.425668
0.480715
0.472004
0.444504
0.469148
0.414776
0.431943
0.390909
0.479387
0.45
0.504757
0.495816
0.379606
0.477237
0.357143
0.440348
0.472208
0.468368
0.272727
0.425779
0.489723
0.504573
0.417382
0.501574
0.458311
0.447271
0.445975
0.510571
0.501315
0.494283
0.362209
0.457247
0.408636
0.484739
0.418425
0.43807
0.454929
0.497938
0.469509
0.444561
0.392419
0.469243
0.501625
0.465536
0.44101
0.369486
0.467386
0.474022
0.386364
0.412826
0.450841
0.429857
0.408207
0.441013
0.482612
0.456394
0.453184
0.46713
0.491181
0.475
0.506757
0.445726
0.52
0.458115
0.408714
0.477395
0.488312
0.454924
0.372995
0.438999
0.438478
0.448564
0.421163
0.477226
0.430989
0.400628
0.447176
0.47344
0.463515
0.490257
0.437294
0.474406
0.370934
0.409338
0.497143
0.409239
0.451977
0.4106
0.461579
0.479565
0.441267
0.475702
0.430421
0.483042
0.528302
0.485714
0.457903
0.493704
0.443968
0.448459
0.388508
0.416965
0.48595
0.412148
0.471727
0.433715
0.465946
0.473251
0.351092
0.382755
0.400205
0.461417
0.489449
0.472428
0.399569
0.407598
0.488456
0.472043
0.464876
0.469721
0.464029
0.490476
0.434447
0.499734
0.451848
0.451116
0.412976
0.434601
0.469149
0.462043
0.506708
0.478858
0.354628
0.492701
0.469499
0.452415
0.458377
0.48274
0.459794
0.453092
0.404646
0.443617
0.485537
0.449608
0.427141
0.418085
0.474987
0.472679
0.43124
0.48561
0.50533
0.472487
0.375313
0.502851
0.475
0.473819
0.50778
0.481857
0.503125
0.450637
0.492921
0.460021
0.45522
0.415754
0.373494
0.483871
0.418356
0.44844
0.356008
0.466562
0.362262
0.470745
0.4704
0.440545
0.427154
0.369407
0.413305
0.445539
0.449733
0.414071
0.462117
0.42881
0.480146
0.47132
0.351872
0.383192
0.453867
0.456602
0.380503
0.423313
0.477426
0.459927
0.451354
0.456757
0.478395
0.401267
0.433801
0.450876
0.423866
0.503391
0.435911
0.486587
0.463517
0.421687
0.458787
0.381789
0.449508
0.500773
0.399356
0.507254
0.384615
0.449919
0.464533
0.417244
0.389241
0.442427
0.433152
0.399891
0.435176
0.363914
0.383576
0.472033
0.481975
0.373071
0.398816
0.495283
0.465681
0.445582
0.458112
0.368485
0.433722
0.461538
0.453298
0.489198
0.461991
0.375205
0.463918
0.477021
0.430296
0.491371
0.469282
0.419304
0.476043
0.389317
0.501479
0.418314
0.490881
0.474097
0.443362
0.384535
0.392744
0.47964
0.520381
0.457263
0.477058
0.447313
0.374397
0.459574
0.354592
0.508392
0.386743
0.518308
0.417101
0.462797
0.482831
0.487705
0.447411
0.400521
0.448896
0.413867
0.463052
0.494813
0.491725
0.430668
0.430769
0.425441
0.453592
0.42484
0.416324
0.461912
0.358974
0.460443
0.450219
0.451801
0.411046
0.410444
0.406977
0.440299
0.470223
0.42144
0.4496
0.400629
0.497604
0.371399
0.47979
0.472428
0.50533
0.374272
0.471658
0.430769
0.405131
0.459634
0.402648
0.478194
0.488189
0.468459
0.394817
0.456777
0.474292
0.470968
0.411351
0.358145
0.465939
0.484927
0.419681
0.44462
0.394709
0.452222
0.357362
0.487667
0.367047
0.431866
0.352142
0.44945
0.48853
0.492055
0.425275
0.463651
0.489985
0.445539
0.456432
0.474558
0.423316
0.521614
0.475226
0.47065
0.469917
0.468917
0.439164
0.460064
0.471776
0.415303
0.402287
0.482741
0.462783
0.463663
0.45778
0.512929
0.468246
0.481909
0.344498
0.421801
0.435784
0.491608
0.489108
0.466354
0.429093
0.440166
0.474142
0.478729
0.454068
0.470398
0.401039
0.449823
0.417215
0.356661
0.420082
0.471776
0.503191
0.402232
0.439227
0.482199
0.358751
0.464789
0.440209
0.467085
0.345577
0.453092
0.474721
0.476017
0.478611
0.396899
0.489384
0.410849
0.370619
0.48922
0.422325
0.465257
0.434621
0.393656
0.480739
0.419662
0.463365
0.489677
0.498431
0.423197
0.450909
0.417611
0.440581
0.409548
0.418267
0.474758
0.433953
0.401635
0.428034
0.361371
0.433638
0.474851
0.433921
0.454286
0.437467
0.483922
0.404348
0.459387
0.401961
0.452319
0.470679
0.473936
0.487259
0.442049
0.418362
0.488685
0.430769
0.454498
0.426282
0.485847
0.366287
0.479362
0.457825
0.491081
0.510807
0.423486
0.459305
0.457547
0.476336
0.459957
0.452269
0.347134
0.459838
0.49477
0.459136
0.359084
0.478033
0.501582
0.410256
0.473712
0.433766
0.403499
0.462394
0.416667
0.38271
0.423996
0.423694
0.429688
0.462553
0.461338
0.5
0.492023
0.497888
0.460309
0.493703
0.482303
0.382159
0.494512
0.45778
0.506179
0.342828
0.41357
0.472179
0.40308
0.466133
0.409351
0.420502
0.373529
0.485401
0.472784
0.504792
0.420215
0.500346
0.468717
0.446483
0.445939
0.39002
0.45685
0.506309
0.387165
0.415815
0.500521
0.436199
0.464248
0.409213
0.446211
0.398069
0.472482
0.42449
0.438208
0.448113
0.472994
0.467848
0.490135
0.473514
0.517621
0.404898
0.508529
0.485515
0.462382
0.473684
0.442211
0.513912
0.491429
0.502618
0.492132
0.396784
0.500536
0.43711
0.436019
0.368421
0.43159
0.490365
0.4244
0.470238
0.494477
0.456709
0.43246
0.414248
0.393827
0.472056
0.510478
0.512802
0.420782
0.419106
0.455035
0.490474
0.488397
0.463701
0.463923
0.409449
0.365105
0.443621
0.440191
0.331946
0.488004
0.444807
0.479915
0.433684
0.430339
0.430598
0.461497
0.411355
0.401483
0.477825
0.460668
0.458735
0.459488
0.461579
0.430607
0.39192
0.463632
0.406617
0.448725
0.468374
0.349057
0.475667
0.478486
0.45936
0.494168
0.484643
0.458289
0.500261
0.513459
0.448623
0.392495
0.404564
0.491109
0.468288
0.44317
0.48082
0.483482
0.427149
0.424854
0.476656
0.449679
0.486529
0.40133
0.451545
0.469892
0.440128
0.433893
0.418473
0.445625
0.444735
0.391715
0.399262
0.512665
0.482347
0.398292
0.378463
0.40501
0.431233
0.438812
0.4624
0.510082
0.384863
0.404588
0.449766
0.450492
0.458011
0.459918
0.388329
0.462154
0.488878
0.456499
0.405163
0.50666
0.507647
0.472872
0.462726
0.4
0.406593
0.472043
0.491886
0.475848
0.502797
0.477249
0.425916
0.438792
0.477297
0.417104
0.466701
0.449763
0.443246
0.438921
0.470402
0.48748
0.463084
0.451898
0.426931
0.438786
0.463843
0.371399
0.497701
0.430165
0.361761
0.471558
0.475806
0.485669
0.402256
0.488489
0.482365
0.476757
0.510653
0.392628
0.459835
0.394298
0.449117
0.46129
0.35718
0.483051
0.467075
0.495437
0.439572
0.460393
0.436627
0.489011
0.374046
0.46229
0.393337
0.451948
0.447769
0.492831
0.450025
0.50294
0.467217
0.475916
0.400812
0.492308
0.51046
0.492699
0.494143
0.429099
0.487831
0.355508
0.473171
0.403815
0.497051
0.470072
0.487404
0.491155
0.472428
0.470894
0.492685
0.430622
0.473929
0.458768
0.431867
0.459146
0.476317
0.46855
0.467846
0.503148
0.484898
0.394856
0.508021
0.49298
0.406587
0.469848
0.485021
0.486356
0.375741
0.495652
0.455184
0.49089
0.43436
0.428
0.469409
0.487179
0.438259
0.46117
0.436102
0.41192
0.485537
0.480144
0.464688
0.465306
0.476673
0.457265
0.407252
0.486305
0.472192
0.416882
0.368041
0.5
0.445252
0.386473
0.439037
0.436817
0.46622
0.515614
0.481714
0.469911
0.479941
0.384534
0.473107
0.433281
0.466737
0.463604
0.451733
0.390461
0.432979
0.466526
0.481386
0.448025
0.39648
0.366129
0.457173
0.408805
0.500269
0.416302
0.379401
0.410363
0.483766
0.442387
0.368617
0.486529
0.469841
0.468621
0.430761
0.465064
0.467519
0.437626
0.379654
0.455992
0.481972
0.474036
0.458785
0.428345
0.398086
0.379988
0.486058
0.371073
0.437861
0.467217
0.508772
0.449337
0.450161
0.397097
0.384449
0.45301
0.410109
0.446642
0.469268
0.453854
0.475472
0.473176
0.468348
0.474808
0.416798
0.512748
0.439624
0.439112
0.454747
0.461497
0.511135
0.468382
0.4469
0.450758
0.420803
0.433247
0.407166
0.48735
0.462032
0.463517
0.449974
0.354816
0.423499
0.442784
0.448549
0.482003
0.423719
0.468638
0.443737
0.449532
0.446256
0.478632
0.398292
0.500515
0.484099
0.449682
0.428571
0.447619
0.459515
0.50576
0.435544
0.502927
0.494517
0.438144
0.511538
0.492913
0.468652
0.462896
0.500544
0.465574
0.373173
0.465753
0.5
0.463427
0.461579
0.411389
0.471026
0.482419
0.491339
0.452987
0.485473
0.434141
0.41697
0.498419
0.503941
0.409594
0.5
0.4
0.453333
0.510638
0.460277
0.475661
0.44769
0.433418
0.479857
0.48217
0.356851
0.452791
0.493782
0.510467
0.463839
0.457143
0.478261
0.459585
0.478007
0.41658
0.489611
0.475994
0.428056
0.428716
0.427695
0.437309
0.444853
0.442033
0.444614
0.460967
0.455703
0.414453
0.467109
0.469136
0.449135
0.387245
0.458781
0.439544
0.433508
0.463441
0.485867
0.471637
0.437144
0.473465
0.379345
0.470924
0.481026
0.41002
0.446912
0.459644
0.488102
0.490186
0.434806
0.462428
0.412853
0.460477
0.475718
0.472131
0.455786
0.445618
0.428571
0.444444
0.452801
0.479871
0.472278
0.470769
0.42551
0.442298
0.419371
0.489396
0.439823
0.497076
0.474352
0.430426
0.474948
0.495808
0.451051
0.481678
0.345865
0.379774
0.408466
0.441632
0.430191
0.419969
0.483585
0.447644
0.447872
0.451304
0.490604
0.478575
0.434872
0.426176
0.422815
0.505311
0.440128
0.450785
0.470339
0.490948
0.431734
0.458466
0.470117
0.393148
0.408152
0.476804
0.475118
0.353992
0.390491
0.503723
0.502842
0.451562
0.430281
0.451546
0.443515
0.466056
0.389347
0.465175
0.471658
0.494327
0.451813
0.477131
0.479265
0.433657
0.399281
0.386729
0.422258
0.398333
0.493743
0.523209
0.46728
0.431141
0.370037
0.414136
0.438578
0.491309
0.450474
0.443218
0.429328
0.434968
0.435151
0.390919
0.488201
0.41632
0.458558
0.514857
0.497674
0.500811
0.411359
0.493452
0.505663
0.442744
0.490896
0.462973
0.508311
0.493313
0.414596
0.493038
0.481361
0.462481
0.494159
0.439426
0.457292
0.48062
0.399142
0.441983
0.479979
0.501332
0.452956
0.508275
0.485572
0.44683
0.465474
0.441176
0.357301
0.500262
0.491579
0.471928
0.42144
0.504049
0.438131
0.387723
0.448745
0.490526
0.468767
0.433508
0.486884
0.396034
0.465296
0.418301
0.5
0.418509
0.419562
0.438392
0.45658
0.404051
0.419916
0.446272
0.444086
0.40829
0.46383
0.437167
0.447397
0.350361
0.481306
0.381737
0.428795
0.479565
0.419948
0.511554
0.468976
0.481788
0.469565
0.467439
0.428495
0.461498
0.475108
0.478028
0.458911
0.428942
0.520555
0.431962
0.456122
0.388278
0.484579
0.47922
0.46138
0.479134
0.443691
0.435492
0.439572
0.46893
0.405473
0.4602
0.465481
0.475258
0.416667
0.500527
0.434307
0.497585
0.422594
0.501297
0.470063
0.487139
0.463975
0.424519
0.481818
0.375912
0.481965
0.431992
0.443836
0.463646
0.476517
0.452503
0.434783
0.46756
0.368307
0.464475
0.441317
0.423077
0.423404
0.452648
0.478149
0.438797
0.495575
0.4955
0.461744
0.458423
0.40758
0.571429
0.455386
0.462382
0.438225
0.488103
0.405759
0.460722
0.504597
0.419946
0.39278
0.47776
0.466528
0.383733
0.44186
0.479017
0.427968
0.471467
0.44274
0.432283
0.371585
0.474628
0.471377
0.509385
0.462455
0.463428
0.455533
0.467449
0.405842
0.416974
0.479666
0.444157
0.451943
0.439464
0.485046
0.412913
0.451112
0.461874
0.421025
0.438999
0.457963
0.484675
0.413457
0.491021
0.45787
0.432432
0.488223
0.446997
0.454688
0.380289
0.476956
0.365405
0.475253
0.44965
0.435195
0.475848
0.492372
0.469753
0.470746
0.459788
0.493789
0.481707
0.466597
0.346174
0.492868
0.461456
0.478329
0.444056
0.448533
0.480932
0.503631
0.480645
0.471473
0.486342
0.380616
0.502345
0.448459
0.48468
0.508682
0.44773
0.475743
0.399786
0.440176
0.474457
0.399256
0.43696
0.492268
0.405714
0.396487
0.490899
0.474445
0.443803
0.502668
0.409115
0.44978
0.490394
0.425532
0.465331
0.45953
0.472408
0.507206
0.443636
0.413271
0.466489
0.392259
0.482648
0.422483
0.408293
0.4376
0.413472
0.461741
0.424504
0.479482
0.445981
0.431573
0.484785
0.47955
0.497625
0.414433
0.376698
0.505398
0.398638
0.444562
0.477134
0.467391
0.364948
0.441763
0.484375
0.477731
0.451374
0.45
0.424523
0.506494
0.486891
0.434737
0.486155
0.413812
0.461498
0.448385
0.494629
0.438385
0.487138
0.430704
0.496599
0.452783
0.38736
0.422278
0.458421
0.495851
0.437724
0.469657
0.448384
0.469059
0.469974
0.414508
0.474691
0.44288
0.476703
0.427601
0.486147
0.447046
0.471234
0.474243
0.424025
0.443766
0.440786
0.51806
0.428498
0.424503
0.498078
0.484768
0.467275
0.39373
0.485179
0.361834
0.380857
0.405191
0.494517
0.434694
0.423947
0.45691
0.410204
0.481595
0.468947
0.401575
0.483667
0.5104
0.399579
0.47609
0.460861
0.457523
0.391494
0.496215
0.380021
0.43787
0.482871
0.440128
0.396955
0.40107
0.39458
0.493848
0.404412
0.414532
0.471144
0.477398
0.439474
0.424095
0.479978
0.479619
0.458527
0.456777
0.479223
0.472987
0.476774
0.468783
0.471026
0.427979
0.476337
0.480749
0.494867
0.458333
0.360271
0.446456
0.460568
0.481137
0.384216
0.430036
0.408338
0.478237
0.441544
0.463303
0.490506
0.399467
0.494523
0.482487
0.43951
0.467397
0.395075
0.475
0.498408
0.45158
0.488164
0.468767
0.451001
0.468909
0.423414
0.484492
0.449682
0.470343
0.479415
0.465249
0.487754
0.447911
0.484375
0.489496
0.472356
0.365777
0.383178
0.445252
0.490948
0.487263
0.440877
0.464049
0.393089
0.485223
0.385662
0.417277
0.384189
0.53913
0.479979
0.513075
0.449727
0.4652
0.37727
0.420312
0.478553
0.369152
0.425733
0.470557
0.419205
0.480908
0.401709
0.382321
0.445607
0.498986
0.472813
0.450614
0.425879
0.390834
0.536082
0.504453
0.456581
0.48703
0.47337
0.414984
0.396506
0.494318
0.425916
0.486862
0.381003
0.509199
0.490769
0.426901
0.472325
0.453298
0.437178
0.503387
0.450156
0.484766
0.465453
0.436187
0.442162
0.432605
0.480769
0.456612
0.438933
0.372465
0.438974
0.452083
0.481846
0.411765
0.457408
0.47624
0.418003
0.413441
0.440877
0.436853
0.473769
0.482402
0.427149
0.416004
0.440124
0.437147
0.43108
0.430661
0.462304
0.461378
0.429032
0.433662
0.432668
0.444971
0.400213
0.511971
0.505998
0.43956
0.417456
0.404933
0.478142
0.494284
0.429333
0.488818
0.38377
0.385692
0.377456
0.442033
0.437844
0.443867
0.507479
0.407065
0.362959
0.468329
0.469055
0.502994
0.492031
0.483818
0.479134
0.497297
0.461902
0.50528
0.380928
0.478059
0.473629
0.392157
0.486373
0.454026
0.409231
0.474243
0.455579
0.403481
0.457025
0.476157
0.432447
0.382462
0.439736
0.505258
0.397954
0.405665
0.431866
0.433943
0.423529
0.48496
0.478285
0.407445
0.367792
0.447083
0.469123
0.436287
0.415013
0.481695
0.473739
0.479631
0.451748
0.489063
0.479263
0.461832
0.471489
0.46646
0.474632
0.48496
0.452111
0.483342
0.363924
0.409696
0.38795
0.483602
0.490801
0.439402
0.393663
0.431188
0.460417
0.453558
0.440761
0.430214
0.46186
0.45027
0.364224
0.479287
0.369813
0.514563
0.43701
0.410865
0.48096
0.418033
0.464894
0.462494
0.420639
0.495585
0.467379
0.459669
0.448146
0.413476
0.488562
0.351251
0.472309
0.470113
0.461222
0.465825
0.484897
0.493545
0.452368
0.37403
0.375987
0.458701
0.480869
0.416275
0.451507
0.490909
0.504069
0.490508
0.421053
0.45305
0.464737
0.432836
0.439793
0.480575
0.489562
0.467384
0.458937
0.417594
0.441922
0.449923
0.443455
0.38835
0.473519
0.449409
0.437238
0.473856
0.396668
0.463632
0.456224
0.493023
0.534483
0.439232
0.326923
0.491605
0.443158
0.443133
0.488714
0.439845
0.418046
0.442464
0.388254
0.435535
0.431911
0.512767
0.368247
0.494359
0.472563
0.492204
0.486039
0.473539
0.490246
0.419305
0.460401
0.475419
0.410428
0.429309
0.43469
0.472033
0.375517
0.449089
0.406587
0.43701
0.464908
0.489753
0.499486
0.453388
0.475185
0.417146
0.42872
0.482892
0.35443
0.458824
0.483193
0.456341
0.491749
0.475435
0.496346
0.431647
0.455567
0.445151
0.422342
0.408009
0.431445
0.412897
0.432803
0.329412
0.413021
0.414634
0.4357
0.467431
0.428186
0.447231
0.488
0.487569
0.459328
0.388355
0.45679
0.422978
0.457895
0.501615
0.471838
0.452889
0.359068
0.454496
0.434274
0.467295
0.416922
0.467861
0.480303
0.401795
0.440957
0.419665
0.424973
0.470745
0.423456
0.470255
0.495253
0.391616
0.454301
0.422042
0.487507
0.400546
0.488494
0.490957
0.434759
0.490919
0.387214
0.442658
0.427548
0.465957
0.444565
0.473821
0.448491
0.455047
0.444201
0.48224
0.482114
0.463033
0.371444
0.507376
0.456017
0.448437
0.463453
0.490785
0.472267
0.429399
0.481199
0.418393
0.418568
0.43125
0.474143
0.418362
0.438699
0.481059
0.449117
0.444561
0.462894
0.458654
0.428042
0.468973
0.485534
0.450304
0.354481
0.493271
0.455399
0.506569
0.435911
0.448468
0.488053
0.49242
0.490005
0.455255
0.409232
0.505529
0.462394
0.470777
0.42562
0.438413
0.477991
0.452681
0.432687
0.501056
0.456149
0.44317
0.480167
0.46344
0.505811
0.461662
0.460622
0.491828
0.484509
0.493785
0.433933
0.462141
0.500253
0.405028
0.446162
0.475661
0.461538
0.460879
0.493278
0.431352
0.435442
0.421245
0.422085
0.430196
0.463208
0.429491
0.476264
0.496327
0.449657
0.477812
0.44602
0.412949
0.47119
0.449571
0.442724
0.478836
0.484127
0.483516
0.472033
0.493757
0.424932
0.512579
0.369238
0.398421
0.350053
0.456274
0.471992
0.451729
0.484976
0.421744
0.451969
0.459858
0.486938
0.441711
0.470332
0.491998
0.381627
0.480022
0.478022
0.402503
0.484273
0.380755
0.423763
0.451323
0.48669
0.457746
0.469324
0.496152
0.39232
0.49361
0.376876
0.382522
0.45445
0.399164
0.429169
0.48096
0.486559
0.473219
0.481915
0.376856
0.398347
0.468262
0.43617
0.494895
0.457247
0.437762
0.485149
0.383406
0.4353
0.474078
0.448969
0.453083
0.538117
0.44168
0.445026
0.461538
0.488467
0.417833
0.470343
0.426886
0.467983
0.418124
0.498224
0.381335
0.495213
0.410714
0.484303
0.437532
0.500778
0.469898
0.451525
0.419913
0.432758
0.460996
0.4563
0.46081
0.425917
0.446316
0.490114
0.467242
0.473357
0.354331
0.444099
0.47644
0.450696
0.474101
0.407467
0.479221
0.45063
0.467925
0.478605
0.46905
0.473519
0.410229
0.45998
0.50959
0.424112
0.484135
0.434439
0.486952
0.454402
0.376238
0.445967
0.503684
0.389728
0.415232
0.475951
0.467724
0.471606
0.434759
0.476408
0.469972
0.494971
0.433029
0.475174
0.502304
0.430634
0.489522
0.474058
0.437256
0.448533
0.366096
0.45198
0.437766
0.474242
0.451253
0.453093
0.45531
0.456056
0.438142
0.446617
0.405714
0.449267
0.441118
0.421699
0.376221
0.414433
0.461178
0.434257
0.490959
0.362527
0.485189
0.410742
0.466667
0.513062
0.47035
0.459577
0.456749
0.488671
0.43259
0.401508
0.473337
0.433452
0.453298
0.502395
0.469493
0.393229
0.479526
0.48003
0.471816
0.421916
0.457743
0.470683
0.36756
0.368987
0.492468
0.357653
0.485386
0.454639
0.421322
0.488558
0.469519
0.486039
0.433671
0.461622
0.468958
0.499744
0.514608
0.483721
0.423339
0.436067
0.441484
0.457914
0.425963
0.401336
0.425886
0.383684
0.480547
0.46236
0.469792
0.472621
0.471144
0.47121
0.398624
0.422222
0.378321
0.440063
0.411273
0.428425
0.36807
0.385057
0.422409
0.432782
0.390715
0.423015
0.47744
0.467656
0.390146
0.44351
0.459362
0.448131
0.483959
0.456906
0.457263
0.480978
0.417187
0.415537
0.476266
0.419856
0.39084
0.424095
0.436086
0.396236
0.450081
0.493807
0.453215
0.485967
0.419863
0.347826
0.497119
0.452508
0.470831
0.472945
0.498159
0.489796
0.507342
0.440391
0.5
0.478844
0.466154
0.462474
0.499197
0.393194
0.403545
0.484568
0.485729
0.425701
0.482869
0.417486
0.473629
0.539286
0.454405
0.497291
0.49067
0.473926
0.445093
0.391166
0.461905
0.482937
0.411671
0.460293
0.425108
0.435598
0.448021
0.405232
0.408111
0.475226
0.469431
0.444612
0.433943
0.398524
0.493443
0.478895
0.409091
0.446898
0.41751
0.427766
0.488194
0.422423
0.451124
0.476139
0.501288
0.449021
0.429409
0.498685
0.381952
0.480131
0.407254
0.463566
0.457084
0.475142
0.443058
0.43117
0.47342
0.466667
0.436533
0.432546
0.423738
0.440722
0.422289
0.421598
0.432702
0.371053
0.478597
0.446534
0.468107
0.499662
0.485356
0.379101
0.480229
0.467809
0.379654
0.381772
0.433437
0.468165
0.4512
0.501877
0.475277
0.352781
0.496261
0.40154
0.447879
0.449923
0.47177
0.468927
0.485655
0.457294
0.496953
0.352214
0.475067
0.515231
0.513699
0.397326
0.451928
0.487325
0.401894
0.442206
0.455267
0.461937
0.508809
0.44097
0.458592
0.410297
0.350877
0.473684
0.465694
0.476859
0.482447
0.421053
0.511886
0.49764
0.397664
0.400735
0.37114
0.479688
0.401142
0.47479
0.499739
0.456408
0.555556
0.414634
0.47411
0.414737
0.487599
0.410109
0.481013
0.485356
0.393162
0.45761
0.436597
0.47471
0.496835
0.423182
0.407368
0.448128
0.396982
0.475268
0.41976
0.415416
0.444207
0.506424
0.45204
0.435294
0.451327
0.472795
0.495652
0.438672
0.465848
0.448732
0.404775
0.367553
0.457297
0.398492
0.431522
0.441253
0.425076
0.391061
0.473112
0.454164
0.555556
0.46581
0.445069
0.413278
0.441898
0.468348
0.497054
0.475994
0.479103
0.352632
0.417497
0.508547
0.498743
0.4161
0.401786
0.477273
0.419524
0.477977
0.478917
0.46052
0.424227
0.456351
0.475027
0.483246
0.419734
0.482247
0.486884
0.391892
0.453218
0.45775
0.415736
0.461538
0.448608
0.474366
0.420941
0.439709
0.462513
0.451528
0.455898
0.458488
0.3625
0.41582
0.380771
0.379081
0.492139
0.467505
0.492608
0.445141
0.491164
0.459232
0.360365
0.4613
0.421336
0.438474
0.5091
0.4625
0.471057
0.498953
0.501041
0.387527
0.444679
0.385802
0.463312
0.440426
0.477026
0.394359
0.493257
0.455293
0.501745
0.474585
0.489633
0.416058
0.421875
0.487677
0.457743
0.420942
0.491012
0.420343
0.497504
0.450601
0.48172
0.450342
0.420245
0.454685
0.431062
0.430794
0.38049
0.422441
0.494352
0.449716
0.488482
0.431736
0.35248
0.446485
0.410256
0.352537
0.42648
0.488456
0.499743
0.457447
0.4
0.460367
0.440706
0.423493
0.492835
0.432764
0.473006
0.443347
0.440367
0.446371
0.545455
0.508251
0.400314
0.474124
0.435501
0.455829
0.422151
0.443222
0.453855
0.427575
0.498679
0.468512
0.412883
0.46252
0.500525
0.449584
0.501527
0.433729
0.467532
0.43213
0.436776
0.391109
0.488683
0.444726
0.471922
0.380851
0.470238
0.399682
0.490005
0.408132
0.413452
0.462934
0.465241
0.426054
0.423037
0.40447
0.392137
0.372747
0.453871
0.347764
0.389276
0.481384
0.442078
0.40066
0.415591
0.362874
0.428718
0.415736
0.390349
0.454179
0.443376
0.357653
0.423694
0.39297
0.468118
0.450076
0.402576
0.475444
0.499203
0.445857
0.51334
0.39337
0.394981
0.429768
0.473323
0.474747
0.393122
0.430505
0.488666
0.502311
0.473467
0.456829
0.44572
0.412309
0.406842
0.460905
0.467742
0.483019
0.467187
0.379585
0.413615
0.412844
0.453042
0.398271
0.502439
0.411985
0.499642
0.401145
0.466849
0.443621
0.484066
0.452343
0.492436
0.462536
0.48098
0.445216
0.355351
0.421279
0.426324
0.416798
0.498966
0.443229
0.495363
0.410087
0.490449
0.478051
0.46322
0.418667
0.446592
0.434828
0.487442
0.459925
0.47731
0.445405
0.431635
0.475106
0.452917
0.465362
0.449793
0.496055
0.455476
0.392749
0.464398
0.474869
0.480657
0.432573
0.467499
0.48
0.50293
0.493684
0.470462
0.489035
0.48098
0.472425
0.449314
0.402778
0.48457
0.450296
0.493026
0.438652
0.428645
0.426566
0.477248
0.448578
0.5
0.43766
0.428935
0.565217
0.43361
0.421826
0.442579
0.477737
0.474935
0.455797
0.440144
0.501869
0.485729
0.479666
0.394083
0.349085
0.498682
0.444859
0.433592
0.453439
0.4421
0.485271
0.477249
0.463106
0.491274
0.482327
0.434644
0.4244
0.433435
0.48086
0.461579
0.448385
0.418443
0.463814
0.423258
0.486501
0.412198
0.438662
0.487259
0.453494
0.441237
0.440786
0.476393
0.467081
0.4341
0.436554
0.38976
0.407056
0.522269
0.482919
0.412258
0.506257
0.478398
0.494906
0.488101
0.408624
0.422594
0.492791
0.42939
0.369813
0.481651
0.375806
0.461103
0.445675
0.478844
0.438797
0.475967
0.439959
0.426695
0.464056
0.486631
0.434542
0.406852
0.46438
0.458136
0.443283
0.488521
0.44312
0.390093
0.457027
0.476042
0.429298
0.433952
0.443069
0.499282
0.48081
0.368348
0.433827
0.455677
0.374934
0.488323
0.380926
0.480062
0.389381
0.45659
0.434409
0.47789
0.503423
0.512507
0.479026
0.41698
0.467249
0.44757
0.462553
0.43611
0.415943
0.481167
0.518538
0.478702
0.391259
0.466382
0.457435
0.474506
0.398825
0.489829
0.408659
0.464781
0.491667
0.47341
0.46797
0.430328
0.436909
0.421864
0.481343
0.430683
0.480083
0.395074
0.467204
0.470833
0.476115
0.429585
0.406425
0.419038
0.477368
0.501837
0.460447
0.493776
0.42623
0.494731
0.50027
0.487437
0.469493
0.415473
0.439467
0.447801
0.465716
0.494394
0.502096
0.447383
0.466393
0.500523
0.46726
0.348049
0.461498
0.456169
0.422095
0.390244
0.487573
0.385472
0.505564
0.367595
0.484758
0.466209
0.41628
0.371719
0.450828
0.499237
0.377673
0.469356
0.441341
0.39105
0.457895
0.474445
0.373802
0.502692
0.486989
0.453859
0.433914
0.447411
0.504439
0.524934
0.454545
0.458683
0.475623
0.469175
0.425325
0.398221
0.417571
0.3888
0.458963
0.439474
0.442615
0.472237
0.501034
0.394644
0.4158
0.474763
0.426527
0.417364
0.461008
0.375521
0.433544
0.475375
0.445833
0.465994
0.441253
0.447325
0.464583
0.410474
0.458245
0.357513
0.485788
0.440678
0.374806
0.448583
0.467295
0.468288
0.466115
0.431467
0.492691
0.449223
0.473487
0.477853
0.468927
0.424922
0.448131
0.425896
0.428797
0.5
0.475622
0.447869
0.427816
0.481521
0.504767
0.428498
0.481541
0.438716
0.466944
0.445361
0.454449
0.444096
0.389674
0.468454
0.378974
0.459315
0.475503
0.458716
0.419543
0.493827
0.374869
0.483749
0.360562
0.428344
0.443104
0.481403
0.464796
0.445313
0.443836
0.377973
0.49732
0.466875
0.476089
0.463164
0.495767
0.463377
0.364921
0.444204
0.455251
0.406734
0.375992
0.515828
0.502176
0.445267
0.512821
0.416203
0.500771
0.459776
0.397906
0.392208
0.403117
0.410733
0.42182
0.496842
0.455526
0.43819
0.382384
0.407051
0.44291
0.458615
0.409903
0.437207
0.452671
0.436567
0.504128
0.462012
0.482972
0.419421
0.351097
0.495139
0.458682
0.474484
0.508753
0.459907
0.420442
0.40593
0.377883
0.466173
0.392066
0.442597
0.449201
0.48543
0.418467
0.497961
0.40707
0.474183
0.440797
0.475088
0.455782
0.467991
0.45933
0.448815
0.420305
0.457097
0.449089
0.38814
0.49386
0.484686
0.477871
0.470779
0.475897
0.475622
0.430238
0.430939
0.46194
0.449791
0.399256
0.461991
0.457052
0.458595
0.5
0.467962
0.393337
0.460465
0.437072
0.433097
0.507415
0.425635
0.435223
0.452406
0.449687
0.488832
0.499202
0.440731
0.490033
0.480408
0.444084
0.477636
0.488436
0.460153
0.521739
0.445691
0.463108
0.499729
0.489796
0.488161
0.503338
0.421762
0.454023
0.425598
0.408
0.467852
0.479036
0.499237
0.436744
0.399482
0.399594
0.406428
0.450676
0.435787
0.490537
0.420759
0.496613
0.381295
0.446933
0.443981
0.43098
0.486214
0.472922
0.378796
0.343284
0.440687
0.458915
0.424195
0.394481
0.449671
0.491525
0.375065
0.383246
0.412563
0.442597
0.468602
0.417794
0.410408
0.501342
0.473282
0.433282
0.438249
0.421594
0.496038
0.502278
0.401899
0.453074
0.506192
0.492806
0.415026
0.397571
0.461538
0.456647
0.494709
0.432169
0.401148
0.482507
0.395955
0.442549
0.496241
0.460293
0.353457
0.405935
0.401705
0.468553
0.498447
0.469867
0.491344
0.443347
0.45988
0.400855
0.381464
0.485671
0.43809
0.476095
0.467972
0.383823
0.452258
0.495661
0.470897
0.403001
0.436137
0.484205
0.407407
0.466772
0.480377
0.484755
0.508876
0.505116
0.434874
0.471204
0.449397
0.482932
0.445815
0.440928
0.480356
0.38534
0.370985
0.435467
0.438429
0.4946
0.470463
0.427089
0.494195
0.481704
0.46126
0.43545
0.438713
0.480021
0.509888
0.440714
0.490196
0.382429
0.460709
0.36722
0.4174
0.395362
0.455289
0.43972
0.387446
0.494971
0.462755
0.478261
0.492632
0.471288
0.484409
0.465784
0.477477
0.415522
0.441413
0.449725
0.477248
0.404775
0.418201
0.45483
0.388114
0.362205
0.491164
0.505506
0.458779
0.408488
0.470287
0.488806
0.372509
0.411614
0.488263
0.479958
0.495413
0.502295
0.453765
0.51046
0.455077
0.48059
0.403125
0.475883
0.364984
0.409871
0.392954
0.487991
0.483298
0.45559
0.447103
0.405773
0.432764
0.471331
0.486862
0.374479
0.424513
0.438933
0.448029
0.464833
0.43574
0.462679
0.463889
0.461378
0.485239
0.430326
0.475685
0.417981
0.490379
0.432692
0.400946
0.47897
0.461697
0.47268
0.461495
0.393176
0.438466
0.421554
0.456602
0.486744
0.54
0.500253
0.388482
0.362924
0.488741
0.414309
0.463918
0.434343
0.478762
0.461132
0.450366
0.429494
0.452269
0.451527
0.430818
0.399483
0.444737
0.478049
0.482273
0.473572
0.425875
0.514325
0.425251
0.456452
0.494038
0.482428
0.387507
0.46705
0.408778
0.454212
0.49187
0.487494
0.487386
0.434246
0.466349
0.381886
0.448671
0.466736
0.435153
0.466403
0.490471
0.377179
0.53876
0.392779
0.462009
0.460094
0.455338
0.415759
0.475115
0.438449
0.457547
0.423983
0.502997
0.451304
0.408391
0.475676
0.488235
0.443814
0.460041
0.421106
0.487261
0.463725
0.486842
0.447624
0.460499
0.448937
0.429494
0.397799
0.47293
0.352613
0.446017
0.471
0.476689
0.484531
0.475185
0.445601
0.481382
0.476448
0.435204
0.437132
0.445259
0.491653
0.42773
0.442248
0.401503
0.495547
0.431624
0.439371
0.41044
0.479693
0.475118
0.480223
0.414581
0.421354
0.375741
0.402275
0.472338
0.439596
0.435792
0.436325
0.471459
0.379574
0.477144
0.414764
0.455153
0.469062
0.414922
0.436176
0.39666
0.484865
0.354102
0.351642
0.465116
0.496528
0.423316
0.485401
0.484433
0.490206
0.452742
0.451318
0.449845
0.494971
0.47471
0.451801
0.47105
0.433177
0.399799
0.408132
0.492965
0.48404
0.425168
0.427254
0.485957
0.469235
0.462527
0.499203
0.416842
0.433333
0.393103
0.371829
0.384085
0.459328
0.382149
0.457754
0.469575
0.42032
0.436047
0.476216
0.495238
0.409067
0.450578
0.490123
0.380952
0.516456
0.424895
0.47407
0.43378
0.433456
0.441161
0.489239
0.481013
0.360341
0.444139
0.414226
0.50798
0.459802
0.371092
0.506708
0.473629
0.495109
0.418079
0.468799
0.380708
0.456236
0.389265
0.445863
0.45
0.476602
0.494652
0.474737
0.479352
0.447938
0.479253
0.395153
0.488178
0.443199
0.466667
0.464323
0.419053
0.499227
0.406105
0.510204
0.397182
0.421786
0.486541
0.468492
0.505601
0.436512
0.356128
0.397337
0.459034
0.433585
0.488164
0.399709
0.496648
0.456684
0.353525
0.43812
0.477107
0.45883
0.487514
0.436019
0.384454
0.470619
0.420812
0.375448
0.440144
0.414301
0.49037
0.488164
0.492934
0.400514
0.411165
0.414749
0.44682
0.414534
0.506173
0.432517
0.478746
0.428418
0.423354
0.492662
0.481714
0.499503
0.335638
0.474164
0.458558
0.393971
0.47065
0.416935
0.44281
0.45137
0.493852
0.489429
0.501571
0.483444
0.464609
0.50961
0.480583
0.436939
0.476486
0.505682
0.465368
0.40914
0.445308
0.446912
0.493444
0.493078
0.439257
0.478858
0.417476
0.413183
0.463135
0.423077
0.411611
0.499199
0.336979
0.490556
0.423601
0.474531
0.49256
0.416104
0.4514
0.402715
0.445771
0.488782
0.464533
0.366523
0.37722
0.47205
0.336498
0.464804
0.403015
0.375403
0.518417
0.470685
0.481425
0.448443
0.466455
0.507725
0.431647
0.440273
0.429169
0.427315
0.489652
0.492114
0.488033
0.457831
0.457082
0.445607
0.434343
0.480372
0.484317
0.437937
0.466427
0.442359
0.39185
0.353481
0.492491
0.471904
0.494829
0.404346
0.421025
0.4545
0.47479
0.506507
0.494879
0.343066
0.449528
0.456204
0.421304
0.462389
0.463983
0.418926
0.496695
0.459503
0.433437
0.446681
0.480146
0.435843
0.491821
0.482189
0.467833
0.475992
0.374214
0.484211
0.608696
0.40853
0.503416
0.514177
0.488946
0.43428
0.457654
0.462203
0.479075
0.484547
0.42097
0.465499
0.42562
0.511616
0.438327
0.469673
0.468817
0.407056
0.498223
0.462203
0.462507
0.457413
0.430428
0.438278
0.464133
0.451563
0.41658
0.47333
0.462875
0.418219
0.430534
0.490909
0.46801
0.413487
0.497022
0.454404
0.496281
0.429642
0.442084
0.391696
0.415084
0.520063
0.435449
0.458774
0.467102
0.457881
0.468766
0.463836
0.473881
0.488962
0.368927
0.424479
0.440021
0.373706
0.444159
0.514139
0.497897
0.487448
0.470185
0.502101
0.478615
0.448568
0.475418
0.490056
0.482812
0.487696
0.493717
0.414803
0.381723
0.478668
0.518267
0.461663
0.457995
0.386873
0.426077
0.380673
0.347678
0.460584
0.440342
0.450855
0.432139
0.391572
0.45583
0.451724
0.481813
0.458118
0.41757
0.444269
0.452328
0.443371
0.483316
0.455503
0.462278
0.493724
0.436812
0.458131
0.460435
0.446383
0.432362
0.387958
0.462617
0.422033
0.480021
0.445635
0.399173
0.484848
0.511567
0.468815
0.423619
0.38514
0.421725
0.457112
0.469129
0.415303
0.42032
0.408875
0.475989
0.479423
0.495913
0.437751
0.440362
0.477899
0.426829
0.443691
0.476994
0.423323
0.456588
0.46166
0.490258
0.479445
0.474935
0.366492
0.415871
0.473822
0.458749
0.458143
0.489373
0.417903
0.442719
0.481733
0.464499
0.495776
0.411382
0.479692
0.45288
0.482579
0.478619
0.46875
0.479723
0.484663
0.369589
0.449551
0.456149
0.424383
0.491491
0.473491
0.423077
0.474647
0.375897
0.474183
0.511972
0.418767
0.409671
0.432106
0.452142
0.497914
0.482228
0.492188
0.461026
0.464008
0.434097
0.352105
0.40515
0.401169
0.456274
0.461459
0.458377
0.490395
0.485567
0.502912
0.379534
0.470813
0.475211
0.509564
0.369054
0.450627
0.446657
0.429727
0.476242
0.482226
0.504813
0.506141
0.460997
0.482684
0.449021
0.374934
0.416496
0.492734
0.405405
0.451844
0.489849
0.361735
0.487893
0.466667
0.469366
0.501548
0.380114
0.410593
0.434144
0.37891
0.42059
0.475989
0.48002
0.474909
0.502928
0.488053
0.439832
0.451665
0.435748
0.492761
0.399897
0.507788
0.429614
0.471294
0.486908
0.473958
0.443506
0.469301
0.45334
0.438975
0.46723
0.479914
0.454731
0.458051
0.491393
0.470805
0.511971
0.463427
0.359786
0.433211
0.422718
0.372819
0.428571
0.438971
0.421574
0.407346
0.429717
0.510761
0.470738
0.423097
0.461302
0.372646
0.47833
0.457232
0.419695
0.379706
0.473825
0.48477
0.360235
0.446113
0.366067
0.489951
0.497574
0.385121
0.493414
0.378507
0.514408
0.433962
0.505285
0.483385
0.480214
0.441944
0.509711
0.437097
0.462758
0.466561
0.379479
0.480408
0.421134
0.486351
0.465637
0.484419
0.476456
0.442268
0.407813
0.486
0.450214
0.498167
0.450075
0.48527
0.474019
0.468502
0.483784
0.428048
0.517628
0.494223
0.406007
0.46328
0.435714
0.470497
0.368339
0.454642
0.473415
0.488987
0.489384
0.426029
0.38553
0.469388
0.438624
0.42842
0.445625
0.429085
0.475076
0.481843
0.438349
0.356373
0.517442
0.393796
0.486799
0.407908
0.448133
0.46775
0.481263
0.442446
0.459969
0.382697
0.486987
0.469802
0.486062
0.477644
0.487245
0.404572
0.471904
0.472699
0.478746
0.453175
0.442277
0.397222
0.363329
0.3625
0.494045
0.433006
0.474609
0.500774
0.422245
0.514743
0.461661
0.394089
0.39089
0.45894
0.397476
0.504505
0.407866
0.35395
0.486971
0.459216
0.486243
0.462977
0.451226
0.412327
0.348339
0.394709
0.429646
0.479613
0.409534
0.475477
0.430788
0.456829
0.462595
0.428571
0.428346
0.432105
0.437175
0.478785
0.497674
0.451813
0.480392
0.476948
0.485685
0.426703
0.5
0.400629
0.436975
0.495293
0.495248
0.465362
0.417171
0.421053
0.474987
0.465775
0.467408
0.438615
0.441619
0.439153
0.478492
0.360562
0.464593
0.443129
0.423297
0.471688
0.484611
0.493569
0.480759
0.423201
0.445652
0.439895
0.429559
0.40852
0.403009
0.477507
0.420779
0.429233
0.485834
0.477354
0.361725
0.426064
0.453905
0.472658
0.453476
0.471347
0.413348
0.48614
0.476393
0.382933
0.480165
0.469584
0.465347
0.455754
0.488923
0.47454
0.472296
0.481649
0.445417
0.486176
0.452406
0.471003
0.464
0.476116
0.461787
0.448765
0.420939
0.473404
0.471169
0.465855
0.436082
0.466321
0.472133
0.460021
0.398696
0.437532
0.474794
0.455875
0.473251
0.438578
0.505388
0.427078
0.389875
0.477727
0.426393
0.388188
0.421328
0.512297
0.485302
0.401583
0.478775
0.455716
0.476883
0.427902
0.487259
0.482115
0.420748
0.507603
0.503508
0.468581
0.449727
0.394954
0.490527
0.40266
0.389631
0.443337
0.469873
0.480912
0.495917
0.4411
0.417879
0.366006
0.456041
0.473232
0.461253
0.484254
0.453799
0.430032
0.457728
0.469117
0.437926
0.419338
0.480328
0.502098
0.45743
0.482937
0.49742
0.45097
0.404198
0.517493
0.505443
0.468815
0.478723
0.484755
0.471558
0.468321
0.436354
0.38522
0.392675
0.423711
0.447833
0.513269
0.436242
0.52064
0.461292
0.361635
0.476341
0.479532
0.440695
0.377801
0.437632
0.438975
0.416409
0.460227
0.491501
0.431452
0.50266
0.407388
0.468782
0.432563
0.384421
0.514346
0.406678
0.435417
0.378349
0.456906
0.406605
0.410586
0.423607
0.456476
0.465562
0.41433
0.430074
0.544061
0.500264
0.442144
0.431734
0.423838
0.47584
0.452996
0.386232
0.431624
0.509225
0.414647
0.454298
0.40364
0.429787
0.475258
0.462449
0.494949
0.479467
0.504678
0.466844
0.492996
0.489663
0.406035
0.493802
0.456992
0.421238
0.407407
0.457754
0.420997
0.421909
0.508282
0.459216
0.420328
0.488095
0.459812
0.474298
0.483701
0.498689
0.477321
0.411547
0.499203
0.498167
0.468062
0.515244
0.463987
0.418605
0.363876
0.46423
0.437002
0.411017
0.400753
0.478261
0.458886
0.463608
0.410853
0.341929
0.461816
0.474742
0.398211
0.48107
0.378107
0.431511
0.418532
0.372599
0.379254
0.426558
0.449153
0.446268
0.458639
0.496256
0.376227
0.491927
0.410164
0.465289
0.426949
0.481921
0.477676
0.485759
0.474411
0.465438
0.466177
0.407368
0.465389
0.408338
0.433281
0.421217
0.503416
0.477812
0.476948
0.469072
0.445789
0.484647
0.399896
0.432602
0.42236
0.472689
0.442623
0.446162
0.435792
0.510373
0.455807
0.460733
0.487448
0.457735
0.45829
0.468766
0.407539
0.442507
0.499742
0.478903
0.489005
0.428571
0.465845
0.483925
0.422727
0.407173
0.503863
0.439303
0.453786
0.466356
0.453951
0.472746
0.475802
0.494808
0.371413
0.436848
0.443432
0.462016
0.476266
0.515784
0.463708
0.460074
0.483375
0.444444
0.416892
0.483395
0.486133
0.47471
0.396055
0.45097
0.417708
0.492784
0.423548
0.479793
0.47248
0.40515
0.490496
0.431842
0.424788
0.482412
0.367273
0.446496
0.401274
0.459677
0.506912
0.465508
0.438689
0.484558
0.46059
0.46508
0.473165
0.482864
0.496046
0.446256
0.473823
0.483462
0.471928
0.396298
0.518868
0.387243
0.436487
0.443342
0.475174
0.48341
0.462388
0.39691
0.444844
0.440687
0.418926
0.496825
0.379956
0.433087
0.442501
0.470829
0.462382
0.394592
0.492225
0.419012
0.436031
0.450079
0.385707
0.350325
0.481402
0.452229
0.466595
0.425258
0.416361
0.431557
0.499185
0.413341
0.411458
0.431744
0.395987
0.459296
0.414301
0.467717
0.423824
0.456391
0.489891
0.466097
0.473934
0.429451
0.425868
0.515795
0.392916
0.449871
0.474576
0.497085
0.420676
0.458311
0.456429
0.490279
0.436176
0.428571
0.463158
0.470505
0.387097
0.474421
0.459519
0.358122
0.483718
0.383869
0.508214
0.365791
0.384295
0.47298
0.47449
0.471406
0.445008
0.429792
0.418346
0.322314
0.449763
0.440705
0.442789
0.429402
0.419847
0.497849
0.446854
0.481748
0.402664
0.384656
0.459547
0.483264
0.438238
0.505263
0.483499
0.461869
0.49732
0.501303
0.457243
0.401346
0.501035
0.491453
0.487544
0.41852
0.507551
0.466806
0.431723
0.455797
0.479859
0.424784
0.457655
0.481661
0.46
0.486515
0.491898
0.501524
0.425916
0.394118
0.480387
0.450378
0.454068
0.469388
0.419676
0.495258
0.431628
0.40625
0.441238
0.423374
0.456446
0.413739
0.456943
0.476215
0.404548
0.43366
0.444386
0.474716
0.474074
0.398547
0.419868
0.40973
0.441268
0.443299
0.417605
0.49454
0.42937
0.480171
0.463708
0.483462
0.402116
0.484552
0.475459
0.476499
0.486118
0.389664
0.470842
0.450362
0.468635
0.428647
0.390904
0.455201
0.401491
0.460344
0.514552
0.47188
0.433071
0.490798
0.403633
0.445144
0.506037
0.44359
0.455244
0.46888
0.521762
0.451267
0.47513
0.449426
0.378739
0.45483
0.479177
0.481813
0.4792
0.421755
0.481366
0.498645
0.497904
0.440597
0.470807
0.485179
0.458206
0.48377
0.382196
0.39185
0.494057
0.45515
0.49926
0.436672
0.513095
0.500782
0.39482
0.456033
0.424057
0.487083
0.429614
0.486185
0.483957
0.433911
0.45095
0.394294
0.43994
0.385024
0.513641
0.43525
0.468817
0.417787
0.486828
0.501391
0.396252
0.455736
0.398925
0.458658
0.429796
0.429457
0.414977
0.391125
0.430919
0.389338
0.449517
0.36778
0.500266
0.508138
0.407139
0.504149
0.468717
0.405506
0.431905
0.434369
0.465395
0.452125
0.403463
0.450317
0.497645
0.417299
0.38386
0.458879
0.441161
0.42432
0.416283
0.465814
0.471179
0.447486
0.40892
0.470366
0.490706
0.482613
0.450311
0.498699
0.358737
0.441989
0.451562
0.430786
0.449518
0.384367
0.463955
0.484992
0.486089
0.464604
0.48994
0.470402
0.433848
0.377013
0.488335
0.492163
0.450766
0.50026
0.493889
0.459388
0.494229
0.367832
0.406086
0.555556
0.386861
0.417594
0.453355
0.462388
0.449184
0.372624
0.414009
0.462133
0.474694
0.424923
0.365891
0.385662
0.444672
0.415943
0.454139
0.469007
0.474066
0.429384
0.474908
0.439088
0.45479
0.449198
0.449012
0.487453
0.408077
0.467205
0.362168
0.408184
0.45969
0.444324
0.431402
0.478979
0.463442
0.502884
0.452888
0.486342
0.440696
0.452878
0.333333
0.395075
0.472877
0.453811
0.482044
0.359431
0.49551
0.403897
0.435551
0.501783
0.449923
0.386778
0.472266
0.368047
0.458755
0.404712
0.487288
0.45283
0.44282
0.467615
0.473491
0.468085
0.371535
0.467552
0.449664
0.449654
0.402299
0.415925
0.492746
0.448725
0.47463
0.51535
0.406035
0.468816
0.442879
0.492908
0.505285
0.465732
0.47675
0.433172
0.470032
0.487365
0.460616
0.466884
0.45625
0.444384
0.410565
0.382773
0.50026
0.511604
0.424306
0.467697
0.48452
0.463724
0.478775
0.433619
0.444028
0.493976
0.410455
0.492444
0.47119
0.435638
0.429461
0.445827
0.450338
0.381053
0.500262
0.476578
0.476947
0.509463
0.404775
0.496382
0.464
0.415337
0.392082
0.356194
0.396338
0.38976
0.497262
0.393199
0.380411
0.446438
0.42163
0.485411
0.416834
0.440488
0.469333
0.445237
0.482038
0.498685
0.482402
0.498919
0.417833
0.460897
0.497665
0.412222
0.454211
0.487513
0.46875
0.439103
0.450216
0.485128
0.412355
0.433158
0.412493
0.38454
0.448146
0.406926
0.493132
0.427149
0.517653
0.42773
0.453603
0.425417
0.469841
0.48208
0.479535
0.439324
0.410487
0.451232
0.422535
0.37942
0.44878
0.386118
0.377339
0.479957
0.414989
0.454128
0.487705
0.428798
0.466806
0.430534
0.408857
0.495621
0.388538
0.457143
0.458422
0.437952
0.494673
0.409067
0.400206
0.507185
0.448154
0.482415
0.46622
0.387429
0.464652
0.444979
0.489205
0.409751
0.41852
0.464625
0.493919
0.421732
0.389795
0.47071
0.416488
0.42363
0.411587
0.449864
0.464609
0.488189
0.390914
0.421458
0.5
0.465589
0.407543
0.452769
0.351393
0.515996
0.512752
0.431736
0.436569
0.470195
0.38914
0.402556
0.497597
0.356917
0.492621
0.450426
0.455567
0.482868
0.440643
0.477567
0.49569
0.451829
0.500257
0.393175
0.485531
0.414803
0.487109
0.484034
0.428949
0.450727
0.473295
0.38821
0.417281
0.468586
0.463136
0.444676
0.408882
0.465363
0.435155
0.468652
0.488636
0.360963
0.41275
0.484864
0.433563
0.441788
0.531069
0.48441
0.435204
0.489338
0.470313
0.352785
0.496333
0.452728
0.486835
0.434372
0.487923
0.487166
0.389474
0.45876
0.42372
0.483611
0.447624
0.470348
0.448079
0.480908
0.443597
0.37862
0.389441
0.455212
0.355126
0.362552
0.46694
0.406267
0.466224
0.467695
0.501597
0.490258
0.42268
0.447614
0.476087
0.419063
0.496722
0.426078
0.388248
0.484375
0.444041
0.437534
0.486361
0.518853
0.416925
0.427897
0.526615
0.467222
0.384089
0.460465
0.399265
0.472374
0.359936
0.410917
0.45567
0.472354
0.518293
0.423896
0.465782
0.470588
0.474874
0.44522
0.500509
0.485564
0.464458
0.490206
0.495065
0.436194
0.497029
0.424242
0.384774
0.418085
0.467586
0.464176
0.450639
0.405892
0.444089
0.423077
0.461454
0.477332
0.441253
0.42397
0.500519
0.465653
0.478615
0.477588
0.465999
0.457831
0.491649
0.423428
0.436004
0.495789
0.420031
0.43798
0.463441
0.497938
0.458445
0.485383
0.475067
0.438935
0.46641
0.409432
0.4353
0.433559
0.462709
0.426221
0.441423
0.479339
0.477354
0.462755
0.476626
0.440314
0.48174
0.466946
0.413394
0.44217
0.472354
0.36784
0.486947
0.451996
0.385787
0.400745
0.4
0.449223
0.453625
0.459843
0.481748
0.414243
0.4589
0.460769
0.424464
0.489047
0.467419
0.411239
0.481501
0.411543
0.440171
0.46986
0.494879
0.459216
0.406488
0.355754
0.423467
0.502183
0.5
0.487269
0.426202
0.447059
0.418862
0.435685
0.475488
0.446091
0.448349
0.461292
0.420742
0.564885
0.458333
0.406364
0.481226
0.490702
0.442665
0.456511
0.43159
0.444444
0.466667
0.427149
0.481868
0.435356
0.49026
0.46225
0.402364
0.467056
0.472123
0.402856
0.43344
0.460224
0.475873
0.401763
0.472585
0.428649
0.450366
0.458904
0.481639
0.376378
0.471169
0.417623
0.452328
0.40257
0.497332
0.432733
0.45615
0.491015
0.410981
0.469054
0.455573
0.484189
0.478328
0.412267
0.426778
0.439712
0.485986
0.402618
0.39929
0.488214
0.487033
0.412044
0.374598
0.466024
0.428571
0.417644
0.464062
0.470117
0.507736
0.465774
0.474147
0.449304
0.430136
0.473171
0.498898
0.4376
0.447479
0.452394
0.443681
0.430745
0.425373
0.414521
0.449283
0.528013
0.443051
0.493425
0.452969
0.486118
0.44926
0.461699
0.484475
0.498444
0.478051
0.406681
0.443979
0.436702
0.448313
0.401834
0.463608
0.437339
0.45768
0.496699
0.451323
0.490821
0.479937
0.433281
0.46822
0.455402
0.498189
0.43796
0.373284
0.509495
0.515567
0.48643
0.422497
0.452496
0.427733
0.491488
0.464804
0.464927
0.473376
0.444444
0.471246
0.433843
0.407182
0.490693
0.359616
0.479979
0.474036
0.451928
0.515437
0.458515
0.4857
0.400318
0.502086
0.403032
0.494412
0.473376
0.479045
0.423036
0.459596
0.441451
0.476071
0.401487
0.476445
0.431382
0.495495
0.427807
0.47431
0.45829
0.430373
0.479144
0.468546
0.509298
0.448529
0.475572
0.47463
0.438065
0.446567
0.471391
0.404891
0.445383
0.478284
0.463852
0.479156
0.446924
0.456058
0.467044
0.41913
0.468267
0.44585
0.478866
0.425344
0.486656
0.442266
0.449771
0.441696
0.497315
0.499168
0.457237
0.466844
0.472428
0.467824
0.444565
0.396883
0.396093
0.474274
0.500269
0.373814
0.463597
0.450658
0.488691
0.480176
0.477604
0.502732
0.365139
0.435313
0.441873
0.400304
0.475936
0.461912
0.469697
0.501589
0.45066
0.472737
0.452466
0.477356
0.472973
0.475393
0.470157
0.458725
0.496849
0.427445
0.452091
0.451613
0.427994
0.459593
0.471627
0.498454
0.478329
0.348997
0.474326
0.445802
0.43013
0.444329
0.439504
0.432718
0.479352
0.451201
0.492621
0.390763
0.37949
0.455115
0.444906
0.45
0.4338
0.491148
0.431685
0.393194
0.486373
0.471657
0.394583
0.407929
0.457128
0.457189
0.318182
0.424946
0.454688
0.447523
0.48092
0.414697
0.383342
0.462113
0.478531
0.408755
0.503212
0.440563
0.486243
0.367804
0.48431
0.467716
0.431351
0.481837
0.459588
0.427882
0.396372
0.479657
0.392439
0.449055
0.415748
0.441432
0.446942
0.484753
0.48951
0.483051
0.403518
0.434508
0.446592
0.435086
0.377031
0.384452
0.500522
0.411037
0.449397
0.48283
0.44764
0.373457
0.447578
0.433804
0.495704
0.367975
0.434872
0.432551
0.466872
0.459113
0.441161
0.472135
0.435707
0.438453
0.5037
0.371618
0.48127
0.486022
0.406537
0.427367
0.391554
0.478729
0.437781
0.493218
0.411634
0.433128
0.421165
0.449527
0.458774
0.440126
0.485791
0.41954
0.453125
0.489785
0.408657
0.428496
0.501881
0.488984
0.449055
0.460292
0.418454
0.45163
0.485098
0.440372
0.418097
0.371029
0.450761
0.48317
0.476215
0.488497
0.38207
0.436227
0.346256
0.420526
0.441023
0.411616
0.414088
0.442025
0.507896
0.489514
0.438737
0.462878
0.370582
0.482886
0.453592
0.464506
0.464489
0.494744
0.426548
0.489605
0.456623
0.41189
0.413382
0.465217
0.490104
0.408808
0.49719
0.479067
0.448164
0.496038
0.515766
0.475506
0.473628
0.462654
0.381509
0.50386
0.453537
0.451646
0.49148
0.414058
0.487474
0.466485
0.356513
0.441238
0.433172
0.391444
0.409489
0.486586
0.394486
0.409951
0.472959
0.429243
0.504326
0.483082
0.475348
0.440318
0.408142
0.420774
0.398202
0.429418
0.482514
0.377358
0.489429
0.510975
0.456947
0.46851
0.441748
0.435102
0.488889
0.448065
0.461008
0.47132
0.439815
0.490909
0.496265
0.4689
0.429451
0.428647
0.395627
0.489288
0.422257
0.443342
0.48913
0.49373
0.44773
0.39044
0.406798
0.401145
0.478308
0.454068
0.502345
0.439915
0.380429
0.425487
0.449121
0.486628
0.364297
0.44276
0.401805
0.435802
0.483887
0.495208
0.457096
0.43357
0.480238
0.464437
0.478084
0.463806
0.478283
0.47397
0.439076
0.500262
0.400102
0.488764
0.387585
0.464248
0.434002
0.389513
0.439596
0.464176
0.455643
0.466597
0.455315
0.508333
0.416388
0.443582
0.485122
0.410201
0.437793
0.442127
0.444101
0.49925
0.497662
0.450591
0.398279
0.484817
0.447777
0.477327
0.436567
0.470071
0.501879
0.476616
0.491906
0.452648
0.424475
0.466598
0.402116
0.429622
0.460092
0.491081
0.452721
0.463791
0.476655
0.369509
0.464894
0.486402
0.417995
0.41441
0.462735
0.458311
0.489627
0.435638
0.459877
0.439834
0.450366
0.501561
0.48056
0.437072
0.471149
0.434382
0.468328
0.329787
0.475288
0.416801
0.501869
0.4718
0.45291
0.439467
0.429175
0.461378
0.409345
0.486975
0.377309
0.472465
0.44757
0.474222
0.440981
0.416667
0.490526
0.42754
0.502075
0.459502
0.497608
0.408736
0.42611
0.436817
0.383982
0.499474
0.411825
0.463388
0.387415
0.441427
0.413703
0.461851
0.479189
0.479472
0.484611
0.449522
0.419456
0.490789
0.484785
0.457992
0.490779
0.477128
0.444324
0.425108
0.471757
0.462487
0.407306
0.482904
0.461874
0.416055
0.43766
0.469116
0.5
0.419602
0.464604
0.484238
0.485637
0.493292
0.424242
0.461864
0.475904
0.391102
0.470861
0.406452
0.480973
0.408939
0.383237
0.408947
0.465963
0.424509
0.476703
0.478836
0.411082
0.492754
0.571429
0.480021
0.484466
0.416752
0.43558
0.481332
0.353033
0.492192
0.447202
0.431899
0.458711
0.468568
0.430183
0.453264
0.423018
0.494585
0.488785
0.455259
0.513322
0.478423
0.451477
0.478495
0.458879
0.395337
0.469231
0.480294
0.481871
0.439877
0.482228
0.450102
0.43697
0.456684
0.487805
0.422551
0.506828
0.479937
0.402439
0.447065
0.43545
0.450712
0.447479
0.484131
0.460499
0.492468
0.505839
0.48855
0.501534
0.446095
0.394935
0.508671
0.413607
0.428724
0.37722
0.445209
0.473712
0.429173
0.491477
0.455761
0.441221
0.397231
0.453886
0.468836
0.460662
0.483218
0.427569
0.468262
0.433333
0.497107
0.414673
0.420751
0.496331
0.426816
0.439687
0.425193
0.482378
0.45544
0.49089
0.354476
0.465399
0.436306
0.39483
0.478996
0.412724
0.502295
0.47065
0.48783
0.498592
0.458654
0.463544
0.480858
0.477858
0.455191
0.454301
0.428264
0.46344
0.484686
0.495838
0.458355
0.448507
0.46928
0.369166
0.436047
0.463087
0.410571
0.398933
0.448691
0.440893
0.394669
0.399594
0.42865
0.488189
0.364188
0.444853
0.371251
0.47567
0.44376
0.428496
0.495447
0.515252
0.426349
0.496868
0.452355
0.364413
0.504353
0.391076
0.467342
0.421081
0.418767
0.454783
0.507684
0.461132
0.463504
0.489136
0.418144
0.451451
0.432796
0.394301
0.479766
0.456029
0.505133
0.366342
0.488021
0.45114
0.462678
0.497756
0.477296
0.450807
0.442469
0.393282
0.431723
0.477321
0.493041
0.474426
0.463283
0.448632
0.485294
0.383562
0.46988
0.433735
0.420782
0.46628
0.495948
0.411826
0.459299
0.492452
0.430477
0.453076
0.43956
0.426829
0.473929
0.507733
0.48404
0.502789
0.349112
0.455631
0.452179
0.415443
0.420639
0.508019
0.402157
0.375755
0.487003
0.478937
0.468275
0.473544
0.412493
0.444209
0.482389
0.423194
0.44
0.37803
0.419118
0.451729
0.416667
0.458811
0.449657
0.507684
0.457173
0.49973
0.486933
0.486243
0.436142
0.474514
0.474849
0.422558
0.401511
0.472596
0.448462
0.483158
0.479321
0.475847
0.42348
0.404153
0.412614
0.494241
0.455603
0.473391
0.418668
0.460458
0.412198
0.518577
0.433824
0.498428
0.486556
0.399897
0.387677
0.47162
0.49037
0.402915
0.466984
0.470588
0.386364
0.459267
0.46
0.473247
0.387165
0.47157
0.446942
0.498746
0.45571
0.452128
0.482133
0.489693
0.430519
0.448691
0.418304
0.475039
0.49235
0.493801
0.42364
0.472021
0.501441
0.420213
0.471922
0.464604
0.447242
0.482041
0.461015
0.495708
0.492072
0.490155
0.380727
0.431322
0.391975
0.434875
0.460533
0.413845
0.447933
0.473427
0.532364
0.394597
0.49707
0.440793
0.496609
0.444503
0.373886
0.449657
0.49332
0.449077
0.451332
0.40843
0.49489
0.465966
0.484927
0.469968
0.500262
0.419676
0.463939
0.379495
0.434116
0.457203
0.419405
0.438962
0.439936
0.361842
0.467633
0.486716
0.470927
0.422211
0.438503
0.49193
0.471293
0.503067
0.446622
0.494459
0.413355
0.44784
0.401737
0.513103
0.415666
0.455797
0.451265
0.477093
0.397396
0.401772
0.486309
0.443164
0.40914
0.471118
0.44833
0.515309
0.456906
0.445464
0.45651
0.444621
0.460351
0.484332
0.508873
0.440928
0.488546
0.465944
0.467056
0.470995
0.475166
0.403067
0.517223
0.420436
0.377865
0.510256
0.447183
0.423015
0.472737
0.487805
0.424179
0.485137
0.448239
0.472906
0.467391
0.379003
0.469861
0.433904
0.482811
0.398462
0.501589
0.474471
0.459345
0.491333
0.42872
0.470924
0.398741
0.482812
0.459417
0.432418
0.444329
0.500263
0.488806
0.361096
0.419715
0.522086
0.480851
0.3862
0.442789
0.414723
0.46856
0.492723
0.428061
0.491411
0.460554
0.426726
0.508995
0.452243
0.493624
0.339816
0.406438
0.502949
0.444782
0.418301
0.499738
0.411765
0.445529
0.477074
0.40032
0.426142
0.475141
0.445685
0.446797
0.364017
0.456
0.463889
0.470681
0.429796
0.364944
0.375679
0.519271
0.437567
0.401064
0.455016
0.494315
0.453109
0.397878
0.463174
0.461618
0.363879
0.438743
0.466494
0.414508
0.501586
0.456578
0.496216
0.43126
0.46261
0.440974
0.433809
0.432578
0.414751
0.372439
0.48152
0.461991
0.446024
0.402208
0.364511
0.444976
0.371236
0.441394
0.417855
0.463928
0.429454
0.499731
0.483505
0.417695
0.472251
0.482561
0.430592
0.436853
0.385587
0.43959
0.433563
0.484391
0.37772
0.426014
0.448381
0.429787
0.439386
0.450107
0.534188
0.360983
0.397937
0.458201
0.498983
0.392
0.438478
0.45275
0.453419
0.49635
0.44596
0.419023
0.359432
0.469109
0.417942
0.499732
0.500266
0.43743
0.442056
0.389558
0.478534
0.474614
0.455051
0.427822
0.428718
0.403826
0.496339
0.49039
0.455032
0.460795
0.395324
0.40942
0.484897
0.40419
0.394491
0.383342
0.46052
0.468833
0.472585
0.501779
0.423684
0.417734
0.451407
0.474801
0.499756
0.468177
0.425344
0.428343
0.457348
0.427007
0.440396
0.4375
0.449033
0.437069
0.429268
0.472166
0.468085
0.417155
0.389206
0.536885
0.474514
0.439683
0.470305
0.471399
0.437337
0.399179
0.432515
0.450437
0.407524
0.434641
0.467342
0.486515
0.408293
0.435432
0.39822
0.47776
0.401594
0.416058
0.514379
0.445275
0.414071
0.415832
0.470339
0.451763
0.448008
0.460374
0.380406
0.502626
0.363135
0.373769
0.436758
0.480605
0.449021
0.497225
0.504971
0.41321
0.463428
0.472133
0.403974
0.471429
0.466667
0.434783
0.432713
0.5
0.441238
0.469072
0.446571
0.449215
0.426829
0.459173
0.442492
0.481167
0.420244
0.378605
0.509855
0.403917
0.495612
0.457523
0.457269
0.414013
0.451527
0.504287
0.40277
0.45
0.45079
0.473057
0.37055
0.379421
0.493801
0.47464
0.467478
0.458095
0.485437
0.450727
0.39455
0.485714
0.449616
0.479023
0.500803
0.426785
0.432821
0.377755
0.471864
0.480583
0.442006
0.4684
0.415144
0.479756
0.457706
0.493562
0.475794
0.480832
0.475258
0.421194
0.436479
0.507713
0.450289
0.43815
0.493743
0.41302
0.468615
0.469136
0.451426
0.370607
0.423116
0.502585
0.410819
0.47298
0.418024
0.429325
0.482648
0.426652
0.394694
0.424665
0.479517
0.485847
0.464381
0.457492
0.438933
0.455709
0.497696
0.457547
0.430704
0.371802
0.454922
0.483246
0.431711
0.479029
0.492039
0.456216
0.362388
0.454035
0.464945
0.46603
0.448745
0.384453
0.472164
0.485546
0.515528
0.484182
0.445946
0.410537
0.475248
0.483922
0.365553
0.434828
0.41714
0.488594
0.473312
0.398301
0.380645
0.461386
0.44492
0.434146
0.47352
0.450186
0.46059
0.368207
0.455722
0.473315
0.416574
0.457216
0.478854
0.467793
0.422306
0.473822
0.424893
0.408696
0.468421
0.413355
0.410455
0.426404
0.451768
0.413702
0.470899
0.466956
0.371277
0.466492
0.518252
0.446957
0.46281
0.480171
0.403592
0.491812
0.496948
0.395433
0.457039
0.454879
0.452969
0.434902
0.464435
0.42888
0.443104
0.446242
0.456009
0.489616
0.483919
0.428571
0.475436
0.384736
0.417419
0.481211
0.403756
0.443633
0.443045
0.476589
0.459305
0.434447
0.504471
0.438231
0.413681
0.37766
0.441627
0.462371
0.432642
0.389869
0.358097
0.446626
0.501785
0.456906
0.448276
0.44192
0.452381
0.494069
0.503937
0.423015
0.426091
0.37033
0.432039
0.421053
0.435013
0.421339
0.393477
0.408046
0.473181
0.435618
0.457475
0.448096
0.364556
0.456402
0.488515
0.454868
0.3744
0.49402
0.489776
0.441237
0.475226
0.49761
0.42272
0.474649
0.494158
0.340851
0.440871
0.459133
0.470494
0.424563
0.512526
0.408854
0.431231
0.478261
0.482086
0.399899
0.45116
0.40404
0.477549
0.482797
0.528943
0.497643
0.508278
0.496245
0.46526
0.444913
0.495174
0.402821
0.491024
0.43613
0.382234
0.419816
0.483316
0.440186
0.441041
0.494933
0.449896
0.447534
0.443856
0.48876
0.452381
0.493278
0.467546
0.501066
0.420532
0.496191
0.413055
0.48311
0.491499
0.491857
0.451545
0.454116
0.44139
0.416273
0.468175
0.454446
0.458355
0.457235
0.375385
0.471079
0.399579
0.462058
0.474181
0.447534
0.424897
0.39558
0.491228
0.46134
0.460888
0.504553
0.415618
0.465399
0.384615
0.432755
0.514436
0.437919
0.4689
0.502918
0.478238
0.448162
0.482409
0.499743
0.47065
0.450382
0.373881
0.378042
0.50308
0.398885
0.481944
0.495135
0.452264
0.480883
0.396401
0.492981
0.440171
0.456943
0.465104
0.507208
0.459593
0.43378
0.434667
0.48
0.429097
0.445383
0.438716
0.470838
0.451785
0.408682
0.481843
0.403277
0.451351
0.495151
0.417864
0.403905
0.449716
0.445988
0.492391
0.434712
0.434851
0.493534
0.487027
0.417783
0.45544
0.418862
0.401575
0.478239
0.5
0.495612
0.471669
0.438385
0.428649
0.476979
0.44784
0.434696
0.439514
0.462527
0.4168
0.48196
0.487153
0.467588
0.411483
0.450156
0.459989
0.451597
0.499199
0.402111
0.449351
0.433592
0.45296
0.468649
0.479009
0.432739
0.420865
0.501814
0.480799
0.511399
0.454164
0.454737
0.410988
0.38123
0.442267
0.501289
0.488542
0.497905
0.449053
0.472405
0.429634
0.475401
0.402089
0.448537
0.455404
0.478145
0.336654
0.545024
0.419221
0.463174
0.423555
0.469343
0.403714
0.442396
0.37661
0.393061
0.46118
0.407908
0.360877
0.474506
0.451479
0.484913
0.408837
0.442501
0.440937
0.46097
0.471149
0.395866
0.509148
0.453912
0.479334
0.388014
0.35427
0.434627
0.47754
0.371216
0.463849
0.460548
0.417878
0.40041
0.485867
0.481538
0.400833
0.430696
0.399691
0.444861
0.43866
0.439457
0.514451
0.36168
0.43109
0.443158
0.457769
0.393189
0.484286
0.456545
0.472932
0.482834
0.511146
0.497192
0.427419
0.478238
0.493425
0.415162
0.496815
0.370868
0.389325
0.443809
0.459617
0.510182
0.459084
0.495436
0.48803
0.478647
0.442791
0.453215
0.405635
0.481786
0.478238
0.426948
0.455797
0.434511
0.430525
0.460905
0.457627
0.451299
0.444562
0.475226
0.424028
0.466387
0.421891
0.502086
0.476567
0.43089
0.410352
0.394807
0.404472
0.501292
0.467848
0.362637
0.427169
0.462274
0.530398
0.454167
0.450131
0.477843
0.485671
0.44351
0.415075
0.469169
0.428112
0.449692
0.419444
0.492662
0.454784
0.346693
0.447257
0.429011
0.482011
0.480929
0.350669
0.458706
0.457253
0.392612
0.4597
0.444504
0.462193
0.477742
0.433846
0.501456
0.437302
0.479167
0.436074
0.507177
0.477716
0.464341
0.503125
0.441676
0.40368
0.485537
0.454405
0.500796
0.48411
0.443199
0.497953
0.40139
0.451908
0.515347
0.483437
0.484848
0.385892
0.460628
0.477564
0.508154
0.444093
0.434549
0.479357
0.479167
0.462206
0.409354
0.416451
0.447537
0.490385
0.415929
0.434668
0.505626
0.443515
0.418041
0.440589
0.40762
0.403218
0.42812
0.43476
0.441748
0.372106
0.485599
0.491347
0.494613
0.436745
0.499217
0.389313
0.443261
0.464495
0.480042
0.492017
0.499751
0.434422
0.482884
0.508643
0.527919
0.452076
0.371958
0.42508
0.482632
0.492163
0.480575
0.47929
0.472539
0.485111
0.38754
0.497003
0.464206
0.37631
0.419927
0.515746
0.442446
0.437781
0.392928
0.487831
0.485405
0.445405
0.398645
0.482209
0.430505
0.420803
0.454835
0.488889
0.466972
0.480912
0.412111
0.433514
0.465985
0.401976
0.46976
0.479482
0.417967
0.506283
0.479816
0.449055
0.497019
0.463104
0.443366
0.481289
0.465409
0.439683
0.406611
0.449217
0.477516
0.402961
0.483904
0.452947
0.473825
0.441898
0.464088
0.419811
0.500765
0.459865
0.467016
0.456076
0.444672
0.45775
0.458569
0.414673
0.428571
0.410112
0.442184
0.448786
0.5054
0.428797
0.493226
0.437964
0.468599
0.447167
0.419643
0.366482
0.452871
0.482595
0.469123
0.440705
0.35613
0.466457
0.377289
0.46047
0.44704
0.404392
0.490984
0.486371
0.487805
0.433104
0.477581
0.446446
0.452368
0.4644
0.487395
0.452626
0.356722
0.482571
0.4883
0.428494
0.423684
0.430605
0.422284
0.504274
0.50932
0.468401
0.434483
0.447368
0.428722
0.426552
0.348438
0.484433
0.414687
0.492943
0.424714
0.423666
0.478191
0.4128
0.432984
0.499246
0.446752
0.456296
0.37412
0.461959
0.342781
0.405493
0.419667
0.475248
0.437824
0.468238
0.489373
0.453253
0.445582
0.473291
0.426652
0.483134
0.448827
0.473135
0.481365
0.495557
0.466532
0.422867
0.442797
0.509434
0.489456
0.492861
0.4961
0.399683
0.406488
0.416086
0.398562
0.478046
0.409091
0.40987
0.459686
0.437534
0.505914
0.453312
0.442067
0.485981
0.460738
0.429477
0.470557
0.481871
0.375842
0.470005
0.457663
0.490956
0.492791
0.437366
0.421687
0.478261
0.508537
0.460383
0.441289
0.341925
0.427832
0.470055
0.418989
0.383148
0.43998
0.507758
0.395486
0.47492
0.474531
0.379625
0.424643
0.43183
0.42086
0.459929
0.451881
0.498428
0.487755
0.464305
0.477714
0.455738
0.486614
0.434211
0.474946
0.411469
0.366347
0.449115
0.493236
0.464151
0.481365
0.410087
0.487112
0.494253
0.386973
0.429185
0.467352
0.413113
0.436203
0.425226
0.477901
0.46754
0.454499
0.4096
0.460409
0.477627
0.455729
0.395385
0.446706
0.382522
0.442427
0.510267
0.472136
0.454969
0.484012
0.404222
0.522917
0.415515
0.449692
0.465915
0.433228
0.474101
0.373448
0.44181
0.442389
0.462574
0.384488
0.391534
0.458671
0.477157
0.483838
0.489297
0.431333
0.477941
0.367579
0.460428
0.386959
0.468017
0.473542
0.472539
0.500807
0.411765
0.444323
0.475509
0.448915
0.448238
0.391899
0.494027
0.483011
0.333333
0.512195
0.490015
0.497919
0.393939
0.416114
0.392462
0.465064
0.506674
0.449148
0.487179
0.454011
0.498947
0.433624
0.480165
0.386196
0.504224
0.410543
0.476217
0.42804
0.456438
0.441055
0.48616
0.501086
