616
640
603
384
576
582
602
574
654
590
561
579
592
611
613
657
619
618
614
661
611
577
650
642
634
668
562
653
627
659
620
576
599
497
649
614
562
619
615
576
644
648
653
597
602
652
604
675
653
607
635
599
398
677
393
595
589
594
592
611
599
602
604
621
619
586
660
547
612
547
593
571
660
658
623
589
581
574
640
627
613
579
659
619
410
681
666
490
629
582
605
616
648
612
631
581
564
576
614
601
656
601
587
636
598
402
580
626
609
578
631
571
543
622
622
606
599
611
578
608
675
396
583
460
567
629
648
621
604
608
657
620
621
614
632
560
648
611
612
577
626
605
563
622
602
629
624
567
584
645
580
628
657
622
610
656
626
554
598
648
591
649
579
625
628
564
587
651
567
646
579
635
608
642
629
623
623
607
645
524
626
588
543
622
673
599
600
603
624
662
598
667
609
663
593
664
628
581
577
623
628
665
617
545
583
572
636
582
426
614
548
531
619
619
648
603
567
599
582
660
629
603
602
651
565
649
609
661
639
497
609
647
630
521
602
587
556
592
636
550
622
569
606
624
585
567
643
545
565
603
390
511
618
575
614
561
603
613
601
537
542
510
0
603
571
614
633
572
548
607
585
623
633
615
645
607
591
613
36
568
597
392
344
565
624
575
406
574
540
586
571
606
399
627
616
513
411
650
654
572
580
561
584
608
598
638
608
599
416
553
568
601
563
662
673
608
583
577
590
594
600
558
581
597
607
595
398
623
622
606
633
582
583
639
614
590
558
551
619
596
620
615
632
556
581
617
614
560
608
626
620
620
591
627
631
376
588
620
566
621
577
595
605
606
612
591
446
587
624
640
618
593
582
571
602
585
648
632
593
654
625
67
655
636
609
509
551
582
665
515
676
627
602
643
587
522
634
617
674
620
631
641
648
580
626
581
579
614
612
621
631
619
610
596
547
601
603
621
627
616
595
653
640
583
653
597
537
521
655
576
556
602
534
577
656
599
612
597
611
646
583
636
586
588
556
627
656
549
560
594
604
633
591
363
562
610
620
662
621
659
589
595
614
629
564
614
586
510
626
606
609
564
594
632
588
620
589
601
662
646
534
603
561
623
627
597
623
645
397
580
597
586
648
599
610
613
503
664
658
560
629
616
625
572
582
635
582
545
501
591
618
631
634
634
504
497
637
579
625
641
645
633
596
612
585
587
640
580
632
619
578
636
628
604
527
642
626
471
584
603
595
549
562
554
489
554
646
643
623
564
620
577
581
629
672
597
678
514
585
598
365
573
595
574
371
592
583
609
630
513
502
546
503
529
668
653
605
524
574
616
566
658
632
590
545
630
478
617
641
614
635
392
624
593
563
654
631
0
576
575
627
523
531
76
580
624
651
580
609
583
577
140
623
534
619
634
599
602
618
628
613
556
590
631
608
556
541
581
594
511
578
599
569
620
647
554
597
660
532
590
575
487
589
619
610
621
593
684
598
602
672
604
661
625
648
629
546
542
623
685
655
644
629
627
628
598
549
617
563
570
585
612
592
575
590
649
621
402
584
601
577
543
635
632
605
676
523
628
608
670
566
637
604
603
569
491
639
610
428
588
595
644
591
467
478
568
663
625
590
656
562
649
649
572
565
593
595
676
566
614
638
602
633
385
623
639
652
643
615
597
626
620
619
484
650
589
570
570
636
598
543
551
568
565
599
605
577
653
680
632
606
638
438
683
625
585
550
625
604
592
613
570
681
669
616
595
624
576
608
545
621
678
621
606
614
604
387
630
593
574
538
563
622
669
629
624
595
614
628
382
530
610
567
654
599
567
602
566
616
671
629
613
588
589
523
569
613
597
638
587
636
604
655
579
572
563
588
623
578
403
601
602
599
621
395
681
644
600
612
618
578
551
666
563
579
587
595
595
596
637
618
661
613
673
518
551
644
575
597
605
586
615
574
372
590
602
644
509
601
634
613
654
606
552
576
659
574
637
609
538
587
617
80
585
601
662
606
644
570
632
365
331
603
609
592
609
612
605
628
478
616
602
587
432
590
630
627
560
540
608
618
580
624
580
681
589
621
552
589
676
575
638
594
339
582
640
652
552
592
388
586
554
543
599
580
594
620
540
598
555
578
639
659
623
576
595
606
639
601
614
586
649
656
570
662
662
557
597
571
634
598
532
632
599
654
637
604
634
629
658
626
609
634
619
668
643
642
599
589
601
638
565
576
389
577
596
259
609
619
575
617
646
555
619
639
599
598
530
599
587
590
630
417
589
670
575
611
593
555
629
678
573
649
645
596
602
548
630
601
520
581
583
570
630
649
674
606
611
531
680
618
642
576
609
635
639
598
631
670
382
584
643
623
596
552
661
564
687
560
601
593
525
588
548
637
553
663
612
532
525
577
602
607
586
641
647
604
515
624
618
659
368
667
601
690
604
606
669
599
593
645
613
648
619
407
593
517
634
636
588
605
581
348
613
612
648
588
637
583
638
416
627
596
548
359
577
573
587
582
661
510
631
614
645
634
632
565
612
620
616
519
565
561
64
585
588
528
599
632
614
665
372
614
662
595
557
659
636
632
614
669
594
624
550
608
613
621
639
512
636
616
555
648
630
618
577
556
615
608
559
607
567
609
660
553
630
532
576
588
361
623
575
634
578
592
681
629
657
655
670
563
601
595
622
602
531
636
583
646
406
677
625
652
607
586
593
682
603
626
584
562
609
589
405
523
593
645
646
567
594
643
616
691
653
680
642
332
618
631
590
527
628
636
590
632
645
379
588
599
597
590
545
609
642
612
631
656
651
594
606
633
560
534
644
583
478
586
592
625
619
664
538
601
587
629
639
583
650
657
578
600
378
612
607
598
613
650
586
625
562
597
630
588
644
647
541
596
599
626
424
414
629
627
644
613
601
608
641
593
632
623
590
590
555
568
625
614
602
578
628
597
580
618
589
575
624
568
583
583
595
556
579
573
627
599
647
596
578
545
563
606
615
631
624
634
392
606
583
635
567
564
600
393
607
652
583
634
588
398
408
591
619
590
606
607
653
556
588
619
506
614
617
632
561
563
670
594
606
630
556
619
558
645
623
567
528
577
637
605
622
598
614
601
682
611
606
573
636
650
610
619
627
648
598
569
628
509
639
588
639
556
666
41
645
591
83
613
588
573
643
665
597
542
611
442
627
589
522
572
611
609
607
594
588
581
603
577
596
608
557
650
641
638
626
580
660
383
619
561
628
635
574
550
568
627
541
398
678
606
627
620
557
615
553
585
597
672
636
580
534
682
593
588
570
632
714
358
611
664
609
632
574
563
594
625
636
615
587
552
551
611
641
623
605
630
567
611
557
643
638
578
668
618
600
610
654
646
600
605
573
608
571
649
566
568
578
568
617
540
588
619
668
583
583
545
587
544
562
629
564
566
565
614
529
636
587
589
627
643
365
615
607
580
632
659
621
524
666
645
574
622
570
586
585
571
614
572
544
622
549
661
568
671
636
658
634
577
583
612
639
608
609
673
585
625
402
624
627
632
664
616
554
595
580
588
638
568
619
600
613
630
621
552
562
615
598
572
443
629
627
651
433
603
674
572
647
567
398
584
637
638
694
598
628
597
626
640
601
643
596
525
580
610
595
618
607
618
363
584
606
555
608
557
552
675
347
531
650
682
615
564
580
659
625
591
629
581
608
600
571
526
623
636
592
603
600
645
351
605
604
626
568
624
567
585
634
632
636
623
534
594
598
553
554
625
654
581
607
597
649
515
618
590
637
596
611
594
566
524
575
612
578
593
617
623
607
322
574
376
612
667
634
575
629
513
633
594
605
631
629
638
601
637
604
605
608
592
632
629
634
580
608
603
610
634
659
602
630
590
615
392
584
612
648
613
653
678
595
637
647
549
530
602
655
636
583
609
615
602
653
570
569
630
654
376
608
639
608
581
576
631
555
593
658
637
612
644
660
602
597
614
619
591
518
634
606
597
559
595
559
591
634
652
627
628
611
537
607
617
666
601
615
572
629
608
600
630
368
565
651
654
572
588
601
609
573
651
636
653
656
481
576
578
585
598
481
89
591
610
598
609
650
576
615
639
70
595
569
588
599
589
430
611
589
623
580
581
572
625
593
609
646
661
581
621
602
507
637
603
652
612
576
500
508
635
615
650
612
581
619
581
598
654
676
619
356
644
325
653
539
573
647
650
606
605
538
619
390
546
573
566
555
592
621
566
578
609
647
599
604
673
594
596
576
565
563
617
652
540
566
574
543
620
593
624
637
599
623
644
584
609
613
651
578
658
608
635
604
665
564
582
626
572
606
656
619
616
635
654
43
587
550
584
583
620
614
629
527
399
576
0
670
502
572
572
595
639
604
609
595
375
644
547
629
0
649
622
604
602
598
647
600
680
587
605
602
592
629
589
409
596
642
615
592
578
615
630
639
635
621
643
649
601
615
608
618
615
481
638
659
576
540
363
535
674
594
592
342
597
560
575
413
575
677
650
635
641
615
596
573
554
563
656
561
484
602
360
537
657
378
641
591
575
610
621
578
593
566
565
652
584
588
603
567
587
608
592
428
529
611
633
625
625
557
596
627
636
596
590
628
674
573
345
619
564
669
591
629
632
709
583
404
609
615
595
512
597
617
605
564
624
652
666
558
496
622
628
551
624
665
672
471
665
628
572
621
593
546
588
626
625
629
662
586
550
609
632
623
645
594
656
629
636
607
598
589
543
589
592
580
418
373
597
617
629
643
610
604
671
593
659
588
615
587
607
555
600
600
567
606
561
615
528
538
583
607
623
541
591
348
635
604
572
652
362
651
612
590
575
594
602
679
566
588
599
662
612
585
539
613
616
402
600
635
647
588
622
677
548
630
545
617
630
684
616
530
594
590
640
581
603
655
552
656
597
390
474
620
641
622
604
447
662
580
640
597
566
546
636
583
605
561
600
611
616
356
607
649
620
584
591
621
576
710
583
621
619
351
605
646
600
604
578
636
573
661
568
664
595
668
593
578
591
415
595
601
574
657
588
551
633
576
618
565
612
584
628
633
622
687
661
656
602
611
585
362
577
587
582
597
661
608
537
646
589
641
581
638
503
658
627
655
559
551
599
641
667
615
379
589
394
569
574
583
664
578
627
498
620
622
598
617
610
403
600
605
530
605
543
586
386
602
598
623
586
604
639
631
619
635
513
623
621
621
646
604
633
506
623
629
477
607
687
639
629
526
577
621
629
655
677
411
609
510
595
668
576
351
611
615
659
498
610
282
582
594
538
637
598
614
380
611
641
623
611
595
596
591
662
595
652
344
617
533
639
635
535
562
639
586
633
419
541
380
586
628
567
647
577
612
603
526
579
563
502
561
419
562
669
638
625
592
613
614
636
630
636
644
591
589
598
612
560
0
624
470
618
618
636
563
525
375
639
647
643
621
489
526
531
651
623
524
562
535
584
614
590
627
654
545
604
636
639
561
615
638
620
620
572
592
593
625
525
553
626
601
577
587
606
625
407
578
590
620
664
539
582
595
582
618
622
599
648
633
613
592
645
640
650
551
376
661
643
617
604
662
607
571
604
643
647
629
430
576
580
648
611
584
655
628
573
641
628
536
599
666
570
586
622
589
660
580
341
610
267
448
535
676
578
590
644
584
576
638
625
664
605
623
644
658
604
604
633
573
632
622
641
642
641
373
619
603
572
672
598
548
579
664
665
526
618
665
618
621
613
578
551
604
536
644
636
635
646
586
633
657
570
592
531
620
637
607
649
559
638
566
588
664
616
570
551
607
667
633
580
362
615
561
633
673
527
617
562
592
590
601
525
536
614
596
624
360
616
580
607
655
639
531
632
627
636
577
583
651
609
594
606
531
602
580
611
569
569
589
574
604
647
562
671
637
570
567
549
586
562
639
690
630
627
643
655
622
569
671
655
632
533
563
629
597
551
555
591
608
623
669
603
655
628
649
629
476
625
605
627
673
677
608
602
620
586
663
544
600
469
627
607
652
619
650
578
557
594
656
578
555
617
630
616
622
427
638
645
528
592
621
589
567
619
576
530
631
609
637
569
642
636
603
600
564
529
631
594
616
646
648
82
546
605
385
570
609
636
584
590
600
651
596
610
678
608
606
663
600
546
600
612
552
635
375
601
650
454
601
598
631
651
617
635
600
627
585
586
598
579
631
546
632
614
562
490
401
701
615
538
573
594
538
546
636
623
635
490
565
570
627
629
589
654
631
617
558
590
617
534
566
585
527
655
523
565
547
623
645
574
614
500
625
616
543
542
376
639
615
628
650
609
588
620
649
527
596
643
594
643
600
605
638
362
583
594
583
472
547
646
372
357
662
669
662
596
577
589
650
599
636
609
335
523
591
392
559
622
602
551
636
575
647
575
583
604
582
383
571
428
583
622
376
611
618
650
463
579
589
599
601
598
567
619
637
661
609
513
401
637
667
630
66
579
611
389
626
685
618
648
333
587
604
596
586
616
562
672
628
657
586
355
627
593
650
655
575
647
425
616
643
598
595
603
553
610
623
612
592
612
574
372
672
619
653
618
679
586
589
627
606
567
678
606
602
662
567
601
572
596
576
560
576
596
539
436
622
594
604
592
585
578
551
578
581
583
646
586
589
512
594
615
434
486
639
623
545
582
581
634
625
605
392
630
640
580
597
586
546
656
380
600
634
600
616
573
602
620
618
551
586
661
586
655
544
617
613
63
542
641
602
614
575
680
640
581
596
636
577
602
595
551
536
613
549
592
638
604
568
378
619
582
601
628
647
617
612
630
633
564
615
613
648
590
76
617
633
625
627
642
547
626
614
658
618
641
538
594
631
628
570
619
604
632
565
576
549
572
577
617
655
598
618
600
630
580
612
595
627
649
602
613
643
383
594
648
380
644
623
622
629
630
601
637
608
631
593
624
670
619
625
543
609
594
516
608
555
601
621
528
435
524
658
668
637
573
589
634
602
646
563
612
547
610
630
609
629
565
576
618
617
561
582
616
582
421
380
663
522
398
645
364
617
650
606
646
547
601
576
604
558
678
625
587
596
565
631
565
593
627
419
378
665
562
516
405
614
642
404
619
614
610
583
583
564
340
594
600
597
714
547
675
637
646
408
634
577
624
563
619
592
573
566
590
562
613
647
637
585
436
614
532
652
615
609
635
651
651
648
617
585
521
644
658
624
681
614
602
585
622
593
618
657
590
625
635
597
537
588
152
588
666
590
577
611
593
593
623
673
573
570
604
657
602
568
598
577
573
586
642
629
634
587
641
607
572
609
576
583
594
604
525
574
626
549
648
568
607
571
378
621
402
615
672
600
386
345
560
590
713
568
631
609
598
588
630
573
653
616
673
574
619
626
611
597
587
599
645
580
603
583
575
625
626
535
567
586
605
649
632
598
700
621
584
556
633
649
576
605
384
629
571
638
607
619
563
633
632
610
582
606
523
541
558
670
549
567
678
603
583
595
654
632
654
540
600
600
564
579
635
655
584
626
598
657
618
635
625
656
637
620
661
622
53
649
545
569
648
621
613
598
635
634
645
576
614
638
683
566
559
526
507
606
559
619
613
593
597
603
397
622
579
646
659
666
574
564
534
601
539
650
569
608
629
602
638
626
629
600
519
570
655
654
641
598
630
612
361
650
600
607
615
623
562
598
613
660
404
568
638
376
650
359
614
602
609
667
614
597
615
611
548
389
598
583
593
406
474
489
576
650
579
610
592
589
625
647
597
568
608
641
621
568
673
629
561
658
587
593
639
615
667
598
661
646
667
668
608
566
364
581
621
607
362
557
570
610
585
621
601
587
611
390
601
594
366
512
608
643
624
575
424
564
614
653
629
403
384
595
622
598
561
381
638
618
608
379
598
393
627
513
659
670
632
555
681
621
585
604
643
607
588
569
561
613
548
581
629
598
597
598
616
627
624
396
557
413
614
607
561
606
567
543
583
638
625
627
610
635
601
395
589
609
371
630
667
488
642
630
565
597
615
627
664
623
630
650
645
600
579
618
381
592
601
633
614
559
512
548
623
583
639
587
584
572
615
582
572
578
628
591
668
547
679
592
670
616
569
381
598
550
625
336
577
646
557
582
636
602
616
566
525
599
602
564
376
571
610
590
605
660
346
597
84
645
654
564
696
613
551
606
0
602
616
656
381
567
610
591
561
565
579
618
644
563
593
628
629
634
628
585
578
565
632
619
607
647
656
564
675
564
635
610
579
615
628
556
379
388
637
649
620
634
517
628
572
641
480
562
527
643
511
595
620
416
587
553
609
572
612
590
588
655
578
572
628
636
577
635
615
603
598
633
628
629
589
583
616
649
631
639
583
622
507
623
565
670
630
628
579
606
598
629
595
610
673
596
608
667
556
638
401
596
61
540
601
616
582
694
531
599
628
555
621
679
622
623
294
653
663
648
547
629
589
628
610
649
600
0
644
581
537
649
599
547
613
537
626
597
629
599
602
664
643
637
587
619
588
549
612
621
651
625
657
625
638
637
635
624
626
637
580
632
650
650
672
574
622
583
576
577
613
493
585
593
601
562
600
528
626
638
617
675
609
591
595
636
624
616
656
586
538
591
586
575
664
616
534
592
645
596
661
551
626
627
649
634
651
602
590
643
524
588
658
639
555
527
639
349
641
565
532
511
648
624
629
638
637
586
627
599
574
625
632
590
600
554
650
617
599
669
577
605
569
588
611
420
642
652
667
578
558
586
586
588
631
605
619
595
608
620
582
591
596
665
662
587
597
624
639
532
354
636
622
635
545
576
527
555
632
528
591
644
656
589
604
679
556
626
526
548
669
601
587
625
600
649
628
416
576
651
638
644
625
646
634
654
534
636
606
547
602
566
602
608
615
593
624
573
522
573
630
607
564
573
660
603
603
407
644
616
472
386
584
605
539
525
629
632
661
369
615
637
657
567
623
596
584
637
568
546
614
589
630
555
592
598
622
606
605
633
599
619
632
636
351
590
650
591
617
567
528
620
579
605
633
586
610
636
595
617
660
600
511
625
659
402
641
614
555
585
594
614
581
600
630
524
587
645
609
667
592
551
397
558
635
618
646
583
667
386
605
627
526
650
546
402
617
564
687
651
588
394
674
640
601
580
630
607
636
496
587
579
560
587
656
605
587
647
650
611
612
646
604
649
579
634
557
629
544
634
615
666
566
612
84
545
321
600
419
574
643
393
653
606
646
611
656
650
629
590
582
520
689
633
642
598
606
594
619
653
633
404
536
653
364
619
585
595
588
661
601
576
655
591
594
579
663
589
569
605
624
650
607
489
522
590
601
649
683
602
609
593
573
634
621
577
553
635
594
630
561
660
570
621
654
656
592
612
543
575
616
642
547
679
551
63
611
676
667
624
603
656
638
569
557
360
575
496
396
387
599
608
364
670
663
576
631
485
646
621
602
512
532
602
676
634
605
642
299
600
562
587
580
632
518
629
656
0
632
578
599
607
556
412
594
655
582
615
326
581
446
684
631
599
534
637
571
587
612
519
604
382
636
551
616
604
612
624
650
550
621
609
591
571
620
628
575
639
597
584
658
608
612
613
622
598
647
634
616
581
654
561
590
664
572
650
623
609
613
622
584
0
394
597
613
629
605
607
621
601
597
607
648
606
610
572
626
528
610
613
602
387
623
578
612
661
602
597
650
598
575
617
612
643
624
600
619
647
557
582
635
568
444
572
566
610
602
632
599
628
585
583
564
561
545
602
626
615
590
0
664
645
646
588
624
590
565
582
652
630
561
669
616
622
388
568
616
685
647
583
643
630
386
345
606
0
415
577
378
622
583
628
680
404
649
657
636
637
610
565
646
628
624
640
578
587
612
611
604
638
611
605
668
610
523
613
603
645
622
601
644
598
560
562
625
635
692
581
633
585
627
650
605
628
586
634
621
638
623
616
644
599
626
519
405
546
596
621
597
610
632
622
589
626
665
669
647
384
637
566
627
683
633
626
561
571
620
599
596
630
617
575
583
616
607
627
630
586
623
509
664
591
601
607
625
571
645
662
549
580
383
631
612
584
672
548
649
602
600
663
637
578
594
647
610
622
680
602
591
624
638
605
638
589
612
617
617
651
678
586
344
585
609
611
628
559
581
593
659
528
609
640
630
574
636
627
546
689
608
606
596
648
648
564
598
628
605
524
645
610
646
612
556
662
556
655
572
563
597
563
580
658
629
607
611
606
602
675
590
633
654
604
605
622
557
600
568
600
584
628
354
668
560
637
596
613
554
618
619
628
384
607
608
610
643
585
395
377
512
640
597
661
555
536
369
609
633
582
650
630
640
483
415
433
568
391
630
550
626
377
592
682
581
661
602
647
629
378
549
553
612
616
580
633
615
607
584
561
630
582
618
642
630
608
588
636
640
571
629
599
647
588
633
625
659
669
665
643
583
565
560
627
607
627
610
650
603
596
618
618
562
622
630
547
578
564
653
616
641
616
595
600
627
627
629
693
620
559
574
649
570
551
664
394
598
643
540
606
666
625
581
583
586
317
590
637
293
652
554
594
628
625
626
635
641
626
586
618
568
613
634
579
603
518
628
539
543
632
542
550
650
599
585
615
626
591
575
590
570
605
591
585
605
573
581
564
610
585
652
553
350
604
629
629
647
659
542
563
631
657
599
363
590
581
666
419
409
397
665
658
410
608
618
609
533
596
631
514
568
631
610
579
588
415
641
659
665
618
557
614
601
391
393
644
657
643
644
608
659
572
589
609
639
562
570
581
555
560
615
615
556
559
415
636
592
544
656
398
644
521
654
592
608
603
607
605
607
571
602
0
656
616
613
554
578
609
581
582
617
388
615
624
604
543
595
672
659
609
584
618
673
565
633
615
630
596
559
577
595
631
599
623
624
558
628
637
582
671
618
576
596
660
601
686
514
538
630
751
599
511
543
573
637
579
590
580
638
631
602
560
681
596
521
660
615
652
646
629
611
495
590
578
645
620
628
628
401
574
567
605
607
612
592
580
638
400
554
606
636
604
632
446
591
622
571
555
570
613
551
639
663
631
633
643
617
633
591
648
629
617
543
482
395
569
568
617
576
548
585
608
630
573
594
604
631
578
590
611
662
547
622
595
628
611
573
594
593
575
585
631
612
577
689
637
609
599
609
642
631
578
623
588
565
632
615
616
530
600
579
613
643
402
625
0
661
558
645
571
593
553
633
576
657
599
601
610
637
614
629
606
645
631
550
583
605
634
573
610
585
399
571
538
554
566
623
611
654
623
659
514
554
617
552
600
504
572
369
457
544
588
638
468
630
446
646
624
600
575
582
614
593
405
627
618
646
604
511
547
540
564
396
623
413
588
578
545
605
596
437
570
581
593
605
536
623
646
570
591
638
629
632
626
631
606
648
618
382
659
632
595
594
574
600
646
581
561
616
614
649
642
633
580
614
671
605
623
589
581
600
555
619
608
653
635
610
605
520
591
629
601
637
588
629
601
620
626
613
624
348
341
598
558
594
603
555
604
626
563
638
653
606
582
636
615
526
630
626
570
631
599
658
619
622
643
411
538
372
581
588
599
596
635
589
640
546
594
600
623
621
574
640
604
633
600
645
586
590
538
613
630
656
594
691
620
591
624
388
607
639
627
596
588
656
637
