1307
1307
1328
803
1261
1258
1283
1228
1279
1231
1252
1269
1227
1312
1250
1338
1297
1295
1316
1316
1241
1274
1297
1233
1248
1267
1272
1280
1337
1341
1280
1272
1277
1224
1326
1309
1281
1244
1328
1249
1312
1313
1276
1261
1311
1260
1290
1349
1273
1263
1293
1293
797
1310
821
1327
1279
1256
1289
1354
1246
1377
1261
1250
1261
1228
1312
1295
1277
1280
1292
1296
1257
1277
1347
1270
1283
1282
1291
1262
1266
1329
1299
1292
796
1331
1287
1244
1244
1299
1314
1298
1254
1288
1322
1307
1288
1214
1258
1275
1314
1279
1295
1273
1287
845
1240
1271
1246
1201
1303
1251
1314
1279
1308
1362
1246
1245
1281
1263
1318
784
1270
1312
1296
1275
1321
1247
1240
1297
1340
1277
1286
1287
1251
1241
1289
1295
1279
1284
1328
1299
1294
1319
1305
1293
1301
1261
1298
1311
1324
1257
1315
1296
1244
1339
1281
1361
1217
1326
1299
1312
1263
1266
1258
1277
1307
1332
1251
1336
1211
1323
1290
1318
1267
1263
1300
1249
1278
1184
1283
1257
1258
1258
1361
1314
1262
1310
1346
1328
1289
1353
1353
1333
1286
1246
1281
1303
1289
1235
1246
1340
1273
1269
1237
1290
1326
1257
804
1305
1284
1276
1277
1260
1303
1282
1282
1269
1218
1284
1358
1294
1302
1293
1226
1293
1268
1290
1291
1248
1242
1330
1268
1382
1250
1236
1255
1218
1282
1276
1275
1294
1249
1344
1243
1211
1291
1268
1254
1265
785
1192
1293
1239
1249
1329
1274
1275
1234
1212
1265
1227
0
1272
1233
1301
1254
1277
1249
1214
1313
1294
1289
1288
1311
1269
1258
1275
90
1230
1272
825
703
1283
1298
1253
832
1247
1256
1248
1249
1277
803
1278
1250
1275
800
1293
1331
1290
1229
1261
1265
1283
1239
1261
1275
1281
867
1292
1190
1275
1270
1324
1298
1252
1320
1236
1237
1326
1258
1275
1282
1289
1323
1244
786
1321
1251
1341
1308
1281
1232
1291
1304
1279
1248
1243
1275
1314
1301
1323
1223
1231
1259
1274
1258
1273
1249
1285
1335
1263
1283
1297
1295
777
1290
1239
1300
1277
1303
1211
1263
1296
1292
1240
829
1208
1244
1280
1261
1222
1283
1302
1259
1280
1293
1329
1293
1271
1277
161
1321
1270
1322
1265
1286
1284
1293
1226
1294
1241
1287
1321
1216
1064
1340
1230
1289
1309
1312
1313
1324
1279
1281
1245
1263
1249
1234
1291
1273
1310
1329
1255
1221
1287
1261
1244
1259
1242
1273
1284
1267
1272
1270
1246
1210
1330
1306
1273
1298
1248
1248
1237
1299
1264
1325
1288
1315
1330
1228
1257
1264
1253
1265
1355
1300
1290
1194
1237
1298
1323
1283
756
1265
1321
1219
1295
1301
1293
1292
1403
1275
1301
1269
1258
1277
1264
1274
1239
1234
1243
1296
1280
1273
1293
1281
1199
1332
1301
1218
1287
1244
1276
1293
1266
1276
1273
790
1253
1176
1318
1315
1279
1238
1241
1255
1267
1284
1311
1272
1235
1337
1287
1261
1251
1291
1285
1223
1292
1308
1289
1355
1268
1276
1263
1304
1309
1307
1292
1302
1329
1299
1271
1264
1276
1311
1254
1304
1256
1282
1299
1307
1247
1266
1298
1310
1224
1229
1253
1289
1259
1243
1228
1298
1228
1272
1269
1273
1312
1295
1288
1243
1271
1330
1312
1347
1288
1314
1269
777
1244
1343
1244
794
1276
1302
1262
1271
1248
1250
1270
1263
1195
1303
1285
1243
1254
1265
1316
1272
1280
1250
1242
1286
1305
1260
1293
1252
1251
1277
795
1285
1264
1255
1302
1337
0
1286
1311
1293
1246
1221
150
1264
1338
1301
1308
1243
1244
1238
283
1343
1196
1265
1251
1286
1314
1283
1283
1255
1237
1290
1289
1233
1237
1224
1345
1308
1228
1260
1264
1293
1263
1309
1218
1208
1300
1240
1244
1262
1334
1271
1243
1306
1269
1227
1329
1268
1249
1286
1268
1303
1284
1322
1302
1313
1244
1227
1318
1365
1306
1290
1263
1243
1277
1262
1271
1288
1284
1332
1351
1221
1306
1252
1327
1311
795
1284
1284
1213
1294
1334
1301
1278
1333
1276
1277
1254
1285
1281
1277
1241
1248
1181
1294
1294
1225
841
1335
1333
1265
1303
1333
1276
1282
1308
1272
1242
1302
1242
1310
1298
1264
1237
1281
1271
1283
1289
1311
1312
1312
1317
759
1281
1352
1319
1278
1297
1277
1225
1250
1285
1236
1252
1250
1272
1246
1276
1237
1264
1339
1272
1292
1277
1294
1229
1312
1308
1312
1222
1305
843
1409
1277
1256
1254
1254
1322
1304
1289
1296
1303
1340
1258
1269
1344
1240
1249
1303
1281
1302
1315
1243
1228
1292
788
1266
1311
1281
1272
1287
1231
1343
1262
1323
1269
1301
1303
789
1144
1285
1223
1326
1315
1277
1311
1290
1196
1290
1295
1295
1224
1229
1282
1268
1268
1236
1336
1224
1261
1244
1332
1261
1175
1222
1211
1297
1285
811
1309
1279
1293
1273
793
1310
1307
1254
1300
1303
1296
1289
1308
1217
1243
1230
1194
1247
1370
1289
1258
1302
1241
1307
1327
1211
1272
1259
1314
1279
1307
1298
1303
762
1262
1311
1307
1296
1293
1248
1330
1273
1247
1271
1262
1321
1302
1339
1282
1235
1231
1299
172
1231
1308
1332
1260
1264
1319
1290
735
742
1279
1239
1278
1296
1295
1269
1303
1221
1287
1249
1294
819
1279
1189
1280
1293
1223
1234
1275
1290
1329
1260
1353
1288
1310
1276
1266
1317
1211
1282
1302
725
1302
1295
1348
1256
1205
767
1285
1198
1245
1248
1327
1304
1263
1293
1217
1223
1198
1274
1312
1275
1323
1286
1281
1250
1300
1286
1225
1274
1354
1288
1346
1277
1236
1285
1259
1286
1273
1276
1319
1278
1261
1264
1292
1250
1262
1354
1263
1248
1312
1216
1351
1282
1298
1230
1224
1281
1310
1235
1222
820
1263
1244
527
1300
1322
1229
1280
1308
1276
1264
1288
1251
1244
1332
1253
1292
1307
1300
851
1244
1319
1275
1290
1320
1232
1275
1299
1250
1300
1298
1305
1259
1269
1285
1265
1249
1280
1269
1290
1287
1303
1343
1315
1261
1184
1313
1339
1289
1207
1245
1319
1263
1213
1342
1302
780
1239
1265
1300
1290
1220
1296
1202
1308
1327
1229
1292
1205
1330
1286
1271
1284
1321
1290
1272
1235
1280
1268
1298
1251
1283
1344
1290
1228
1271
1249
1347
762
1312
1297
1358
1378
1255
1317
1236
1306
1328
1238
1314
1302
801
1274
1212
1303
1259
1220
1220
1298
715
1321
1225
1291
1257
1286
1230
1317
814
1263
1235
1309
751
1359
1241
1283
1262
1297
1311
1291
1286
1293
1298
1315
1260
1320
1275
1287
1332
1263
1219
113
1288
1211
1235
1302
1254
1217
1302
740
1310
1346
1289
1286
1290
1283
1247
1294
1306
1297
1311
1219
1262
1239
1293
1344
1220
1260
1255
1258
1322
1287
1263
1230
1289
1288
1273
1302
1279
1219
1256
1337
1244
1293
1265
1274
1327
770
1295
1215
1270
1207
1261
1322
1294
1297
1318
1282
1238
1238
1251
1264
1319
1265
1312
1280
1217
815
1282
1238
1291
1271
1346
1325
1329
1288
1318
1327
1207
1268
1310
837
1214
1259
1337
1263
1295
1243
1297
1296
1375
1305
1297
1278
699
1312
1312
1288
1212
1273
1256
1264
1291
1321
755
1234
1301
1267
1259
1219
1246
1289
1323
1299
1351
1350
1279
1304
1350
1171
1245
1283
1241
1315
1182
1296
1243
1255
1312
1301
1257
1255
1262
1294
1292
1320
1278
1267
1276
769
1313
1271
1271
1269
1297
1226
1357
1302
1313
1312
1267
1293
1298
1253
1306
1268
1277
826
812
1311
1248
1326
1277
1231
1298
1270
1235
1337
1322
1257
1287
1238
1258
1326
1275
1319
1283
1294
1291
1291
1324
1209
1281
1330
1292
1261
1242
1306
1263
1256
1259
1293
1282
1302
1268
1250
1295
1249
1265
1302
1245
1259
1312
764
1306
1259
1240
1264
1216
1287
795
1253
1296
1288
1256
1264
803
818
1269
1277
1298
1248
1254
1314
1229
1255
1251
1327
1239
1287
1260
1201
1288
1372
1248
1287
1279
1287
1262
1301
1346
1295
1222
1224
1226
1278
1193
1257
1288
1316
1214
1323
1303
1305
1292
1299
1329
1260
1283
1291
1317
1281
1214
1250
1211
1293
1302
1279
1227
1275
111
1333
1279
136
1287
1252
1251
1270
1320
1275
1282
1232
839
1266
1223
1215
1239
1286
1225
1288
1254
1294
1270
1296
1272
1272
1243
1290
1311
1301
1292
1289
1265
1305
782
1250
1274
1281
1280
1258
1288
1261
1258
1279
807
1337
1277
1309
1278
1283
1291
1268
1304
1244
1312
1313
1268
1278
1344
1265
1229
1201
1299
1369
791
1277
1312
1270
1231
1245
1232
1268
1308
1250
1261
1224
1282
1253
1334
1321
1268
1244
1288
1282
1274
1222
1296
1242
1250
1371
1286
1266
1296
1277
1316
1318
1271
1302
1293
1296
1281
1270
1264
1252
1228
1283
1253
1288
1300
1315
1243
1299
1299
1280
1300
1270
1281
1251
1280
1252
1267
1234
1332
1276
1206
1264
1331
758
1282
1292
1243
1240
1329
1283
1298
1308
1319
1286
1276
1229
1216
1289
1249
1260
1293
1303
1280
1280
1370
1230
1286
1325
1303
1263
1225
1267
1288
1272
1304
1279
1345
1243
1257
817
1284
1232
1290
1295
1281
1260
1248
1363
1235
1293
1297
1343
1272
1261
1226
1293
1313
1256
1292
1265
1257
852
1325
1268
1308
810
1228
1284
1256
1363
1259
757
1293
1310
1287
1314
1254
1298
1284
1322
1286
1270
1289
1257
1184
1254
1278
1264
1296
1313
1253
729
1224
1350
1252
1267
1270
1276
1310
739
1311
1274
1322
1279
1303
1216
1300
1355
1259
1262
1281
1234
1216
1218
1274
1336
1259
1258
1333
1256
1277
726
1367
1305
1306
1209
1277
1251
1209
1277
1299
1290
1319
1268
1292
1213
1275
1283
1248
1311
1237
1281
1215
1267
1223
1358
1242
1254
1266
1297
1264
1267
1213
1254
1345
1253
1304
1313
1275
1350
725
1298
784
1312
1324
1339
1222
1271
1231
1282
1286
1280
1271
1317
1317
1281
1264
1247
1297
1253
1303
1276
1320
1310
1269
1297
1256
1269
1282
1247
1305
1275
1265
1265
776
1227
1302
1332
1290
1321
1329
1303
1269
1275
1194
1235
1274
1311
1291
1220
1298
1289
1279
1341
1276
1222
1252
1306
751
1293
1310
1305
1276
1268
1290
1241
1304
1321
1299
1255
1303
1318
1277
1324
1270
1288
1277
1291
1287
1244
1295
1206
1303
1285
1226
1344
1283
1321
1278
1244
1295
1248
1286
1328
1326
1285
1217
1294
1288
1269
1328
809
1270
1301
1300
1282
1293
1295
1281
1272
1305
1288
1270
1285
1262
1257
1245
1233
1281
1237
157
1265
1277
1280
1255
1320
1269
1317
1364
143
1238
1217
1236
1263
1293
840
1307
1253
1269
1332
1317
1238
1303
1271
1255
1258
1316
1293
1303
1323
1280
1266
1254
1355
1300
1231
1263
1237
1252
1281
1297
1299
1321
1259
1264
1244
1286
1330
1303
743
1304
734
1291
1266
1222
1331
1275
1275
1243
1273
1284
801
1205
1267
1286
1304
1288
1298
1269
1310
1298
1293
1297
1335
1322
1256
1248
1281
1255
1269
1271
1299
1275
1297
1241
1286
1279
1264
1301
1331
1296
1301
1294
1238
1267
1245
1272
1332
1318
1209
1311
1248
1306
1268
1258
1334
1226
1276
1345
1303
1274
1315
1373
82
1285
1291
1310
1299
1240
1255
1269
1249
789
1254
0
1344
1332
1279
1241
1255
1292
1270
1295
1299
774
1316
1245
1286
0
1277
1292
1287
1234
1273
1309
1250
1321
1273
1292
1216
1227
1290
1324
795
1260
1312
1218
1245
1302
1259
1309
1282
1320
1238
1348
1350
1283
1325
1268
1270
1291
1263
1312
1264
1321
1294
735
1277
1344
1237
1279
752
1277
1238
1275
856
1255
1319
1290
1318
1299
1293
1240
1211
1228
1258
1265
1251
1209
1260
719
1268
1287
759
1329
1313
1237
1283
1292
1300
1269
1306
1251
1356
1282
1271
1230
1176
1286
1240
1278
846
1287
1309
1233
1271
1274
1265
1242
1280
1318
1281
1225
1295
1303
1248
732
1299
1221
1314
1314
1282
1275
1438
1231
751
1264
1294
1251
1226
1259
1304
1346
1330
1284
1308
1319
1276
1221
1282
1300
1344
1319
1298
1351
1273
1296
1230
1219
1302
1282
1229
1278
1303
1311
1281
1308
1260
1275
1306
1286
1294
1277
1228
1300
1293
1307
1272
1275
1263
1274
1308
1250
1281
790
752
1322
1294
1350
1267
1264
1261
1313
1261
1301
1265
1289
1257
1263
1285
1287
1227
1265
1319
1251
1254
1215
1258
1248
1267
1296
1285
1269
735
1329
1260
1278
1313
768
1274
1310
1295
1230
1251
1309
1320
1290
1272
1226
1349
1285
1256
1280
1278
1255
786
1280
1325
1306
1305
1335
1325
1291
1284
1287
1306
1252
1296
1288
1239
1246
1283
1287
1249
1243
1309
1247
1296
1311
794
1217
1294
1296
1301
1302
854
1328
1286
1314
1285
1280
1273
1283
1202
1280
1216
1312
1294
1272
732
1232
1299
1314
1221
1316
1334
1283
1313
1246
1283
1303
781
1258
1286
1261
1316
1318
1318
1230
1314
1262
1340
1310
1319
1283
1289
1260
831
1245
1216
1227
1302
1221
1275
1304
1213
1269
1277
1304
1301
1321
1272
1303
1311
1311
1294
1241
1316
1181
738
1309
1277
1272
1281
1297
1319
1211
1286
1206
1248
1307
1302
1320
1294
1290
1289
1285
1223
1288
1290
1333
1266
784
1330
812
1245
1289
1265
1327
1232
1330
1236
1293
1342
1288
1279
1276
800
1308
1268
1283
1296
1233
1302
777
1218
1292
1284
1241
1224
1339
1230
1248
1255
1214
1268
1283
1292
1243
1284
1280
1343
1322
1272
1279
1318
1378
1284
1351
1259
1257
1261
1316
1333
1327
807
1215
1202
1268
1270
1303
716
1286
1274
1281
1238
1286
756
1222
1266
1238
1313
1237
1279
776
1291
1280
1260
1305
1321
1243
1267
1325
1247
1322
720
1255
1277
1306
1283
1222
1258
1308
1241
1245
830
1243
777
1202
1310
1248
1314
1234
1324
1265
1283
1211
1276
1306
1237
827
1250
1278
1312
1289
1262
1295
1246
1333
1183
1291
1271
1251
1231
1292
1321
1303
0
1291
1208
1281
1268
1319
1289
1304
736
1266
1304
1305
1285
1211
1207
1215
1307
1238
1210
1225
1288
1267
1239
1315
1269
1323
1240
1306
1306
1301
1350
1259
1313
1292
1272
1319
1295
1248
1337
1325
1217
1288
1247
1277
1222
1244
1318
823
1306
1220
1286
1284
1303
1234
1282
1281
1309
1174
1300
1331
1316
1262
1270
1310
1315
1325
1247
797
1330
1311
1266
1319
1310
1313
1314
1316
1280
1284
1341
866
1194
1305
1310
1298
1284
1317
1330
1272
1338
1252
1232
1277
1296
1247
1244
1259
1242
1371
1262
675
1270
548
841
1277
1284
1274
1241
1327
1287
1235
1257
1253
1370
1259
1253
1267
1281
1214
1274
1294
1234
1316
1315
1299
1354
1278
813
1243
1258
1280
1316
1215
1252
1275
1287
1282
1257
1215
1345
1247
1254
1328
1304
1237
1319
1301
1293
1275
1281
1297
1274
1287
1309
1283
1317
1294
1282
1275
1346
1320
1235
1277
1256
1264
1317
1273
1279
1240
1251
1323
1286
1249
796
1319
1200
1340
1284
1268
1254
1244
1307
1338
1288
1266
1237
1284
1283
1267
747
1315
1238
1289
1307
1270
1234
1248
1252
1280
1291
1291
1330
1265
1246
1328
1234
1292
1253
1224
1269
1253
1310
1318
1273
1299
1288
1306
1307
1287
1204
1286
1261
1206
1272
1356
1308
1310
1328
1334
1231
1262
1346
1341
1298
1234
1284
1271
1293
1285
1274
1294
1231
1272
1326
1292
1284
1300
1319
1261
1222
1235
1273
1263
1315
1320
1223
1283
1280
1247
1336
1214
1316
1243
1352
1307
1266
1273
1299
1242
1202
1231
1302
1226
1284
1285
1233
1261
1283
855
1313
1325
1200
1284
1273
1279
1220
1229
1215
1193
1269
1322
1331
1287
1311
1333
1287
1255
1277
1239
1303
1329
1275
1228
1312
157
1253
1244
799
1279
1318
1314
1228
1300
1244
1312
1242
1283
1389
1263
1245
1368
1236
1273
1276
1273
1274
1297
768
1246
1313
1259
1278
1304
1336
1291
1284
1326
1276
1291
1292
1310
1258
1213
1269
1252
1311
1284
1244
1265
782
1336
1258
1199
1245
1304
1257
1245
1280
1282
1281
1251
1278
1251
1272
1333
1276
1289
1279
1301
1303
1255
1262
1166
1229
1216
1308
1317
1261
1200
1231
1262
1303
1207
1319
1185
1256
1266
1323
1293
733
1271
1286
1296
1284
1236
1283
1268
1262
1217
1310
1291
1269
1346
1232
1332
1310
754
1283
1263
1297
1298
1263
1293
766
711
1281
1313
1271
1290
1315
1305
1267
1299
1265
1285
729
1214
1305
797
1244
1239
1287
1212
1309
1272
1298
1273
1238
1250
1266
780
1256
839
1224
1274
820
1313
1274
1254
1217
1265
1304
1238
1287
1255
1270
1306
1313
1285
1306
1238
816
1280
1332
1270
127
1296
1266
796
1363
1341
1272
1284
709
1248
1289
1223
1227
1319
1271
1345
1328
1283
1179
753
1236
1220
1269
1273
1263
1295
841
1286
1308
1270
1243
1283
1304
1224
1277
1243
1254
1353
1259
724
1310
1240
1316
1253
1331
1261
1305
1280
1274
1220
1286
1270
1288
1286
1330
1279
1253
1281
1287
1298
1272
1247
1259
884
1268
1240
1293
1330
1292
1291
1241
1254
1278
1211
1328
1233
1267
1251
1279
1272
800
1230
1264
1279
1163
1371
1251
1244
1319
1242
823
1338
1282
1330
1265
1257
1285
1297
735
1254
1225
1307
1250
1248
1254
1334
1283
1333
1280
1303
1291
1288
1227
1306
1283
130
1332
1300
1252
1309
1222
1339
1311
1291
1225
1299
1226
1288
1248
1269
1215
1259
1184
1239
1300
1259
1277
793
1288
1294
1240
1259
1365
1277
1224
1287
1272
1286
1267
1251
1312
1276
142
1286
1275
1279
1288
1302
1277
1290
1288
1354
1229
1288
1304
1262
1287
1296
1249
1274
1348
1279
1265
1284
1282
1323
1266
1289
1345
1275
1263
1312
1208
1222
1282
1233
1255
1251
1241
1282
1269
843
1294
1271
792
1299
1284
1289
1308
1268
1321
1287
1279
1235
1234
1306
1339
1262
1298
1243
1296
1289
1246
1291
1233
1330
1293
1200
847
1249
1293
1303
1343
1251
1268
1256
1270
1323
1220
1255
1240
1225
1273
1208
1297
1267
1264
1335
1218
1332
1280
1228
1260
786
830
1370
1217
788
1344
737
1339
1290
1268
1297
1291
1276
1276
1268
1366
1377
1281
1227
1268
1251
1263
1269
1273
1289
809
785
1275
1213
1257
806
1226
1315
863
1289
1270
1244
1256
1284
1242
718
1231
1229
1285
1331
1305
1297
1298
1290
792
1259
1325
1294
1248
1285
1270
1301
1275
1318
1267
1280
1331
1281
1262
846
1271
1251
1310
1277
1256
1274
1288
1328
1293
1265
1268
1228
1305
1268
1270
1325
1242
1192
1334
1243
1260
1266
1324
1292
1322
1359
1214
1245
1233
283
1226
1359
1294
1279
1286
1280
1245
1236
1314
1224
1300
1277
1358
1254
1259
1336
1289
1218
1278
1282
1282
1292
1305
1335
1243
1193
1273
1247
1261
1295
1256
1250
1245
1272
1283
1318
1227
1297
1225
794
1360
823
1237
1299
1224
773
706
1284
1255
1333
1269
1282
1248
1273
1270
1272
1337
1288
1263
1339
1231
1267
1279
1238
1228
1230
1285
1264
1251
1268
1320
1309
1293
1286
1248
1274
1285
1317
1323
1291
1255
1330
1277
1191
1220
1297
1279
1258
1277
767
1288
1223
1262
1308
1301
1219
1295
1261
1273
1271
1268
1235
1260
1256
1323
1265
1290
1338
1281
1269
1251
1238
1267
1304
1230
1263
1270
1292
1292
1291
1302
1224
1319
1268
1318
1240
1300
1272
1357
1300
1288
1367
1322
94
1324
1301
1272
1270
1296
1322
1281
1304
1280
1289
1275
1243
1324
1343
1283
1293
1218
1186
1261
1245
1264
1297
1308
1291
1283
762
1253
1294
1264
1315
1354
1262
1321
1279
1306
1254
1352
1232
1297
1290
1253
1293
1288
1297
1286
1246
1182
1357
1313
1351
1307
1278
1238
770
1290
1285
1307
1300
1289
1302
1296
1316
1334
818
1268
1275
781
1301
744
1316
1283
1240
1274
1271
1197
1239
1321
1289
738
1211
1236
1302
800
1296
1205
1271
1338
1278
1299
1244
1336
1298
1372
1312
1313
1331
1302
1259
1240
1298
1229
1360
1350
1217
1264
1306
1306
1355
1311
1310
1316
1310
1375
1248
1232
722
1290
1306
1243
744
1226
1218
1252
1271
1284
1194
1297
1271
794
1254
1269
758
1278
1280
1286
1230
1249
818
1232
1274
1300
1254
798
787
1273
1295
1247
1250
777
1332
1279
1290
768
1274
820
1303
1274
1286
1281
1277
1282
1361
1291
1247
1252
1323
1249
1271
1192
1263
1287
1246
1268
1302
1312
1339
1268
1252
1296
1307
807
1279
793
1290
1250
1276
1240
1287
1266
1269
1315
1296
1301
1298
1282
1221
772
1274
1298
778
1325
1345
1315
1308
1290
1288
1316
1279
1323
1312
1301
1243
1313
1267
1298
1292
1256
730
1241
1268
1312
1281
1248
1259
1295
1283
1279
1312
1319
1285
1202
1328
1243
1283
1277
1287
1260
1335
1222
1324
1240
1323
1267
1300
806
1277
1250
1262
760
1232
1311
1259
1302
1288
1295
1262
1252
1249
1308
1225
1231
771
1244
1282
1287
1266
1333
741
1262
153
1305
1343
1270
1328
1278
1190
1263
0
1269
1306
1292
811
1227
1317
1251
1256
1305
1230
1263
1323
1340
1276
1283
1391
1238
1290
1265
1272
1227
1255
1235
1324
1314
1300
1303
1339
1247
1334
1303
1288
1276
1247
1214
792
739
1312
1246
1233
1312
1240
1301
1352
1315
1205
1296
1213
1284
1332
1286
1230
833
1235
1224
1259
1246
1316
1240
1296
1307
1244
1268
1289
1289
1267
1288
1310
1274
1232
1324
1308
1281
1271
1356
1285
1281
1341
1279
1231
1231
1352
1264
1280
1339
1284
1258
1232
1284
1301
1269
1284
1291
1348
1252
1289
1320
1300
1281
815
1218
122
1264
1279
1302
1217
1346
1223
1275
1286
1293
1305
1321
1321
1263
811
1281
1257
1307
1260
1255
1234
1347
1235
1284
1279
0
1304
1222
1209
1284
1313
1220
1239
1306
1257
1276
1285
1292
1253
1361
1307
1285
1279
1260
1337
1248
1332
1260
1266
1278
1288
1215
1272
1247
1247
1253
1284
1268
1274
1285
1323
1311
1270
1275
1308
1281
1280
1241
1227
1279
1295
1286
1239
1230
1302
1252
1281
1294
1238
1299
1293
1259
1235
1285
1237
1315
1284
1211
1232
1273
1232
1278
1319
1287
1224
1272
1310
1208
1289
1232
1308
1299
1346
1272
1343
1251
1276
1300
1212
1230
1337
1337
1307
1230
1302
726
1270
1293
1229
1230
1323
1281
1237
1289
1275
1282
1288
1297
1218
1340
1266
1291
1314
1305
1265
1201
1248
1299
1194
1302
1307
1230
1312
824
1280
1267
1311
1313
1272
1243
1258
1278
1304
1271
1288
1252
1252
1274
1296
1315
1259
1321
1316
1271
1307
1308
1294
1271
760
1271
1268
1249
1357
1266
1222
1298
1243
1189
1279
1333
1319
1342
1321
1273
1278
1253
1310
1235
1293
1303
1266
1292
1272
1316
1274
834
1293
1285
1288
1296
1293
1284
1315
1301
1227
1312
1320
1289
1236
1207
1231
1227
1286
1258
1310
1312
1266
1290
1251
1301
1304
1251
1322
1284
1289
776
1351
1275
1214
820
1210
1317
1240
1293
1240
1277
1279
797
1318
1311
1308
1270
1300
1259
1268
1240
1262
1257
1273
1240
1255
1263
1326
1250
1254
1274
1287
1292
1290
1315
1342
1312
761
1339
1325
1253
1274
1270
1299
1295
1280
1321
1315
1256
1269
1319
1325
1262
1290
1286
1221
1305
1318
790
1244
1316
1262
1232
1302
1282
1292
1280
1272
1202
1247
1348
1273
1278
1275
1292
814
1265
1310
1271
1321
1237
1311
772
1297
1335
1273
1323
1292
809
1294
1309
1321
1320
1316
804
1351
1268
1254
1236
1263
1276
1265
1268
1228
1304
1234
1296
1338
1312
1287
1332
1239
1272
1275
1303
1270
1270
1259
1278
1249
1291
1261
1274
1305
1311
1270
1263
169
1293
708
1329
840
1305
1324
810
1309
1230
1357
1315
1268
1288
1268
1256
1272
1217
1342
1286
1336
1325
1340
1246
1292
1298
1256
835
1253
1307
764
1288
1252
1285
1239
1333
1222
1259
1277
1292
1303
1265
1337
1299
1291
1251
1358
1288
1274
1270
1269
1236
1312
1312
1304
1279
1336
1272
1292
1288
1285
1295
1240
1271
1288
1326
1290
1308
1286
1277
1284
1297
1279
1297
1264
1224
1223
1289
1288
1355
1199
137
1294
1266
1314
1269
1227
1299
1269
1245
1287
722
1237
1278
784
816
1262
1286
763
1288
1369
1301
1264
1197
1307
1309
1281
1226
1240
1281
1314
1334
1300
1309
784
1298
1308
1262
1274
1317
1191
1281
1319
0
1317
1241
1319
1256
1247
810
1282
1299
1308
1248
796
1344
820
1308
1337
1253
1271
1261
1257
1237
1272
1267
1263
805
1230
1213
1296
1296
1296
1285
1278
1223
1300
1311
1307
1244
1233
1248
1233
1260
1301
1226
1319
1306
1243
1244
1280
1246
1321
1254
1310
1312
1274
1249
1258
1348
1229
1299
1308
1248
1288
1303
1320
0
803
1247
1245
1329
1289
1281
1296
1261
1280
1329
1254
1283
1287
1295
1296
1177
1289
1266
1287
802
1255
1299
1334
1309
1283
1302
1361
1275
1296
1286
1265
1292
1287
1334
1272
1308
1222
1313
1277
1298
852
1304
1233
1257
1312
1268
1229
1271
1266
1285
1275
1239
1234
1258
1356
1274
1311
0
1301
1341
1305
1331
1240
1265
1298
1319
1292
1282
1186
1312
1281
1281
834
1287
1275
1312
1338
1274
1248
1300
776
773
1310
0
807
1259
783
1305
1300
1256
1333
829
1304
1291
1318
1283
1257
1275
1284
1274
1282
1281
1258
1255
1302
1260
1263
1291
1252
1211
1326
1247
1249
1268
1243
1307
1305
1253
1319
1272
1279
1281
1280
1255
1321
1217
1284
1196
1294
1327
1282
1285
1252
1288
1263
1258
1269
1346
1280
1286
1343
1258
805
1316
1258
1287
1281
1273
1264
1337
1293
1300
1322
1304
1304
783
1290
1286
1285
1346
1255
1303
1268
1307
1281
1299
1280
1275
1219
1267
1284
1344
1302
1296
1251
1272
1244
1218
1268
1253
1261
1260
1279
1220
1273
1302
1248
1310
790
1306
1222
1255
1344
1240
1298
1233
1239
1312
1258
1244
1232
1327
1251
1308
1314
1277
1255
1337
1303
1216
1269
1240
1267
1306
1325
1385
1305
1275
723
1268
1270
1282
1282
1225
1297
1266
1354
1281
1246
1249
1250
1248
1311
1274
1227
1324
1293
1256
1233
1359
1337
1257
1221
1321
1291
1259
1308
1284
1316
1254
1213
1324
1207
1268
1312
1260
1258
1288
1247
1303
1292
1312
1290
1295
1308
1379
1292
1244
1292
1297
1237
1292
1320
1240
1328
1244
1325
1265
769
1397
1268
1267
1341
1285
1331
1258
1311
1283
779
1263
1236
1265
1283
1245
801
803
1227
1281
1313
1270
1240
1281
790
1313
1282
1307
1292
1301
1230
1247
818
801
1267
785
1297
1249
1271
791
1304
1331
1304
1302
1278
1313
1239
760
1263
1238
1261
1304
1267
1257
1345
1324
1312
1268
1293
1247
1280
1294
1278
1306
1181
1297
1287
1284
1333
1233
1280
1216
1317
1305
1282
1321
1305
1271
1234
1239
1200
1292
1284
1279
1339
1263
1207
1271
1292
1291
1258
1273
1263
1237
1221
1291
1315
1268
1269
1276
1269
1265
1324
1318
1316
1367
1243
1265
1251
1279
1242
1216
1272
826
1309
1288
1223
1316
1310
1312
1232
1251
1279
673
1271
1322
698
1277
1236
1296
1352
1303
1295
1278
1280
1308
1196
1249
1239
1264
1251
1296
1243
1212
1309
1198
1267
1324
1232
1212
1274
1305
1344
1291
1325
1306
1321
1289
1224
1274
1240
1199
1253
1258
1273
1271
1278
1273
1326
1272
717
1258
1292
1315
1279
1327
1222
1250
1335
1305
1257
787
1284
1283
1336
792
810
818
1366
1312
826
1247
1345
1258
1191
1218
1289
1332
1266
1288
1246
1261
1226
850
1346
1302
1353
1269
1248
1288
1289
802
825
1289
1305
1304
1323
1305
1355
1274
1256
1278
1292
1227
1281
1266
1206
1278
1279
1271
1241
1208
794
1332
1331
1253
1347
804
1264
1248
1333
1291
1238
1275
1268
1341
1234
1245
1243
0
1315
1354
1273
1275
1338
1301
1304
1261
1277
773
1222
1280
1299
1292
1208
1300
1327
1287
1210
1277
1334
1277
1276
1257
1245
1295
1305
1225
1276
1282
1324
1312
1307
1283
1288
1299
1276
1314
1272
1223
1279
1343
1275
1297
1240
1289
1252
1420
1277
1260
1248
1274
1305
1246
1235
1227
1277
1288
1242
1272
1290
1250
1241
1288
1204
1354
1261
1266
1258
1225
1221
1258
1339
1273
1286
1254
818
1229
1259
1319
1201
1264
1259
1221
1297
816
1285
1327
1283
1243
1262
852
1256
1268
1240
1223
1216
1285
1231
1296
1291
1322
1273
1278
1265
1322
1254
1362
1289
1284
1232
1234
777
1319
1294
1322
1246
1256
1270
1257
1247
1312
1295
1250
1292
1236
1290
1243
1328
1317
1245
1276
1261
1271
1252
1266
1272
1239
1280
1329
1298
1334
1323
1294
1228
1230
1280
1295
1292
1309
1262
1246
1255
1322
1319
1298
1277
1313
1282
1307
1300
809
1250
0
1307
1244
1323
1193
1265
1289
1328
1261
1284
1249
1262
1289
1316
1275
1260
1307
1341
1279
1215
1289
1307
1336
1203
1299
1300
804
1185
1250
1218
1246
1287
1279
1324
1236
1383
1272
1235
1262
1251
1273
1228
1275
746
869
1228
1318
1299
1318
1309
867
1344
1304
1321
1264
1330
1340
1261
827
1313
1261
1323
1319
1245
1245
1208
1294
789
1301
821
1269
1249
1325
1270
1226
850
1237
1311
1247
1260
1268
1358
1315
1262
1315
1327
1256
1248
1220
1295
1305
1303
1281
827
1295
1269
1224
1280
1220
1239
1292
1234
1271
1305
1267
1320
1303
1298
1241
1278
1330
1282
1328
1244
1265
1230
1267
1287
1273
1315
1231
1301
1292
1280
1235
1286
1266
1249
1285
1293
1279
1283
1296
1291
1262
774
717
1240
1307
1259
1278
1289
1252
1314
1251
1306
1331
1295
1256
1379
1288
1266
1279
1287
1233
1318
1241
1329
1212
1309
1302
819
1255
779
1242
1266
1250
1309
1332
1280
1279
1263
1335
1199
1223
1298
1321
1291
1275
1294
1303
1289
1261
1279
1235
1345
1296
1301
1257
1344
1290
1329
1316
783
1273
1342
1277
1325
1246
1295
1199
