0.471308
0.489671
0.454066
0.478207
0.45678
0.462639
0.469213
0.467427
0.511337
0.479285
0.448083
0.456265
0.482478
0.465701
0.4904
0.491031
0.477255
0.47722
0.466565
0.50228
0.492345
0.452904
0.501157
0.520681
0.508013
0.52723
0.441824
0.510156
0.46896
0.491424
0.484375
0.45283
0.469068
0.406046
0.489442
0.46906
0.43872
0.497588
0.463102
0.461169
0.490854
0.493526
0.511755
0.473434
0.459191
0.51746
0.468217
0.500371
0.512962
0.480602
0.491106
0.463264
0.499373
0.516794
0.478685
0.44838
0.460516
0.47293
0.459271
0.451256
0.480738
0.437182
0.478985
0.4968
0.49088
0.477199
0.503049
0.422394
0.479248
0.427344
0.458978
0.440586
0.52506
0.51527
0.462509
0.46378
0.452845
0.447738
0.49574
0.49683
0.484202
0.435666
0.507313
0.479102
0.515075
0.511645
0.517483
0.393891
0.505627
0.448037
0.460426
0.474576
0.516746
0.475155
0.477307
0.444529
0.437888
0.474465
0.488076
0.471373
0.499239
0.469898
0.453282
0.499607
0.464646
0.47574
0.467742
0.492526
0.488764
0.481266
0.484267
0.456435
0.413242
0.486317
0.475535
0.444934
0.480738
0.490763
0.45121
0.481394
0.51214
0.505102
0.459055
0.35061
0.4375
0.493333
0.490537
0.497995
0.487097
0.468774
0.490299
0.485513
0.482893
0.477078
0.505196
0.451249
0.502715
0.471815
0.478499
0.449377
0.471386
0.465743
0.435085
0.471569
0.461303
0.486466
0.479631
0.449643
0.449923
0.491991
0.438066
0.499602
0.49962
0.479938
0.490354
0.489918
0.488681
0.407054
0.491372
0.488688
0.454965
0.494665
0.458432
0.493681
0.499205
0.44166
0.44912
0.488739
0.453237
0.483533
0.478117
0.47997
0.471318
0.487102
0.496448
0.49327
0.479231
0.485989
0.504695
0.442568
0.487919
0.46778
0.431638
0.494436
0.494489
0.45586
0.475436
0.460305
0.463596
0.498494
0.463926
0.492979
0.450111
0.497374
0.46112
0.532905
0.490242
0.445894
0.447634
0.504453
0.504013
0.496269
0.484682
0.429472
0.471302
0.443411
0.479638
0.463007
0.529851
0.470498
0.426791
0.416144
0.48473
0.49127
0.497314
0.470359
0.442278
0.472025
0.477833
0.514019
0.463181
0.465997
0.462366
0.50348
0.460848
0.501933
0.480284
0.512403
0.494965
0.398237
0.490338
0.486466
0.496845
0.37699
0.4816
0.474919
0.443028
0.486043
0.4961
0.431034
0.487843
0.439722
0.485188
0.464286
0.470636
0.468208
0.498064
0.429811
0.450558
0.47668
0.496815
0.428691
0.477958
0.464084
0.491593
0.422122
0.473312
0.480784
0.487034
0.443069
0.428458
0.415648
0.474057
0.463098
0.471945
0.504785
0.447925
0.438751
0.5
0.445545
0.481453
0.491078
0.477484
0.491991
0.478329
0.469793
0.480784
0.4
0.461789
0.46934
0.475152
0.489331
0.440374
0.48074
0.458899
0.487981
0.460305
0.429936
0.469551
0.457166
0.47455
0.496887
0.49061
0.4928
0.402353
0.51375
0.502707
0.49136
0.443411
0.471928
0.444885
0.46166
0.473889
0.482647
0.505948
0.476863
0.467603
0.479815
0.428019
0.477311
0.471373
0.443307
0.5
0.51849
0.485623
0.441667
0.466828
0.47696
0.447964
0.476948
0.437647
0.453198
0.46315
0.458806
0.478296
0.506361
0.471612
0.497202
0.451902
0.483945
0.454333
0.473214
0.494965
0.470859
0.461298
0.447115
0.443282
0.48549
0.453577
0.476556
0.464853
0.516762
0.451665
0.461477
0.484301
0.488076
0.439906
0.486789
0.48716
0.464419
0.490895
0.460639
0.483423
0.487259
0.483912
0.455814
0.500404
0.435385
0.486296
0.442824
0.491329
0.479018
0.467593
0.473684
0.476613
0.537998
0.485927
0.501608
0.5
0.490087
0.48527
0.453624
0.438556
0.478157
0.457031
0.50116
0.475546
0.458623
0.514555
0.489428
0.416149
0.495836
0.500787
0.460666
0.402372
0.42846
0.453271
0.514308
0.420065
0.522411
0.505238
0.467754
0.486752
0.48273
0.490602
0.473134
0.501626
0.522886
0.473644
0.480945
0.488195
0.489426
0.453479
0.488681
0.466667
0.458432
0.491593
0.495948
0.481022
0.495679
0.472519
0.458992
0.4749
0.447993
0.466977
0.478192
0.499196
0.498014
0.495974
0.4674
0.508567
0.50513
0.458333
0.514173
0.479133
0.443802
0.391729
0.501531
0.452474
0.428351
0.482372
0.427885
0.466451
0.505004
0.473892
0.461887
0.463509
0.464639
0.485714
0.474756
0.505967
0.463608
0.469274
0.439526
0.462731
0.504615
0.425581
0.469012
0.480194
0.465331
0.478458
0.460639
0.480159
0.444269
0.461771
0.508614
0.511197
0.477325
0.509667
0.455882
0.424091
0.481569
0.483474
0.444444
0.488076
0.458888
0.403481
0.491366
0.489104
0.493517
0.453741
0.458333
0.49375
0.461901
0.479505
0.459797
0.501251
0.496997
0.496541
0.438424
0.468531
0.450965
0.488245
0.484919
0.471564
0.488245
0.506677
0.502532
0.462889
0.507653
0.444613
0.492776
0.468335
0.49273
0.493956
0.400797
0.524073
0.512461
0.427155
0.494497
0.498785
0.467464
0.444444
0.461538
0.507594
0.450813
0.424125
0.409648
0.45743
0.472477
0.489527
0.467897
0.5
0.394984
0.393508
0.488497
0.442322
0.478194
0.49613
0.495392
0.476298
0.458814
0.481511
0.462816
0.460031
0.488177
0.46252
0.484663
0.492834
0.450858
0.489607
0.48049
0.484362
0.416272
0.494607
0.477863
0.384804
0.475183
0.481245
0.461598
0.43606
0.452132
0.45114
0.376733
0.45114
0.507862
0.506698
0.489395
0.429878
0.478764
0.447981
0.467418
0.494886
0.505263
0.45503
0.503341
0.399068
0.445205
0.471237
0.469755
0.460611
0.443038
0.461415
0.467254
0.46395
0.447773
0.482567
0.495673
0.411058
0.4016
0.429921
0.398258
0.442678
0.512663
0.508171
0.486726
0.417863
0.453755
0.468085
0.444969
0.514062
0.5056
0.47504
0.423795
0.482759
0.379365
0.477185
0.511981
0.490807
0.497259
0.493082
0.485603
0.469146
0.448606
0.502304
0.471952
0.4479
0.438596
0.484919
0.419743
0.434889
0.506667
0.458861
0.466368
0.500384
0.443425
0.489944
0.46865
0.466074
0.4947
0.463887
0.446488
0.489328
0.506795
0.465785
0.458143
0.481684
0.489478
0.488446
0.449475
0.457364
0.489527
0.493106
0.449475
0.441993
0.43197
0.454128
0.416124
0.45873
0.473892
0.440062
0.490895
0.49427
0.454844
0.494205
0.507692
0.429032
0.474277
0.455626
0.365067
0.463415
0.497989
0.467075
0.489362
0.483293
0.514673
0.471609
0.481986
0.522551
0.476341
0.507291
0.48676
0.490166
0.483103
0.415842
0.435691
0.507742
0.519727
0.479853
0.493109
0.487597
0.496437
0.505229
0.468285
0.435024
0.485445
0.437112
0.443925
0.439189
0.452998
0.484848
0.440276
0.471246
0.489073
0.473684
0.50566
0.454829
0.468069
0.47568
0.419629
0.476012
0.48578
0.473396
0.507127
0.409875
0.491778
0.484848
0.521401
0.441842
0.498825
0.486704
0.483173
0.481795
0.379444
0.493818
0.497959
0.508918
0.440449
0.446362
0.509091
0.453569
0.350338
0.374608
0.443058
0.506881
0.491352
0.47504
0.50384
0.452496
0.49542
0.5
0.452532
0.45675
0.46292
0.468135
0.52689
0.4391
0.468345
0.48628
0.458841
0.480638
0.507246
0.486339
0.472633
0.494314
0.50313
0.474171
0.467502
0.51102
0.496
0.481712
0.391586
0.519169
0.4712
0.448113
0.457464
0.498433
0.483428
0.429589
0.411501
0.446541
0.437307
0.469068
0.467543
0.469487
0.497713
0.519878
0.481707
0.495908
0.488889
0.519573
0.484741
0.489428
0.465764
0.438596
0.498405
0.456884
0.453988
0.475562
0.439815
0.52264
0.499254
0.489666
0.468873
0.464286
0.464516
0.486789
0.418266
0.484778
0.520737
0.472243
0.48753
0.5
0.467492
0.491117
0.49763
0.452326
0.448087
0.422956
0.437451
0.50528
0.498138
0.498415
0.471655
0.468873
0.471945
0.481965
0.484157
0.463287
0.474708
0.463614
0.493213
0.455513
0.444009
0.459191
0.43876
0.51505
0.520155
0.485714
0.473359
0.480392
0.479251
0.407956
0.448738
0.483438
0.48301
0.477545
0.479575
0.504362
0.485531
0.491742
0.459159
0.486809
0.46072
0.485549
0.480339
0.449805
0.496917
0.459129
0.47068
0.463264
0.487824
0.498108
0.519847
0.492731
0.478469
0.470769
0.47429
0.445988
0.427463
0.509174
0.462613
0.465809
0.477236
0.498325
0.477145
0.435036
0.494182
0.491256
0.50768
0.493956
0.51492
0.390354
0.454996
0.506289
0.456712
0.454338
0.473026
0.448355
0.473806
0.440522
0.488189
0.467512
0.459191
0.492731
0.392747
0.464811
0.508013
0.460902
0.513747
0.485966
0.434304
0.456418
0.498864
0.44086
0.475728
0.475039
0.435628
0.476848
0.474981
0.465116
0.475223
0.45948
0.496997
0.480952
0.509494
0.432146
0.489922
0.496599
0.446092
0.471462
0.491525
0.463224
0.469907
0.472587
0.476753
0.481965
0.391482
0.478632
0.481986
0.453632
0.527473
0.461298
0.529857
0.489844
0.433101
0.441537
0.492707
0.484706
0.449612
0.469526
0.460317
0.503326
0.457298
0.474046
0.432602
0.465245
0.513288
0.474814
0.49766
0.456221
0.467586
0.447005
0.494208
0.48368
0.43949
0.491286
0.505867
0.456031
0.462437
0.436145
0.479968
0.437076
0.455521
0.490895
0.417633
0.491372
0.453802
0.482471
0.50157
0.502287
0.488627
0.435374
0.462675
0.473068
0.5112
0.462308
0.477449
0.478367
0.509419
0.48449
0.442547
0.491828
0.518403
0.450647
0.464591
0.453535
0.493002
0.469756
0.416928
0.479151
0.468701
0.518636
0.503956
0.467492
0.5072
0.498415
0.485968
0.495645
0.487981
0.483232
0.509046
0.494449
0.50156
0.494607
0.486992
0.481209
0.469165
0.487023
0.45749
0.471358
0.47439
0.456849
0.4791
0.491461
0.468462
0.46823
0.46786
0.482031
0.493884
0.434953
0.489715
0.496118
0.478817
0.480707
0.397898
0.478053
0.454334
0.451415
0.484615
0.490012
0.473473
0.507961
0.45098
0.473643
0.449242
0.450487
0.493333
0.52194
0.4584
0.499231
0.496918
0.456705
0.478157
0.431836
0.490272
0.475099
0.416333
0.453906
0.459417
0.44186
0.48951
0.498081
0.501862
0.460837
0.484536
0.44848
0.517898
0.461538
0.498061
0.477216
0.489157
0.481425
0.505938
0.492993
0.470194
0.514593
0.489744
0.471348
0.5083
0.479231
0.462016
0.452459
0.510031
0.469218
0.525229
0.422005
0.489015
0.458978
0.435685
0.442105
0.426128
0.50118
0.430685
0.501893
0.474419
0.418239
0.425101
0.450781
0.474763
0.467643
0.468425
0.49961
0.481399
0.468217
0.419381
0.490952
0.494796
0.489235
0.48294
0.508384
0.463377
0.5081
0.438316
0.482869
0.507973
0.484628
0.454058
0.485693
0.495153
0.493151
0.475422
0.508115
0.465463
0.426568
0.486569
0.505163
0.481967
0.495902
0.447612
0.486713
0.464042
0.499592
0.501936
0.46778
0.495334
0.473984
0.484434
0.511057
0.496437
0.482591
0.41864
0.478029
0.424577
0.461724
0.457521
0.461173
0.509638
0.389016
0.488768
0.477449
0.49884
0.488444
0.480608
0.448413
0.463636
0.486275
0.478632
0.38964
0.447348
0.460213
0.566372
0.454193
0.485549
0.42753
0.460061
0.503987
0.504519
0.510753
0.502703
0.468702
0.491828
0.461598
0.433126
0.510853
0.495713
0.506816
0.474498
0.512251
0.45798
0.475973
0.451189
0.481775
0.494754
0.480278
0.475446
0.419672
0.504762
0.490837
0.441176
0.490166
0.48951
0.489311
0.469106
0.431342
0.477484
0.477612
0.429339
0.47459
0.465135
0.484873
0.493642
0.444534
0.487239
0.420553
0.452119
0.443105
0.468831
0.481081
0.473251
0.499213
0.478873
0.469469
0.515129
0.48609
0.506554
0.496965
0.522621
0.454766
0.48546
0.47562
0.492089
0.456406
0.419763
0.484756
0.455469
0.530813
0.49816
0.528081
0.504847
0.505035
0.477577
0.435364
0.447547
0.513168
0.468168
0.474962
0.44009
0.465617
0.480284
0.449618
0.483871
0.430807
0.471009
0.482423
0.511481
0.437838
0.477876
0.495759
0.475309
0.502545
0.500383
0.524287
0.502347
0.474964
0.471037
0.480945
0.458075
0.434818
0.493323
0.506369
0.466772
0.489543
0.488266
0.501987
0.476499
0.460415
0.471192
0.468626
0.447088
0.488764
0.498061
0.462585
0.485758
0.485566
0.482222
0.464425
0.464724
0.468889
0.478224
0.428916
0.501949
0.469782
0.363498
0.49577
0.45679
0.502816
0.493227
0.506098
0.413528
0.478123
0.467729
0.498415
0.493818
0.451238
0.492424
0.514085
0.456196
0.470219
0.491547
0.466108
0.477577
0.470496
0.483058
0.501157
0.477977
0.460575
0.431644
0.454684
0.480183
0.464088
0.498067
0.498459
0.431764
0.456355
0.472397
0.490211
0.513317
0.509852
0.479786
0.502404
0.485671
0.480031
0.488221
0.468413
0.504724
0.480162
0.4727
0.471256
0.469372
0.45843
0.448304
0.45151
0.471342
0.481569
0.456406
0.450507
0.485317
0.462432
0.449264
0.466767
0.487179
0.448868
0.469173
0.439628
0.462331
0.469404
0.45559
0.440222
0.460987
0.455123
0.484919
0.467239
0.496928
0.470032
0.4624
0.420849
0.450761
0.479051
0.47235
0.506827
0.495631
0.483232
0.513089
0.464012
0.463066
0.512097
0.448576
0.463816
0.4662
0.49434
0.484437
0.503086
0.45264
0.504777
0.46519
0.495641
0.498778
0.465721
0.48473
0.454545
0.485577
0.484051
0.496956
0.4524
0.468526
0.494804
0.381311
0.495561
0.479409
0.501587
0.467111
0.437112
0.488338
0.475962
0.470862
0.492572
0.432012
0.490491
0.428901
0.479198
0.481081
0.463993
0.431373
0.470636
0.498435
0.507125
0.494829
0.464286
0.466565
0.495058
0.515495
0.468918
0.464368
0.443498
0.489607
0.48909
0.484127
0.482463
0.48567
0.492027
0.466823
0.468699
0.5024
0.420314
0.4942
0.451613
0.499609
0.453138
0.522353
0.369369
0.483871
0.46208
0.610294
0.476301
0.469649
0.458034
0.506299
0.503788
0.468235
0.422777
0.495942
0.526818
0.495261
0.481603
0.42963
0.461663
0.475117
0.497143
0.471273
0.473684
0.454405
0.45748
0.465278
0.453616
0.468553
0.489139
0.431783
0.495805
0.492698
0.493808
0.485648
0.458498
0.505747
0.48977
0.4952
0.440345
0.490242
0.496094
0.45628
0.427019
0.450436
0.49841
0.422987
0.493185
0.507105
0.47455
0.478992
0.485133
0.434139
0.476375
0.43612
0.44862
0.479904
0.512195
0.484387
0.457413
0.41784
0.50744
0.468775
0.478438
0.474604
0.486528
0.521549
0.452592
0.478465
0.506098
0.479528
0.513404
0.461044
0.456981
0.468454
0.477829
0.5088
0.487708
0.479575
0.430577
0.439745
0.458021
0.485238
0.491325
0.486334
0.48913
0.442278
0.479592
0.45581
0.496142
0.513688
0.4624
0.487236
0.48056
0.473934
0.470679
0.512138
0.490881
0.455235
0.476003
0.440092
0.470224
0.440586
0.506635
0.445669
0.449367
0.461661
0.462541
0.480904
0.430966
0.456522
0.476154
0.507985
0.469027
0.448807
0.419554
0.458594
0.418462
0.44252
0.491023
0.450839
0.442188
0.451278
0.484609
0.428687
0.477477
0.460031
0.488391
0.496044
0.483095
0.48153
0.479719
0.469814
0.466613
0.509677
0.495862
0.484022
0.403698
0.509174
0.489007
0.446345
0.487461
0.463792
0.481908
0.45384
0.457166
0.487302
0.442382
0.417498
0.485938
0.428906
0.482482
0.461789
0.521773
0.48
0.504988
0.501979
0.47102
0.460142
0.475155
0.502358
0.466258
0.476153
0.500372
0.470636
0.497216
0.492044
0.485981
0.508929
0.489922
0.512741
0.480874
0.439683
0.476763
0.425532
0.476113
0.493426
0.437934
0.460908
0.471698
0.486122
0.513866
0.480278
0.420411
0.447452
0.476006
0.472727
0.455052
0.519953
0.474717
0.494479
0.497706
0.534568
0.491042
0.524922
0.455414
0.474688
0.450357
0.52576
0.451663
0.48626
0.495726
0.528158
0.476874
0.483821
0.464953
0.473525
0.497667
0.473228
0.498836
0.474145
0.443412
0.46252
0.477308
0.470728
0.476852
0.4623
0.493216
0.497942
0.477124
0.448889
0.443291
0.479874
0.438583
0.432602
0.515267
0.469553
0.405034
0.510204
0.515885
0.480844
0.432847
0.476974
0.506923
0.461255
0.46942
0.498415
0.453552
0.492707
0.493421
0.468801
0.412873
0.466317
0.505163
0.470588
0.452363
0.477707
0.50509
0.483471
0.442575
0.462835
0.479326
0.46981
0.488645
0.453237
0.483871
0.496476
0.486528
0.493023
0.472328
0.421136
0.459752
0.492993
0.433725
0.4318
0.500801
0.498856
0.469685
0.473849
0.491358
0.512234
0.421096
0.455081
0.47504
0.507974
0.470774
0.471087
0.469937
0.446725
0.431987
0.458533
0.455019
0.461293
0.454755
0.469916
0.488627
0.44963
0.444138
0.442219
0.479592
0.466463
0.503776
0.473488
0.47054
0.494886
0.416734
0.49376
0.461897
0.472656
0.496459
0.477601
0.484434
0.469165
0.503956
0.484362
0.466461
0.485235
0.454336
0.495298
0.476515
0.483969
0.457053
0.468774
0.480096
0.480693
0.49454
0.528468
0.461303
0.494118
0.466403
0.486166
0.505155
0.475958
0.470046
0.486486
0.475194
0.494322
0.510158
0.456639
0.50197
0.507451
0.459799
0.42915
0.472527
0.499619
0.492641
0.477869
0.469183
0.477114
0.47068
0.48695
0.446708
0.46563
0.503195
0.500766
0.500666
0.470224
0.487786
0.4659
0.455329
0.454259
0.489147
0.44722
0.454755
0.498107
0.490377
0.487649
0.494244
0.500759
0.471417
0.450906
0.483465
0.48059
0.462803
0.401239
0.492618
0.487138
0.461004
0.463516
0.456639
0.435019
0.482055
0.471726
0.508184
0.47464
0.491393
0.491158
0.414672
0.486378
0.479782
0.501506
0.453243
0.478599
0.470008
0.48609
0.47205
0.472813
0.474398
0.454883
0.444882
0.500384
0.503077
0.446178
0.454756
0.464093
0.47541
0.450472
0.498851
0.493789
0.514173
0.510506
0.381141
0.458234
0.464257
0.474453
0.466823
0.388844
0.566879
0.467194
0.477682
0.467187
0.485259
0.492424
0.453901
0.46697
0.468475
0.48951
0.480614
0.467543
0.475728
0.474268
0.45553
0.511905
0.467483
0.470072
0.490938
0.435435
0.441154
0.462036
0.479662
0.466562
0.485259
0.513514
0.50228
0.449343
0.476592
0.455026
0.396094
0.50316
0.480861
0.481181
0.470769
0.467912
0.395883
0.410671
0.507188
0.480094
0.501157
0.471132
0.439818
0.49166
0.459652
0.480707
0.508554
0.508271
0.475058
0.479139
0.493865
0.442779
0.505809
0.42575
0.468903
0.486101
0.509804
0.475294
0.486726
0.422624
0.482087
0.486891
0.453112
0.452249
0.440124
0.425613
0.459627
0.478428
0.44602
0.441221
0.469183
0.500387
0.461835
0.452434
0.509077
0.47293
0.477564
0.449649
0.450199
0.443656
0.485445
0.501925
0.423529
0.436392
0.46253
0.42224
0.484754
0.469146
0.479631
0.478588
0.462191
0.478862
0.497682
0.471729
0.480663
0.492369
0.511792
0.433934
0.499241
0.502895
0.484363
0.483974
0.509188
0.444795
0.462639
0.469265
0.466558
0.474922
0.487732
0.475058
0.483516
0.48289
0.476329
0.52439
0.456809
0.426026
0.445802
0.448807
0.5
0.489243
0.495666
0.421938
0.505703
0.45933
0.498512
0.376877
0.447224
0.460919
0.474104
0.494582
0.475591
0.47027
0.458045
0.484496
0.489362
0.439357
0.489114
0.508222
0.481424
0.469308
0.487844
0.469756
0.49427
0.48
0.514762
0.461115
0.468266
0.495066
0.482478
0.487597
0.444864
0.514465
0.473016
0.489329
0.504926
0.475502
0.443932
0.488483
0.481283
0.49844
0.481061
0.501616
0.477003
0.480741
0.468433
0.464151
0.479495
0.486614
0.476375
0.380839
0.48628
0.521361
0.436033
0.417311
0.493878
0.418951
0.501488
0.480194
0.462862
0.454787
0.467502
0.452342
0.45098
0.482477
0.458167
0.513268
0.503876
0.481791
0.493457
0.475638
0.480645
0.473163
0.45114
0.447536
0.518577
0.448441
0.400331
0.477778
0.500695
0.423502
0.51049
0.498024
0.482318
0.450114
0.464834
0.475448
0.48065
0.444615
0.467297
0.433384
0.451639
0.480826
0.455538
0.462628
0.490244
0.482143
0.456454
0.490323
0.463224
0.50591
0.411033
0.466769
0.513382
0.491739
0.490581
0.440316
0.479871
0.489844
0.482549
0.465262
0.481633
0.484942
0.517268
0.459135
0.471311
0.47652
0.461916
0.509132
0.449772
0.49064
0.495686
0.493046
0.473599
0.537949
0.481804
0.47527
0.47562
0.417618
0.474186
0.47316
0.44948
0.42406
0.485981
0.498471
0.504928
0.437304
0.406224
0.485179
0.483077
0.40997
0.473086
0.512327
0.497409
0.369992
0.513117
0.510569
0.469237
0.476959
0.462559
0.444264
0.460094
0.48043
0.476735
0.491023
0.506116
0.465079
0.431373
0.466309
0.491446
0.481453
0.50509
0.483713
0.504615
0.486466
0.486611
0.477201
0.46902
0.46635
0.426217
0.450306
0.4736
0.452771
0.529114
0.496011
0.451589
0.476816
0.465926
0.507498
0.482595
0.478985
0.511043
0.470262
0.506533
0.464822
0.477114
0.466985
0.480602
0.431907
0.4662
0.488998
0.448221
0.459439
0.448441
0.490431
0.434568
0.427663
0.467147
0.479084
0.48071
0.421012
0.465721
0.473469
0.477803
0.479365
0.447574
0.496573
0.471354
0.510989
0.467176
0.455598
0.46748
0.47482
0.459893
0.514394
0.43876
0.462264
0.488581
0.490734
0.476265
0.465764
0.421094
0.479656
0.490837
0.51145
0.46875
0.479245
0.495406
0.450575
0.465918
0.510943
0.424477
0.490654
0.423465
0.472435
0.503195
0.527778
0.478261
0.427764
0.476726
0.45986
0.49728
0.465172
0.485117
0.500382
0.442662
0.506173
0.455378
0.491184
0.389482
0.479134
0.494599
0.478094
0.463902
0.523419
0.498494
0.451011
0.487062
0.464591
0.442188
0.428908
0.495713
0.485025
0.472656
0.461349
0.457317
0.472179
0.484277
0.486339
0.492695
0.499615
0.471842
0.478296
0.449088
0.465517
0.448948
0.540746
0.467897
0.484022
0.475058
0.449424
0.480922
0.502333
0.475813
0.458967
0.438543
0.482549
0.465854
0.503044
0.450079
0.495522
0.454198
0.506444
0.462198
0.44841
0.469048
0.499398
0.477912
0.494243
0.467808
0.504608
0.481572
0.432157
0.485429
0.474856
0.486998
0.442443
0.469325
0.448885
0.475397
0.497642
0.47736
0.524027
0.504195
0.506955
0.485093
0.464286
0.495343
0.490515
0.440794
0.459671
0.457547
0.466042
0.509638
0.460955
0.443435
0.502333
0.488391
0.513622
0.444529
0.490015
0.381061
0.508501
0.486047
0.508146
0.435019
0.450531
0.465062
0.496899
0.500375
0.485782
0.483418
0.442857
0.485222
0.457028
0.445306
0.46087
0.500377
0.469156
0.471429
0.402913
0.479505
0.463487
0.464286
0.482408
0.478056
0.50375
0.458716
0.477129
0.413094
0.466821
0.440389
0.450077
0.496782
0.494253
0.462848
0.485202
0.4722
0.493464
0.477222
0.513008
0.495994
0.505976
0.42257
0.491325
0.484022
0.48065
0.51971
0.470405
0.494531
0.376768
0.471256
0.494497
0.372948
0.460546
0.498549
0.497664
0.465581
0.417792
0.459029
0.492466
0.477964
0.491373
0.510173
0.509294
0.501235
0.424293
0.469243
0.525984
0.442057
0.490223
0.475117
0.482732
0.514442
0.402262
0.474339
0.373016
0.476268
0.469194
0.434572
0.485149
0.483428
0.480063
0.489691
0.473277
0.500781
0.494444
0.468199
0.450416
0.479485
0.466456
0.499623
0.477145
0.493192
0.477778
0.491633
0.417384
0.48928
0.494934
0.437807
0.446741
0.488532
0.4722
0.508434
0.504819
0.435237
0.48906
0.487521
0.479389
0.454327
0.49239
0.467585
0.462236
0.47668
0.409977
0.478117
0.441223
0.38438
0.453517
0.506651
0.4496
0.523474
0.48628
0.484872
0.469097
0.473359
0.492777
0.477119
0.532544
0.492641
0.506688
0.472422
0.478473
0.462848
0.463285
0.429777
0.483346
0.389073
0.482436
0.487382
0.482183
0.436773
0.402607
0.509511
0.504739
0.496166
0.49272
0.483268
0.403799
0.435791
0.437037
0.498087
0.503231
0.433058
0.458776
0.415373
0.460931
0.495561
0.448669
0.49409
0.494331
0.439516
0.462481
0.486983
0.491161
0.415556
0.488483
0.48591
0.479876
0.487421
0.433662
0.457143
0.47516
0.467464
0.396226
0.454396
0.486025
0.481957
0.45184
0.48036
0.487138
0.474203
0.494532
0.442573
0.483607
0.482115
0.517134
0.413661
0.471637
0.464119
0.454333
0.472116
0.529813
0.460769
0.486852
0.481003
0.485737
0.466142
0.492366
0.486692
0.490566
0.44186
0.471769
0.496992
0.490465
0.487362
0.457923
0.505344
0.4623
0.434551
0.458967
0.502344
0.503894
0.469053
0.496536
0.482412
0.444444
0.494656
0.470724
0.454829
0.497342
0.47218
0.450472
0.479073
0.501597
0.435065
0.469068
0.513889
0.457097
0.471061
0.494043
0.474235
0.4814
0.459588
0.505185
0.480315
0.487226
0.532699
0.418951
0.52648
0.453689
0.475423
0.485305
0.453768
0.466397
0.507558
0.498803
0.484672
0.48054
0.497207
0.508287
0.513661
0.497529
0.474097
0.489181
0.464344
0.480243
0.473004
0.493457
0.474151
0.501565
0.458795
0.497989
0.479332
0.446875
0.510638
0.492181
0.4377
0.454118
0.515929
0.518721
0.418457
0.508642
0.494424
0.495589
0.495215
0.461596
0.443252
0.445432
0.457923
0.411991
0.498067
0.498824
0.495706
0.498072
0.459969
0.491841
0.50191
0.444271
0.449506
0.410355
0.483619
0.499608
0.450966
0.491667
0.452632
0.499608
0.450637
0.46519
0.504176
0.483896
0.445661
0.444355
0.485212
0.504157
0.492224
0.464371
0.454774
0.466262
0.4675
0.472388
0.524143
0.415615
0.492026
0.451768
0.452946
0.440957
0.466615
0.414692
0.433306
0.478193
0.464536
0.492502
0.481928
0.468441
0.468498
0.470908
0.501148
0.50315
0.430308
0.50641
0.500799
0.496875
0.44694
0.451588
0.489474
0.481423
0.476726
0.456325
0.430308
0.465944
0.462889
0.499183
0.448385
0.45411
0.449618
0.435508
0.47447
0.498075
0.436335
0.513783
0.487376
0.44289
0.47093
0.426905
0.464711
0.466003
0.502358
0.50885
0.481651
0.478626
0.484187
0.491004
0.50528
0.450872
0.498514
0.488441
0.486903
0.431929
0.438474
0.494886
0.461717
0.428794
0.435636
0.456723
0.493907
0.48978
0.504525
0.466718
0.510125
0.483077
0.492039
0.49881
0.389525
0.506073
0.475255
0.496437
0.511787
0.512879
0.497138
0.469213
0.484375
0.469928
0.496257
0.448105
0.455927
0.377313
0.463757
0.464422
0.515008
0.486253
0.500385
0.465378
0.463394
0.482535
0.50384
0.471452
0.432243
0.480156
0.510949
0.488501
0.484801
0.499415
0.48591
0.486792
0.44
0.461059
0.487824
0.460516
0.464754
0.503662
0.474074
0.444258
0.497242
0.460666
0.478588
0.442113
0.489703
0.477119
0.468531
0.478088
0.44166
0.426957
0.484267
0.446953
0.483137
0.526059
0.493902
0.522293
0.435754
0.486334
0.481852
0.445661
0.462064
0.484018
0.47557
0.453846
0.482315
0.496189
0.479871
0.475448
0.488121
0.481394
0.486747
0.484649
0.485437
0.428908
0.470219
0.480754
0.433281
0.489591
0.488281
0.482343
0.49505
0.360604
0.470266
0.458589
0.472305
0.50426
0.48053
0.478884
0.470219
0.48567
0.452786
0.447328
0.475358
0.477329
0.497242
0.436102
0.482075
0.478193
0.451768
0.387352
0.512788
0.524701
0.488871
0.448707
0.460241
0.455521
0.428003
0.438554
0.496875
0.485959
0.495706
0.391687
0.442097
0.455635
0.492925
0.471868
0.461599
0.50737
0.493354
0.474251
0.428243
0.47012
0.488906
0.457976
0.460537
0.481086
0.402905
0.497342
0.41475
0.470833
0.444354
0.493661
0.495012
0.475559
0.465504
0.421941
0.497611
0.486572
0.410431
0.41918
0.51296
0.502754
0.478227
0.484568
0.506231
0.492718
0.458301
0.488959
0.514263
0.433032
0.454962
0.498064
0.468085
0.477712
0.487013
0.454204
0.487023
0.480106
0.454404
0.470309
0.449499
0.363636
0.433096
0.499613
0.48564
0.50211
0.516784
0.50952
0.52085
0.462016
0.438783
0.451341
0.513023
0.461124
0.502767
0.47393
0.459534
0.430807
0.452874
0.491844
0.449357
0.502018
0.467754
0.45462
0.485867
0.452044
0.498459
0.451689
0.470921
0.4832
0.459716
0.491026
0.454618
0.510131
0.476307
0.488226
0.458537
0.465347
0.485086
0.518341
0.380444
0.457708
0.451687
0.483845
0.466977
0.476494
0.446457
0.473966
0.485149
0.514397
0.466309
0.414378
0.491422
0.497656
0.500751
0.496063
0.519685
0.446759
0.482622
0.488693
0.459281
0.510813
0.485849
0.504673
0.469676
0.470353
0.46858
0.487326
0.477588
0.46702
0.442172
0.499628
0.472892
0.512081
0.497031
0.471448
0.507282
0.486066
0.512214
0.514533
0.455265
0.499614
0.505351
0.479005
0.49159
0.470866
0.478681
0.469992
0.42408
0.498366
0.487862
0.492357
0.472089
0.452328
0.455917
0.513812
0.512977
0.499194
0.496201
0.493216
0.510143
0.464711
0.451341
0.489844
0.475667
0.464754
0.527216
0.477165
0.467391
0.514774
0.426316
0.469898
0.456504
0.465262
0.447552
0.431433
0.45283
0.477947
0.428118
0.493213
0.490536
0.479032
0.467131
0.445113
0.452786
0.447715
0.443997
0.460925
0.454617
0.48142
0.486446
0.475264
0.464878
0.409273
0.464425
0.483491
0.5425
0.395122
0.505538
0.487099
0.468616
0.424508
0.464428
0.509646
0.473844
0.487118
0.476306
0.470852
0.49922
0.43609
0.471937
0.466189
0.424903
0.505783
0.517007
0.478469
0.517551
0.459067
0.4928
0.459135
0.480064
0.464768
0.481684
0.413353
0.457813
0.507291
0.453912
0.50854
0.443358
0.472435
0.477786
0.484615
0.406907
0.493077
0.480831
0.46906
0.47054
0.507842
0.488177
0.450039
0.486531
0.489607
0.470636
0.467391
0.476763
0.4342
0.441152
0.486894
0.463682
0.477805
0.490769
0.479746
0.444792
0.476671
0.48059
0.449768
0.484677
0.498809
0.473993
0.483164
0.5
0.48951
0.497642
0.438569
0.485399
0.490008
0.493902
0.462382
0.535211
0.479782
0.496471
0.488663
0.486801
0.493088
0.428348
0.485271
0.476708
0.485968
0.502848
0.497671
0.412577
0.470681
0.490287
0.484568
0.456365
0.485871
0.448071
0.494136
0.44664
0.448598
0.428237
0.432351
0.455766
0.478666
0.486989
0.46902
0.489311
0.457317
0.521523
0.474632
0.477379
0.482563
0.499602
0.518785
0.485093
0.478159
0.506698
0.45433
0.459042
0.509835
0.479798
0.495766
0.485202
0.482545
0.480887
0.496845
0.454958
0.494949
0.475371
0.510931
0.480551
0.477795
0.500373
0.490491
0.48151
0.436846
0.469907
0.460822
0.414125
0.470953
0.450122
0.45188
0.480278
0.44
0.513577
0.419536
0.508894
0.512663
0.474311
0.458034
0.464511
0.504777
0.474016
0.488284
0.461475
0.487649
0.441129
0.497959
0.494894
0.504139
0.484965
0.445935
0.455696
0.462921
0.506568
0.421171
0.454688
0.501629
0.461905
0.535623
0.457831
0.483942
0.428924
0.505076
0.479911
0.493894
0.460792
0.503876
0.477918
0.498072
0.423703
0.471003
0.451411
0.476341
0.408492
0.492375
0.4879
0.478403
0.470032
0.451639
0.499604
0.445232
0.465829
0.486424
0.517923
0.481529
0.521569
0.463314
0.410501
0.502481
0.500816
0.488213
0.468134
0.480217
0.483465
0.490354
0.464172
0.45405
0.454106
0.473538
0.482535
0.488202
0.464591
0.536439
0.419157
0.520432
0.490755
0.500775
0.515152
0.503574
0.435472
0.482226
0.451122
0.481712
0.466142
0.44043
0.443922
0.447648
0.443567
0.478906
0.486101
0.497268
0.46355
0.515366
0.483084
0.42526
0.49771
0.481597
0.484873
0.49843
0.505435
0.490211
0.50116
0.487747
0.461356
0.424267
0.493487
0.518927
0.491339
0.513962
0.494364
0.505034
0.438531
0.500402
0.470635
0.488152
0.496224
0.456656
0.472769
0.467255
0.491763
0.431325
0.476886
0.537102
0.479608
0.490066
0.455951
0.451134
0.475117
0.463281
0.476305
0.504045
0.512177
0.468137
0.438462
0.472984
0.4838
0.480064
0.451152
0.447605
0.447634
0.470443
0.458529
0.50078
0.49064
0.490712
0.449808
0.48015
0.488335
0.479464
0.478397
0.461909
0.462331
0.458687
0.480892
0.42
0.461044
0.492138
0.427903
0.491654
0.462918
0.468003
0.466122
0.476071
0.456618
0.488457
0.497171
0.517321
0.490196
0.499353
0.488669
0.436137
0.47012
0.534884
0.447597
0.4922
0.487981
0.469756
0.462992
0.495283
0.428571
0.506988
0.487728
0.502614
0.466288
0.488556
0.489445
0.493538
0.486156
0.477236
0.466148
0.510285
0.463629
0.475552
0.441667
0.439267
0.483372
0.486781
0.428686
0.445055
0.456031
0.459377
0.490552
0.489543
0.476494
0.526316
0.486296
0.490344
0.455738
0.488049
0.507428
0.45787
0.473767
0.500652
0.488354
0.466885
0.505547
0.464067
0.475788
0.461854
0.488803
0.50119
0.479183
0.457907
0.477918
0.423482
0.429365
0.444268
0.506425
0.433992
0.439535
0.506726
0.470726
0.459417
0.47562
0.528271
0.498816
0.501534
0.439024
0.475059
0.472441
0.436533
0.448142
0.491867
0.503072
0.477124
0.474602
0.471609
0.498483
0.498387
0.488462
0.491352
0.483419
0.49
0.481366
0.483541
0.470499
0.56383
0.490181
0.418909
0.447327
0.510236
0.479167
0.463691
0.466823
0.486963
0.495312
0.500388
0.451765
0.493966
0.481873
0.508563
0.441154
0.432328
0.431856
0.427487
0.480571
0.448996
0.489715
0.472629
0.453364
0.462432
0.469992
0.520997
0.496409
0.44745
0.511076
0.501141
0.491876
0.454834
0.426949
0.417514
0.460184
0.429825
0.480769
0.461851
0.468774
0.487597
0.480447
0.493426
0.486025
0.484965
0.466563
0.416533
0.482234
0.482682
0.498096
0.474463
0.457536
0.492958
0.494346
0.468831
0.503876
0.466926
0.464422
0.473077
0.48332
0.431644
0.46142
0.465805
0.494753
0.493888
0.44795
0.500392
0.481434
0.499616
0.482527
0.466565
0.469213
0.491129
0.523548
0.483084
0.498747
0.496368
0.462528
0.425136
0.5271
0.493807
0.471683
0.455453
0.5075
0.365741
0.405809
0.453186
0.4858
0.453052
0.469592
0.475884
0.440868
0.48151
0.471574
0.45503
0.432597
0.456799
0.49232
0.493249
0.458065
0.51849
0.511798
0.4125
0.487407
0.482334
0.469146
0.48928
0.470904
0.492251
0.45614
0.50458
0.490881
0.50916
0.485818
0.487179
0.459416
0.504155
0.450388
0.475498
0.488335
0.486559
0.454323
0.46798
0.48722
0.460268
0.483645
0.50335
0.452583
0.480724
0.491184
0.479266
0.468085
0.48285
0.400626
0.475
0.5
0.507317
0.460368
0.518337
0.457792
0.481947
0.502308
0.501595
0.505013
0.487929
0.4674
0.480309
0.479551
0.4488
0.490347
0.478979
0.48319
0.471318
0.49349
0.469388
0.479268
0.481197
0.402669
0.512442
0.523029
0.49491
0.432917
0.500367
0.481022
0.469126
0.482428
0.486017
0.485989
0.462628
0.477349
0.444181
0.476301
0.439807
0.458202
0.483103
0.455793
0.445855
0.471609
0.492013
0.483796
0.477429
0.490706
0.435496
0.520807
0.475969
0.4856
0.439655
0.48871
0.440559
0.42891
0.459417
0.485171
0.482253
0.481937
0.469954
0.49532
0.492219
0.511658
0.462323
0.469183
0.476864
0.475472
0.495911
0.371103
0.490826
0.488372
0.438665
0.453647
0.480844
0.473923
0.506098
0.478862
0.506838
0.49505
0.509077
0.46225
0.448142
0.492038
0.521918
0.477035
0.473975
0.48247
0.479313
0.447917
0.406672
0.423166
0.485581
0.455825
0.487043
0.445034
0.454475
0.475874
0.463102
0.468222
0.44583
0.452623
0.487956
0.469048
0.500375
0.447627
0.51284
0.477419
0.506425
0.486188
0.437692
0.472705
0.468285
0.44
0.495246
0.442105
0.468344
0.492754
0.442415
0.447005
0.493789
0.464865
0.488114
0.452077
0.420336
0.457951
0.491429
0.458164
0.487678
0.459003
0.475819
0.45843
0.477883
0.495124
0.466937
0.473059
0.54902
0.494253
0.486969
0.444094
0.524096
0.479656
0.463025
0.47981
0.474389
0.471669
0.50774
0.46979
0.462103
0.463174
0.472422
0.446656
0.43295
0.470732
0.489311
0.486772
0.420149
0.464734
0.489478
0.452193
0.512116
0.486822
0.462451
0.454403
0.460473
0.503586
0.501215
0.458459
0.49239
0.504615
0.432847
0.504108
0.452285
0.476012
0.46815
0.449534
0.481975
0.503609
0.45799
0.478535
0.525034
0.485518
0.520867
0.502839
0.483232
0.416935
0.482706
0.423077
0.487452
0.39834
0.433642
0.43446
0.500779
0.383634
0.462675
0.504065
0.4994
0.475304
0.451797
0.483717
0.459069
0.465046
0.475806
0.453704
0.501148
0.46463
0.451104
0.487199
0.493406
0.455406
0.493012
0.469466
0.473312
0.48539
0.478097
0.480122
0.491023
0.463415
0.429941
0.479377
0.506635
0.470544
0.499609
0.473599
0.50528
0.375
0.49288
0.441406
0.500373
0.490654
0.499205
0.469968
0.471963
0.459646
0.495666
0.463396
0.472502
0.499258
0.476038
0.471683
0.505303
0.427692
0.498048
0.492025
0.489327
0.5
0.427215
0.469898
0.473118
0.478225
0.515602
0.434178
0.469804
0.488336
0.429234
0.475862
0.514005
0.470855
0.49327
0.362515
0.509758
0.527446
0.495792
0.434127
0.501195
0.47731
0.466221
0.493927
0.505452
0.469116
0.493865
0.47545
0.444169
0.505452
0.456207
0.448361
0.494754
0.411179
0.498011
0.467868
0.489494
0.463622
0.480447
0.487877
0.491966
0.49572
0.458952
0.49127
0.439791
0.439904
0.459459
0.492857
0.514218
0.489045
0.510093
0.514403
0.501572
0.510826
0.509222
0.498005
0.487539
0.502366
0.455259
0.491829
0.491308
0.495805
0.529134
0.450196
0.475535
0.455113
0.45
0.464948
0.499593
0.385457
0.451737
0.46112
0.485069
0.456911
0.460829
0.421725
0.488681
0.493045
0.498384
0.51963
0.470998
0.46942
0.481781
0.494942
0.504446
0.468441
0.510903
0.483898
0.436688
0.464258
0.475649
0.449922
0.503412
0.478632
0.436275
0.465409
0.492366
0.493377
0.512801
0.44724
0.478593
0.482679
0.482169
0.498428
0.484736
0.481215
0.462382
0.494615
0.432343
0.478049
0.492147
0.477936
0.424637
0.428455
0.490783
0.480716
0.504724
0.436968
0.432872
0.415447
0.489796
0.487119
0.508488
0.494957
0.499608
0.457098
0.486801
0.461835
0.471264
0.466418
0.49921
0.45701
0.456621
0.424521
0.513834
0.513739
0.479968
0.515012
0.48325
0.46467
0.435348
0.478049
0.465701
0.509709
0.501563
0.514601
0.508772
0.440213
0.438679
0.47144
0.465819
0.460094
0.483896
0.476003
0.48059
0.47524
0.485623
0.486656
0.449074
0.44943
0.473392
0.503407
0.50304
0.461841
0.456771
0.477064
0.493818
0.418568
0.465789
0.500393
0.490536
0.508407
0.401621
0.454976
0.43126
0.427581
0.508447
0.444071
0.46208
0.483121
0.497346
0.438897
0.457229
0.533386
0.435055
0.499601
0.401527
0.443725
0.517401
0.461243
0.463665
0.483746
0.471698
0.493161
0.492936
0.498801
0.445476
0.506615
0.495342
0.496914
0.483372
0.503115
0.482129
0.50269
0.435208
0.484756
0.459091
0.42436
0.487055
0.468931
0.489033
0.495518
0.478227
0.471383
0.476336
0.436738
0.412322
0.444186
0.503597
0.466564
0.432515
0.458034
0.499244
0.469626
0.467804
0.524485
0.476684
0.483137
0.388797
0.470732
0.482645
0.459377
0.434677
0.406032
0.507258
0.49491
0.51681
0.462986
0.466616
0.485889
0.502294
0.446457
0.479231
0.473392
0.460568
0.51371
0.450079
0.434368
0.482325
0.475
0.501992
0.43943
0.446456
0.4784
0.496013
0.475667
0.470085
0.489938
0.464341
0.470722
0.470939
0.484756
0.461235
0.440627
0.490566
0.471668
0.484301
0.446457
0.406467
0.478764
0.452344
0.457986
0.481369
0.466561
0.480693
0.482183
0.449057
0.488906
0.511628
0.466563
0.418509
0.478927
0.5
0.508861
0.515273
0.466565
0.439778
0.474838
0.456221
0.478939
0.44969
0.46875
0.495283
0.43594
0.47073
0.478487
0.478397
0.521909
0.464314
0.426471
0.487715
0.441107
0.484733
0.486231
0.489023
0.471302
0.508772
0.5
0.466461
0.469663
0.413197
0.491308
0.422601
0.49691
0.476816
0.430863
0.520061
0.493182
0.446809
0.49005
0.49889
0.504732
0.479266
0.469256
0.498812
0.475705
0.502767
0.391167
0.478013
0.444018
0.453809
0.452932
0.490284
0.461128
0.456099
0.485736
0.524617
0.480346
0.48
0.495779
0.475591
0.511024
0.459889
0.496088
0.445957
0.487219
0.431404
0.497645
0.471264
0.508009
0.445669
0.484561
0.497041
0.4215
0.45339
0.451467
0.49881
0.439847
0.48565
0.485185
0.498854
0.492683
0.47605
0.464639
0.51735
0.504658
0.496057
0.469745
0.457547
0.42728
0.513413
0.492224
0.480539
0.451321
0.452239
0.476726
0.479102
0.503082
0.503981
0.483832
0.427773
0.499617
0.47644
0.48059
0.467252
0.463035
0.474576
0.495874
0.491817
0.457506
0.512921
0.45743
0.455871
0.457708
0.495886
0.453426
0.440744
0.483613
0.459499
0.504658
0.476452
0.385039
0.411348
0.477346
0.458079
0.494665
0.523773
0.47068
0.455838
0.466195
0.443498
0.492236
0.483268
0.44556
0.445968
0.499607
0.46118
0.475113
0.434884
0.504587
0.443235
0.486296
0.509346
0.505783
0.462862
0.471858
0.429589
0.469771
0.503679
0.498061
0.424689
0.501107
0.45955
0.459854
0.472179
0.533965
0.50761
0.491726
0.491443
0.505004
0.502758
0.457028
0.432789
0.498615
0.464834
0.388106
0.505102
0.474265
0.474643
0.472784
0.477064
0.520186
0.484295
0.442736
0.499209
0.40518
0.494262
0.474408
0.469945
0.417618
0.429032
0.469945
0.51446
0.475262
0.465385
0.490451
0.381378
0.46225
0.429664
0.465135
0.455259
0.479879
0.434929
0.491023
0.497346
0.479879
0.465753
0.454132
0.48328
0.44587
0.508642
0.463339
0.504234
0.444954
0.492788
0.409548
0.432292
0.543902
0.522936
0.471952
0.478053
0.420142
0.505155
0.454256
0.474535
0.481132
0.409629
0.478226
0.474534
0.517073
0.454246
0.475309
0.466049
0.472222
0.485603
0.508607
0.449714
0.477692
0.464531
0.452181
0.459003
0.502839
0.503205
0.466342
0.507143
0.458878
0.476346
0.498863
0.465544
0.492357
0.492765
0.485938
0.479936
0.48978
0.505582
0.470229
0.442835
0.513344
0.449159
0.468998
0.492582
0.465419
0.500385
0.4763
0.487981
0.475932
0.47736
0.442424
0.49066
0.478749
0.492369
0.473288
0.469356
0.473849
0.479167
0.476606
0.466406
0.456734
0.516746
0.47233
0.47397
0.441699
0.483025
0.448598
0.473235
0.484202
0.467754
0.482544
0.496414
0.444958
0.458771
0.504966
0.469213
0.458525
0.47759
0.46902
0.443673
0.479782
0.483794
0.497678
0.484848
0.449775
0.486635
0.494648
0.45581
0.44326
0.497259
0.437596
0.521127
0.43865
0.459043
0.485282
0.458841
0.498423
0.487388
0.494099
0.462085
0.453696
0.442353
0.452785
0.441653
0.478537
0.461652
0.482732
0.450038
0.510377
0.480984
0.495019
0.441773
0.503226
0.466403
0.435285
0.441243
0.504644
0.49142
0.473019
0.509909
0.480874
0.485558
0.465228
0.441336
0.483137
0.522104
0.483558
0.457614
0.515224
0.484615
0.497423
0.446313
0.462595
0.51425
0.4583
0.482759
0.476628
0.448462
0.5
0.510128
0.487334
0.497699
0.508908
0.482549
0.496493
0.485282
0.443137
0.503115
0.492936
0.486739
0.49961
0.459459
0.467729
0.470046
0.484921
0.478226
0.494191
0.488019
0.499587
0.503771
0.489174
0.418735
0.483438
0.485117
0.493497
0.476628
0.479649
0.488249
0.470126
0.437842
0.43872
0.488281
0.505976
0.523846
0.477403
0.492991
0.48913
0.484544
0.489827
0.471919
0.488716
0.468051
0.492236
0.491686
0.507154
0.490938
0.457652
0.503125
0.465785
0.466121
0.41256
0.503106
0.414894
0.473768
0.482517
0.466042
0.479183
0.5
0.465221
0.45553
0.481538
0.503026
0.513037
0.496166
0.490421
0.493798
0.440124
0.487938
0.507429
0.504382
0.48043
0.442429
0.436878
0.483997
0.461124
0.465625
0.494118
0.506153
0.453828
0.45405
0.458333
0.466206
0.483796
0.503597
0.460692
0.500804
0.417898
0.523659
0.471668
0.476606
0.481746
0.488663
0.468033
0.506677
0.508449
0.439904
0.442748
0.48481
0.483155
0.500818
0.465339
0.5
0.441935
0.5
0.48824
0.484262
0.505335
0.506359
0.46463
0.482143
0.487566
0.48761
0.475535
0.517504
0.471417
0.470916
0.466717
0.489639
0.497533
0.502758
0.475
0.483031
0.472435
0.46566
0.470036
0.51954
0.459608
0.475795
0.461356
0.479528
0.476599
0.48986
0.456327
0.447957
0.468404
0.486706
0.412178
0.488764
0.51241
0.504
0.459936
0.485126
0.492151
0.444988
0.520393
0.470224
0.482484
0.483374
0.476821
0.484667
0.448687
0.489762
0.475397
0.468629
0.416203
0.493119
0.475078
0.490881
0.488038
0.458368
0.5
0.460646
0.516562
0.435976
0.446825
0.474563
0.437112
0.465116
0.504988
0.486842
0.462652
0.473643
0.467954
0.460245
0.489485
0.456656
0.508842
0.506192
0.46569
0.489086
0.481424
0.42197
0.483871
0.427711
0.482315
0.440755
0.496443
0.460338
0.478168
0.44164
0.502762
0.444444
0.477043
0.416228
0.491256
0.472159
0.489478
0.49294
0.480602
0.491909
0.482213
0.501169
0.46988
0.493134
0.469489
0.417278
0.49961
0.454684
0.520472
0.447581
0.418423
0.467089
0.463823
0.49376
0.445295
0.503096
0.484243
0.520325
0.38733
0.507335
0.540574
0.448303
0.498089
0.485736
0.440352
0.492526
0.476612
0.453988
0.512397
0.445552
0.50768
0.471049
0.492765
0.507667
0.497368
0.434679
0.446688
0.485329
0.472393
0.457774
0.50358
0.457249
0.458459
0.445122
0.442429
0.487239
0.46672
0.482812
0.496136
0.492958
0.465544
0.497883
0.490362
0.49728
0.444704
0.471868
0.485807
0.505469
0.483553
0.480638
0.478927
0.514041
0.506435
0.509579
0.505901
0.472447
0.456013
0.466667
0.485294
0.472741
0.490227
0.455564
0.514648
0.499586
0.468922
0.478328
0.478699
0.446741
0.48861
0.498812
0.442199
0.473382
0.436871
0.496578
0.485804
0.505122
0.482759
0.468873
0.474308
0.473565
0.475721
0.477964
0.50695
0.498793
0.441897
0.458833
0.507428
0.458937
0.453125
0.522013
0.476998
0.456837
0.499224
0.441537
0.460486
0.508397
0.476372
0.471591
0.466027
0.45817
0.471025
0.464201
0.481846
0.419771
0.510572
0.44822
0.458333
0.464497
0.479662
0.483398
0.49687
0.500781
0.478593
0.489967
0.494796
0.458434
0.484968
0.506795
0.446759
0.485117
0.427393
0.479756
0.449917
0.428571
0.477341
0.439935
0.453795
0.510204
0.459004
0.435268
0.476375
0.472453
0.452527
0.435276
0.457719
0.465686
0.474882
0.476613
0.487907
0.482841
0.455485
0.456402
0.443745
0.477308
0.459544
0.491704
0.434748
0.488145
0.480127
0.486842
0.478327
0.505864
0.496609
0.443535
0.4504
0.472659
0.503448
0.476531
0.461245
0.459502
0.452845
0.498503
0.52904
0.504938
0.48533
0.486823
0.501524
0.496368
0.48757
0.45948
0.484102
0.447523
0.489327
0.489527
0.385886
0.448657
0.489907
0.489567
0.459159
0.479608
0.488235
0.476226
0.506144
0.4915
0.486998
0.446314
0.476708
0.466253
0.487531
0.476364
0.499612
0.503448
0.493098
0.486772
0.4659
0.486347
0.44898
0.468949
0.476526
0.494582
0.458028
0.444965
0.458926
0.460199
0.438185
0.480844
0.483871
0.448026
0.462748
0.52267
0.477477
0.444778
0.434158
0.487008
0.495025
0.509494
0.417468
0.490623
0.458559
0.491115
0.472941
0.478707
0.451156
0.491896
0.458635
0.484312
0.498859
0.454948
0.48154
0.43451
0.431988
0.468101
0.445552
0.461538
0.483164
0.50194
0.503273
0.4875
0.464973
0.420279
0.49255
0.516923
0.496609
0.473193
0.482645
0.483947
0.504498
0.442443
0.496082
0.48926
0.506024
0.460232
0.428352
0.47102
0.466301
0.4922
0.452417
0.474848
0.477429
0.434918
0.487578
0.490377
0.456113
0.510654
0.485849
0.470973
0.465989
0.491437
0.471373
0.528913
0.414516
0.417378
0.503195
0.528873
0.469068
0.405556
0.435096
0.449765
0.488123
0.464687
0.477733
0.472698
0.499608
0.489907
0.484702
0.440252
0.527907
0.4768
0.419823
0.512422
0.510797
0.481536
0.512292
0.49684
0.485692
0.404082
0.48321
0.459459
0.481703
0.487038
0.488336
0.500797
0.49022
0.467046
0.450357
0.458681
0.505412
0.484177
0.470214
0.47502
0.491904
0.490196
0.431128
0.456669
0.495713
0.485921
0.500792
0.523474
0.470541
0.490536
0.460484
0.453802
0.46875
0.477043
0.447604
0.493056
0.513555
0.477307
0.497251
0.50313
0.487747
0.47882
0.471292
0.475771
0.487975
0.48053
0.440747
0.3906
0.508366
0.431387
0.438949
0.466717
0.462279
0.436306
0.46063
0.483691
0.505213
0.436738
0.458687
0.4832
0.48839
0.467638
0.457364
0.491553
0.498494
0.415338
0.499598
0.466301
0.498017
0.480724
0.457668
0.469194
0.466195
0.464084
0.457031
0.474793
0.471495
0.432534
0.520786
0.492272
0.495928
0.486992
0.475781
0.495753
0.48839
0.441558
0.493661
0.47191
0.450199
0.478064
0.466262
0.474576
0.415035
0.456969
0.451638
0.469013
0.494615
0.49691
0.5
0.505738
0.448553
0.487528
0.478625
0.468775
0.429015
0.476657
0.45678
0.511682
0.479584
0.476228
0.473235
0.484043
0.481569
0.499206
0.463657
0.480984
0.493354
0.452675
0.452289
0.462892
0.474551
0.476309
0.469592
0.45
0.496269
0.481857
0.4304
0.454844
0.454254
0.484071
0.477717
0.493958
0.504045
0.4765
0.404088
0.448583
0.488906
0.441247
0.471328
0.410423
0.448627
0.494638
0.525892
0.442997
0.446131
0.491147
0.355083
0.481283
0.514418
0.480655
0.478528
0.454201
0.454905
0.437594
0.458209
0.470262
0.489722
0.477532
0.490087
0.488284
0.457923
0.410442
0.439357
0.44702
0.435858
0.501901
0.478862
0.503045
0.463357
0.46277
0.411321
0.476378
0.486134
0.514118
0.460792
0.443173
0.475541
0.480159
0.422713
0.458763
0.491255
0.451664
0.44943
0.480784
0.500796
0.50641
0.513115
0.487259
0.464368
0.497314
0.482436
0.461911
0.50888
0.49803
0.486111
0.464062
0.470492
0.484262
0.5
0.470827
0.441385
0.472031
0.484609
0.491667
0.492709
0.487673
0.467365
0.480438
0.504511
0.471919
0.469127
0.473473
0.459289
0.487805
0.438043
0.480963
0.477612
0.496578
0.515841
0.46887
0.468266
0.40625
0.478543
0.489114
0.474724
0.510008
0.457588
0.486466
0.469898
0.483242
0.483025
0.474826
0.494453
0.449612
0.475593
0.482258
0.426932
0.471803
0.471831
0.430566
0.482428
0.476408
0.45004
0.488515
0.490609
0.467954
0.463376
0.461204
0.477484
0.415482
0.492572
0.486402
0.462287
0.478756
0.482675
0.495109
0.510726
0.475172
0.493856
0.501832
0.428685
0.477535
0.467794
0.464455
0.4792
0.455309
0.476727
0.460156
0.500391
0.432304
0.444944
0.500417
0.509403
0.478428
0.434519
0.49574
0.473725
0.489181
0.460476
0.500388
0.464711
0.461298
0.435628
0.455762
0.486111
0.504228
0.472554
0.514137
0.48062
0.444695
0.474164
0.49553
0.476826
0.476155
0.490995
0.449811
0.47191
0.506564
0.531276
